
CST,Max TemperatureF,Mean TemperatureF,Min TemperatureF,Max Dew PointF,MeanDew PointF,Min DewpointF,Max Humidity, Mean Humidity, Min Humidity, Max Sea Level PressureIn, Mean Sea Level PressureIn, Min Sea Level PressureIn, Max VisibilityMiles, Mean VisibilityMiles, Min VisibilityMiles, Max Wind SpeedMPH, Mean Wind SpeedMPH, Max Gust SpeedMPH,PrecipitationIn, CloudCover, Events, WindDirDegrees
1978-1-1,57,44,32,56,34,18,93,71,50,30.43,30.26,30.02,15,9,4,25,15,33,0.00,8,Fog-Rain,7
1978-1-2,42,34,27,24,21,17,85,65,47,30.52,30.45,30.41,20,15,10,21,14,23,0.02,4,Rain,356
1978-1-3,50,39,28,28,25,23,82,61,36,30.45,30.37,30.28,20,18,10,10,6,,0.00,3,,208
1978-1-4,60,50,39,56,43,26,90,74,58,30.31,30.21,30.12,20,12,7,12,6,,0.00,8,,170
1978-1-5,78,66,55,58,56,51,97,76,39,30.15,30.08,30.01,20,12,0,15,7,,0.00,3,Fog,218
1978-1-6,75,60,45,58,52,44,97,75,46,30.06,29.96,29.86,20,14,6,14,7,,0.00,5,Fog,214
1978-1-7,80,70,60,63,50,25,93,60,21,29.97,29.85,29.76,20,13,1,21,11,31,0.00,4,Fog,240
1978-1-8,57,47,35,35,24,5,50,38,28,30.55,30.25,29.97,20,19,10,29,20,39,0.00,0,,349
1978-1-9,44,34,25,10,3,-1,40,29,20,30.53,30.43,30.30,20,20,20,15,9,,0.00,0,,55
1978-1-10,39,34,30,22,13,8,59,40,34,30.45,30.37,30.34,20,17,15,14,11,,0.00,7,Rain,56
1978-1-11,34,32,30,29,27,21,85,82,59,30.37,30.26,30.17,15,7,2,14,10,,0.35,8,Fog-Rain,31
1978-1-12,36,34,33,31,30,29,89,85,79,30.21,30.14,30.07,10,8,4,14,10,,0.00,8,Fog,4
1978-1-13,59,46,34,34,32,30,89,68,39,30.25,30.18,30.12,15,10,4,15,10,,0.00,4,Fog,358
1978-1-14,46,39,32,33,25,21,79,59,37,30.42,30.31,30.22,20,18,15,18,10,,0.00,1,,38
1978-1-15,60,45,30,54,36,22,83,69,61,30.25,30.10,29.94,20,13,10,15,7,21,0.00,6,Rain,154
1978-1-16,71,52,32,58,46,21,90,74,42,30.21,29.92,29.79,20,14,2,31,12,37,0.38,5,Rain,258
1978-1-17,37,31,25,23,19,15,69,61,50,30.29,30.19,30.11,20,20,20,21,15,29,0.00,5,,33
1978-1-18,34,33,32,30,27,23,85,79,64,30.17,30.08,30.00,20,9,2,24,11,,0.05,8,Fog-Rain,32
1978-1-19,37,32,27,26,20,13,79,63,47,30.36,30.27,30.17,20,16,7,28,21,37,0.00,5,,351
1978-1-20,35,28,21,19,15,12,75,60,48,30.36,30.29,30.23,20,17,10,14,10,,0.00,1,,21
1978-1-21,30,27,24,25,21,18,85,77,69,30.42,30.37,30.32,15,10,3,10,6,,0.00,6,Fog-Rain,35
1978-1-22,35,30,25,27,25,23,92,83,72,30.48,30.38,30.31,10,4,0,10,7,,0.00,7,Fog-Snow,54
1978-1-23,41,36,30,37,32,27,89,86,82,30.33,30.16,30.01,10,3,0,7,6,,0.01,8,Fog-Rain,49
1978-1-24,51,45,39,46,41,37,93,86,74,29.98,29.84,29.72,15,5,0,17,4,,0.00,8,Fog,35
1978-1-25,54,46,35,37,26,18,80,52,25,30.12,29.92,29.81,20,19,10,34,16,48,0.00,3,Rain,321
1978-1-26,46,37,28,22,15,8,67,45,25,30.35,30.23,30.12,20,20,20,17,8,,0.00,1,,72
1978-1-27,45,40,34,27,24,20,75,54,43,30.45,30.31,30.20,20,16,10,20,9,23,0.00,8,,54
1978-1-28,45,38,30,25,19,16,70,49,37,30.51,30.45,30.40,20,19,15,14,10,,0.00,7,,50
1978-1-29,43,39,35,27,23,21,60,51,42,30.45,30.37,30.29,20,19,10,12,7,,0.00,8,,71
1978-1-30,41,39,37,40,36,29,97,90,67,30.34,30.24,30.18,10,4,1,13,8,,0.02,8,Fog,43
1978-1-31,37,36,35,37,35,33,97,94,89,30.35,30.28,30.21,10,7,1,16,12,,0.05,8,Fog-Rain,38
1978-2-1,44,40,36,40,38,34,97,92,85,30.26,30.15,30.06,10,7,3,14,9,,0.00,8,Fog,31
1978-2-2,41,39,37,39,33,31,93,82,76,30.42,30.34,30.27,10,9,6,18,15,,0.00,8,Fog,29
1978-2-3,42,39,36,34,33,32,93,84,73,30.43,30.37,30.32,10,6,2,13,9,,0.00,8,Fog,38
1978-2-4,50,44,37,36,33,31,83,74,57,30.51,30.44,30.39,10,8,5,13,8,,0.00,6,Fog,38
1978-2-5,53,44,36,36,34,32,89,76,48,30.58,30.48,30.42,8,7,4,15,9,,0.00,6,Fog,24
1978-2-6,51,42,32,43,36,28,92,79,61,30.40,30.19,30.00,8,7,4,14,7,,0.03,6,Fog-Rain,93
1978-2-7,42,37,32,38,34,30,96,91,76,30.11,29.99,29.94,10,6,3,20,12,26,0.39,8,Fog-Rain,62
1978-2-8,33,32,30,32,29,27,96,92,88,30.17,30.10,30.03,10,6,2,18,13,24,0.00,8,Fog,46
1978-2-9,39,36,32,36,32,25,100,88,72,30.26,30.11,29.90,15,6,1,21,8,,0.02,8,Fog-Rain-Thunderstorm,4
1978-2-10,36,33,30,30,27,25,92,79,75,30.25,30.16,30.04,15,10,6,10,8,,0.00,8,,74
1978-2-11,54,44,34,50,40,31,100,94,86,30.03,29.89,29.75,15,6,1,18,8,,0.07,8,Fog-Rain,114
1978-2-12,64,57,50,63,50,30,100,79,37,29.79,29.65,29.55,20,9,1,23,14,28,0.70,6,Fog-Rain-Thunderstorm,196
1978-2-13,57,48,39,38,31,28,71,51,36,30.13,29.99,29.80,20,20,20,18,13,,0.00,0,,325
1978-2-14,48,40,32,33,28,23,75,62,52,30.25,30.14,30.06,20,20,20,17,12,,0.00,3,,42
1978-2-15,44,40,37,39,36,32,97,82,68,30.16,30.11,30.06,20,11,3,17,12,25,0.13,8,Fog-Rain,28
1978-2-16,54,46,37,44,39,35,93,79,62,30.16,30.08,29.96,10,9,5,12,7,,0.00,7,Fog,79
1978-2-17,50,40,30,45,35,25,96,85,72,30.19,30.06,29.91,15,9,2,24,15,32,0.57,8,Fog-Rain,10
1978-2-18,45,36,28,25,23,20,82,64,41,30.33,30.24,30.16,20,16,10,20,15,26,0.00,4,,4
1978-2-19,48,36,24,29,25,20,85,64,44,30.24,30.17,30.08,20,19,10,9,4,,0.00,1,,73
1978-2-20,61,48,35,39,27,18,86,54,25,30.36,30.13,30.02,20,20,15,24,10,32,0.00,1,,304
1978-2-21,48,38,28,20,17,14,61,44,28,30.56,30.47,30.38,20,20,20,23,15,29,0.00,0,,351
1978-2-22,66,46,27,26,23,20,82,45,20,30.48,30.34,30.19,20,19,7,15,5,,0.00,2,,216
1978-2-23,66,52,37,33,28,24,73,41,23,30.36,30.26,30.19,20,19,10,12,6,,0.00,5,,13
1978-2-24,72,56,39,57,42,29,90,61,41,30.17,30.02,29.87,20,16,6,22,7,30,0.00,2,,197
1978-2-25,70,61,51,59,49,40,93,68,35,30.15,30.02,29.91,20,15,7,18,13,28,0.00,4,,6
1978-2-26,64,54,43,45,39,33,80,59,40,30.28,30.16,30.06,20,18,15,14,9,,0.00,4,,51
1978-2-27,64,59,54,63,56,46,97,89,75,30.05,29.91,29.80,15,7,2,15,9,,0.00,8,Fog-Rain,177
1978-2-28,86,72,57,63,55,46,100,66,30,29.95,29.83,29.76,20,12,0,18,8,29,0.00,2,Fog,303
1978-3-1,55,50,46,46,43,41,83,78,72,30.14,30.03,29.97,20,8,5,20,14,33,0.00,7,,42
1978-3-2,71,62,51,61,53,41,100,82,52,29.95,29.80,29.67,15,6,0,18,10,28,0.01,7,Fog-Rain,212
1978-3-3,50,40,30,40,27,18,73,66,59,30.24,30.07,29.91,15,11,5,24,19,29,0.02,8,Rain,8
1978-3-4,45,36,26,18,16,14,61,48,31,30.41,30.31,30.24,20,19,10,20,15,26,0.00,1,,20
1978-3-5,62,45,28,46,28,18,77,54,33,30.28,30.14,30.01,20,18,10,18,6,23,0.00,4,,173
1978-3-6,63,58,53,63,58,47,100,95,80,29.98,29.86,29.76,20,5,0,14,9,,0.56,8,Fog-Rain-Thunderstorm,163
1978-3-7,62,53,43,55,45,34,97,79,66,30.15,29.97,29.83,20,14,7,23,10,29,0.00,3,,322
1978-3-8,46,44,39,35,34,32,77,70,61,30.23,30.17,30.11,20,13,7,21,17,28,0.00,6,,348
1978-3-9,64,48,33,32,30,27,85,55,28,30.19,30.11,30.02,20,17,10,18,8,23,0.00,0,,327
1978-3-10,75,56,37,55,43,30,89,63,44,30.04,29.91,29.76,20,17,10,21,7,28,0.00,1,,175
1978-3-11,75,65,55,57,46,37,93,56,24,29.96,29.83,29.72,20,16,6,20,12,31,0.00,2,,284
1978-3-12,66,55,44,44,40,38,82,58,37,30.06,29.92,29.75,20,15,9,20,7,,0.00,5,,115
1978-3-13,80,68,55,61,47,32,100,59,22,29.75,29.66,29.58,20,10,0,22,7,,0.00,6,Fog,296
1978-3-14,78,66,54,41,36,31,42,34,24,29.94,29.85,29.76,20,20,20,12,8,,0.00,1,,39
1978-3-15,75,65,55,39,32,26,51,32,16,30.25,30.00,29.87,20,20,20,23,11,33,0.00,4,,311
1978-3-16,64,53,42,38,31,23,76,47,21,30.48,30.40,30.27,20,20,15,16,11,25,0.00,0,,15
1978-3-17,75,60,44,33,30,27,53,35,18,30.53,30.42,30.32,20,20,20,15,7,,0.00,1,,242
1978-3-18,78,61,44,49,36,32,72,42,19,30.38,30.31,30.22,20,20,20,21,8,31,0.00,0,,199
1978-3-19,80,66,52,58,52,49,93,69,36,30.27,30.16,30.05,20,15,7,21,13,26,0.00,5,,186
1978-3-20,78,70,63,61,59,58,87,74,52,30.10,30.01,29.91,15,13,7,20,15,28,0.00,6,,185
1978-3-21,84,72,61,61,55,48,93,61,28,30.06,30.00,29.94,20,16,7,14,9,,0.00,4,,64
1978-3-22,78,70,61,63,60,53,97,74,54,30.08,29.98,29.88,20,12,5,16,8,21,0.00,6,Fog,169
1978-3-23,73,68,60,66,63,57,97,87,73,29.91,29.83,29.73,15,7,2,17,12,22,0.25,8,Fog-Rain-Thunderstorm,177
1978-3-24,64,56,48,57,45,42,90,69,46,30.09,30.00,29.88,20,19,15,23,14,30,0.00,2,,2
1978-3-25,62,52,43,41,36,30,83,59,31,30.19,30.14,30.08,20,15,7,17,10,23,0.00,3,,11
1978-3-26,71,56,42,40,37,34,86,53,27,30.22,30.15,30.07,20,20,15,16,8,22,0.00,3,,347
1978-3-27,75,60,44,46,40,36,79,51,27,30.17,30.11,30.04,20,18,7,10,5,,0.00,2,,121
1978-3-28,77,62,48,52,46,41,90,58,32,30.15,30.09,30.03,20,14,5,16,8,22,0.00,3,,178
1978-3-29,73,62,51,55,49,44,93,66,38,30.22,30.15,30.10,15,13,7,15,6,,0.00,8,,140
1978-3-30,78,64,51,55,48,41,93,59,28,30.27,30.20,30.14,20,16,7,14,6,,0.00,1,,200
1978-3-31,79,66,54,57,52,47,93,63,37,30.17,30.07,29.95,20,14,6,18,9,23,0.00,3,Fog,185
1978-4-1,82,71,60,61,59,56,90,74,44,29.98,29.91,29.81,15,10,7,18,14,29,0.00,6,,185
1978-4-2,79,72,64,62,60,58,90,73,52,29.97,29.90,29.81,15,11,7,20,15,29,0.00,8,,176
1978-4-3,84,75,66,65,62,56,93,72,38,30.08,29.98,29.92,15,12,6,22,14,30,0.00,6,Fog,172
1978-4-4,84,76,68,65,63,55,90,69,44,30.17,30.09,30.01,15,14,7,18,13,21,0.00,6,,180
1978-4-5,78,72,66,70,64,58,93,78,61,30.09,29.97,29.86,15,10,5,18,12,25,0.00,8,Fog-Rain,173
1978-4-6,82,73,64,65,64,60,96,77,56,30.04,29.96,29.90,15,11,5,15,9,,0.00,7,Fog,173
1978-4-7,82,74,66,66,64,62,93,79,56,30.11,30.03,29.98,15,9,3,16,9,23,0.00,7,Fog,157
1978-4-8,77,72,66,66,65,63,93,81,69,30.03,29.94,29.86,15,10,5,16,11,,0.00,8,Fog-Rain,157
1978-4-9,81,74,66,68,66,63,93,81,62,29.89,29.77,29.66,15,10,7,20,13,30,0.00,8,Rain-Thunderstorm,164
1978-4-10,71,64,57,67,58,47,97,77,59,29.96,29.75,29.64,20,12,1,23,13,29,1.55,8,Fog-Rain-Thunderstorm,339
1978-4-11,66,60,53,49,43,32,80,57,30,30.09,30.01,29.95,20,18,10,18,12,23,0.03,4,Rain,31
1978-4-12,63,59,54,57,49,45,90,71,52,29.98,29.91,29.83,20,17,10,14,4,,0.00,7,Rain,217
1978-4-13,77,62,48,52,49,46,93,63,34,30.09,30.02,29.94,20,16,8,13,5,,0.00,2,,176
1978-4-14,79,66,54,60,54,49,83,64,45,30.11,30.03,29.95,20,20,20,14,7,,0.00,2,,182
1978-4-15,81,72,62,61,59,58,90,70,45,30.02,29.96,29.89,20,16,9,15,12,,0.00,4,,180
1978-4-16,82,73,64,64,60,58,87,68,46,29.94,29.86,29.75,20,18,10,20,12,,0.00,5,,185
1978-4-17,81,74,66,73,68,63,100,87,67,29.81,29.74,29.68,20,10,1,14,10,,0.06,5,Fog-Rain,186
1978-4-18,88,75,62,70,49,33,100,52,16,29.90,29.82,29.75,15,9,5,15,7,,0.00,1,Fog,307
1978-4-19,77,66,55,40,38,35,49,36,25,30.05,29.95,29.78,15,14,7,23,11,30,0.00,2,,7
1978-4-20,75,63,51,48,41,38,64,47,28,30.09,30.00,29.91,20,20,15,12,8,,0.00,1,,78
1978-4-21,81,64,48,56,47,42,93,57,28,29.95,29.86,29.73,20,16,7,17,7,,0.00,1,,179
1978-4-22,71,66,61,70,64,57,97,92,81,29.91,29.80,29.74,15,9,1,12,9,16,0.08,6,Fog-Rain,168
1978-4-23,78,66,55,68,63,55,97,82,68,29.94,29.88,29.83,20,14,10,8,4,,0.00,2,,170
1978-4-24,88,76,64,68,65,63,97,72,43,29.95,29.89,29.79,20,12,4,18,9,,0.00,3,Fog-Rain-Thunderstorm,184
1978-4-25,79,70,60,68,50,41,87,52,28,30.14,30.06,29.92,20,17,10,21,12,25,0.00,6,Rain-Thunderstorm,36
1978-4-26,75,64,54,47,44,41,66,47,29,30.17,30.09,29.99,20,20,20,14,8,,0.00,3,,75
1978-4-27,80,66,52,57,51,46,83,59,35,30.10,30.02,29.94,20,18,10,16,6,,0.00,3,,161
1978-4-28,80,68,55,62,59,56,100,74,47,30.00,29.90,29.80,20,12,3,17,10,24,0.00,6,Fog-Rain,179
1978-4-29,78,72,66,67,66,63,97,81,68,29.81,29.75,29.68,15,8,5,20,13,22,0.00,8,Fog,184
1978-4-30,84,76,69,69,68,66,93,77,57,29.70,29.62,29.54,10,7,5,14,10,,0.00,6,Fog,190
1978-5-1,81,76,70,71,68,68,93,85,67,29.66,29.59,29.55,10,7,2,12,8,,0.00,7,Fog,173
1978-5-2,75,66,57,69,65,56,100,88,76,29.70,29.62,29.49,15,6,0,20,11,39,2.15,7,Fog-Rain-Thunderstorm,73
1978-5-3,68,60,53,55,49,43,93,71,45,29.75,29.69,29.62,20,16,10,21,16,24,0.06,5,Rain,332
1978-5-4,75,60,46,56,47,41,86,60,45,29.78,29.70,29.60,20,19,15,13,7,,0.00,0,,273
1978-5-5,88,76,64,68,63,58,96,71,39,29.65,29.61,29.54,20,15,3,21,12,26,0.00,4,Fog,177
1978-5-6,78,74,71,73,71,68,97,90,79,29.72,29.67,29.60,15,5,2,17,11,,0.02,8,Fog-Rain,154
1978-5-7,88,80,73,73,70,63,97,76,56,29.81,29.72,29.68,10,6,3,14,8,,0.00,7,Fog,104
1978-5-8,91,80,70,63,54,43,78,46,20,29.87,29.81,29.74,20,16,10,16,7,,0.00,3,,22
1978-5-9,90,77,64,60,55,50,63,48,33,30.03,29.97,29.88,20,20,20,13,8,,0.00,2,,57
1978-5-10,89,79,69,68,63,58,93,61,36,30.10,30.03,29.95,20,12,3,18,8,,0.00,6,Fog,150
1978-5-11,87,76,66,75,70,65,97,83,65,30.11,29.94,29.81,20,9,1,34,14,34,0.99,7,Fog-Rain-Thunderstorm,162
1978-5-12,93,83,73,75,72,66,93,77,49,29.98,29.86,29.76,15,9,4,28,10,46,0.11,5,Fog-Rain-Thunderstorm,179
1978-5-13,84,74,64,62,49,42,66,43,24,30.22,30.13,30.00,20,20,15,17,10,,0.00,1,,42
1978-5-14,89,73,57,56,50,45,81,46,22,30.13,30.03,29.88,20,20,20,15,5,,0.00,1,,203
1978-5-15,91,76,61,70,61,53,84,59,39,29.90,29.76,29.60,20,19,15,17,9,30,0.00,3,,189
1978-5-16,90,82,75,73,71,70,87,76,57,29.66,29.61,29.54,20,10,7,15,12,25,0.00,6,,178
1978-5-17,90,82,73,72,70,69,91,72,52,29.75,29.66,29.60,15,10,7,16,12,23,0.00,6,,164
1978-5-18,91,80,69,73,70,65,97,76,50,30.01,29.87,29.76,15,8,3,20,8,,0.00,5,Fog,161
1978-5-19,91,82,73,73,70,65,91,71,41,30.12,30.02,29.95,20,16,7,18,9,,0.00,6,Thunderstorm,156
1978-5-20,84,77,70,73,70,67,97,87,61,30.08,30.03,29.97,20,11,0,16,6,37,0.16,8,Fog-Rain-Thunderstorm,164
1978-5-21,81,76,70,73,70,68,97,87,69,30.06,30.00,29.93,15,10,4,12,4,,0.01,8,Fog-Rain-Thunderstorm,139
1978-5-22,86,78,71,71,69,67,93,75,57,30.00,29.93,29.88,15,12,6,14,6,,0.00,6,Fog-Rain,173
1978-5-23,87,80,73,71,69,67,93,74,51,29.96,29.90,29.82,20,13,4,12,9,,0.00,6,Fog,177
1978-5-24,89,80,71,71,69,67,96,72,50,29.95,29.89,29.80,20,12,1,15,8,,0.00,6,Fog-Rain,165
1978-5-25,87,80,73,74,71,69,91,78,59,29.96,29.90,29.86,20,14,7,15,9,25,0.13,6,Rain-Thunderstorm,154
1978-5-26,89,80,72,76,72,66,94,82,57,30.03,29.95,29.87,20,12,0,17,8,28,1.54,6,Rain-Thunderstorm,134
1978-5-27,89,81,73,73,72,70,97,77,55,29.98,29.91,29.83,15,14,5,14,8,,0.01,4,Fog,164
1978-5-28,88,80,73,72,69,63,93,72,51,29.94,29.88,29.79,15,11,6,29,8,43,0.00,5,Fog,161
1978-5-29,88,78,69,70,65,62,84,70,48,29.98,29.92,29.85,20,16,10,18,8,30,0.02,6,Rain-Thunderstorm,76
1978-5-30,89,78,66,71,67,64,93,71,45,29.94,29.89,29.83,20,15,10,13,3,,0.00,3,,179
1978-5-31,89,80,71,72,69,66,93,68,48,29.93,29.87,29.81,20,13,6,14,8,,0.00,7,,171
1978-6-1,82,78,73,73,71,68,93,81,63,29.98,29.89,29.82,20,13,4,13,5,21,0.01,6,Rain-Thunderstorm,161
1978-6-2,89,80,71,73,71,69,96,76,53,29.95,29.89,29.84,20,17,10,15,4,,0.02,6,Rain,82
1978-6-3,82,76,71,75,71,67,97,85,62,30.02,29.95,29.89,20,10,2,14,6,,0.89,6,Fog-Rain-Thunderstorm,56
1978-6-4,86,78,70,70,68,68,93,75,55,30.03,29.98,29.91,15,11,5,10,6,,0.00,3,,78
1978-6-5,89,80,70,71,69,67,93,71,50,29.98,29.89,29.78,15,13,7,10,3,,0.00,1,,125
1978-6-6,91,81,71,74,72,68,94,77,50,29.90,29.80,29.69,20,12,1,23,8,33,0.47,7,Rain-Thunderstorm,184
1978-6-7,87,76,66,71,67,65,93,77,49,29.92,29.83,29.73,20,17,5,17,9,25,0.20,5,Rain-Thunderstorm,240
1978-6-8,89,80,70,71,68,65,96,72,46,29.97,29.90,29.87,20,17,6,23,6,,0.04,3,Fog-Rain-Thunderstorm,54
1978-6-9,86,78,69,67,59,53,74,55,33,30.10,30.04,30.00,20,18,15,15,11,,0.00,2,,32
1978-6-10,90,78,66,69,63,57,79,60,40,30.06,30.00,29.92,20,20,15,13,5,,0.00,1,,183
1978-6-11,91,81,71,73,71,67,96,70,52,29.97,29.93,29.89,20,15,3,14,7,,0.00,3,Fog,182
1978-6-12,91,83,75,75,72,69,94,67,48,30.10,30.04,29.98,20,17,8,10,8,,0.00,4,,159
1978-6-13,93,84,75,74,70,67,90,68,42,30.17,30.11,30.04,20,19,15,14,6,21,0.00,3,,169
1978-6-14,93,82,71,73,69,65,87,68,48,30.13,30.07,30.00,20,15,7,12,3,,0.00,3,,145
1978-6-15,91,83,75,74,70,67,94,67,45,30.07,30.03,29.97,20,11,4,12,7,,0.00,3,Fog,168
1978-6-16,91,83,75,74,72,70,94,70,48,30.06,30.02,29.96,10,9,4,15,8,,0.00,5,Fog,173
1978-6-17,93,84,75,75,71,67,96,69,44,30.12,30.05,29.98,15,10,1,15,10,,0.00,5,Fog,174
1978-6-18,93,83,73,74,70,67,91,67,42,30.10,30.04,29.97,20,14,7,13,6,,0.00,4,,143
1978-6-19,93,83,73,74,70,67,96,68,42,30.06,29.99,29.91,20,14,3,12,6,,0.00,4,Fog,173
1978-6-20,93,82,71,72,69,67,93,64,42,29.99,29.95,29.90,20,16,6,15,9,,0.00,3,Fog,179
1978-6-21,91,81,71,71,68,64,93,63,41,30.07,30.01,29.94,20,15,7,13,6,,0.00,2,,169
1978-6-22,91,80,70,71,68,65,93,63,42,30.02,29.98,29.92,20,16,7,15,7,,0.00,3,,182
1978-6-23,95,84,72,73,69,67,93,62,40,30.04,29.98,29.93,20,16,8,16,9,,0.00,2,,182
1978-6-24,96,86,77,75,70,66,94,58,37,30.04,29.97,29.89,20,14,10,17,11,,0.00,3,,184
1978-6-25,96,87,78,74,71,68,87,63,40,29.97,29.89,29.79,20,16,15,17,13,24,0.00,4,,183
1978-6-26,96,86,77,74,71,66,88,63,40,29.92,29.87,29.83,15,13,7,18,14,26,0.00,4,,174
1978-6-27,96,86,75,75,70,66,94,64,37,30.04,29.99,29.94,15,13,7,14,9,,0.00,4,,168
1978-6-28,95,84,73,74,69,65,93,64,40,30.15,30.07,30.01,15,12,4,17,6,21,0.00,4,Fog,168
1978-6-29,95,84,73,73,69,65,87,63,37,30.12,30.04,29.95,15,12,7,29,5,33,0.00,3,,170
1978-6-30,96,84,72,71,68,66,84,62,38,30.01,29.96,29.86,15,9,5,12,4,20,0.00,1,,151
1978-7-1,96,84,73,73,69,67,84,61,40,29.96,29.90,29.82,20,13,4,13,4,,0.00,2,,179
1978-7-2,97,86,75,74,70,66,91,61,37,29.93,29.87,29.78,20,16,5,13,9,,0.00,2,,192
1978-7-3,96,86,75,73,70,65,91,60,37,29.92,29.86,29.78,20,16,7,15,10,,0.00,2,,187
1978-7-4,98,86,73,72,68,64,93,57,33,29.96,29.90,29.84,20,16,7,13,8,,0.00,2,,183
1978-7-5,97,88,78,74,70,66,87,60,36,29.97,29.92,29.85,20,16,10,14,10,,0.00,3,,188
1978-7-6,98,86,75,73,68,64,87,58,35,29.99,29.93,29.88,20,16,7,15,10,,0.00,2,,188
1978-7-7,98,86,75,74,67,60,90,57,29,30.04,29.99,29.94,20,18,15,14,9,,0.00,1,,183
1978-7-8,99,86,73,72,65,55,90,54,23,30.07,30.01,29.94,20,16,10,13,8,,0.00,0,,191
1978-7-9,98,86,75,68,65,62,73,48,31,30.02,29.97,29.91,20,17,15,12,7,,0.00,1,,181
1978-7-10,98,88,78,73,69,64,82,57,34,30.04,29.99,29.90,20,17,15,14,8,,0.00,2,,179
1978-7-11,97,86,75,72,67,63,84,55,33,29.99,29.95,29.86,20,18,15,12,7,,0.00,1,,180
1978-7-12,98,86,75,74,69,65,87,56,34,29.99,29.92,29.85,20,18,10,15,9,,0.00,2,,184
1978-7-13,98,88,77,74,69,63,88,56,31,30.00,29.96,29.92,20,18,15,14,10,17,0.00,1,,184
1978-7-14,99,88,78,74,70,66,87,56,34,30.03,29.97,29.89,20,20,15,13,9,,0.00,2,,184
1978-7-15,100,89,78,71,66,62,76,48,28,29.96,29.89,29.77,20,20,20,10,7,,0.00,1,,195
1978-7-16,102,91,80,68,66,64,64,43,28,29.85,29.79,29.69,20,20,20,14,8,,0.00,3,Rain,197
1978-7-17,99,87,75,70,68,66,74,53,34,29.88,29.82,29.78,20,17,10,13,9,,0.04,3,,179
1978-7-18,99,88,77,74,67,59,84,52,28,29.99,29.92,29.87,20,16,6,37,11,,0.00,3,,172
1978-7-19,95,86,77,74,71,67,88,64,43,30.03,29.99,29.94,20,15,10,16,9,,0.00,4,,187
1978-7-20,98,88,77,75,70,65,90,59,34,30.03,29.96,29.86,20,14,7,14,8,21,0.00,4,,186
1978-7-21,98,86,75,73,69,65,88,58,35,29.94,29.89,29.81,20,14,7,15,7,23,0.00,1,,176
1978-7-22,97,86,75,73,67,61,88,57,31,29.99,29.92,29.84,15,12,8,22,8,24,0.02,4,Rain-Thunderstorm,163
1978-7-23,93,84,75,77,73,67,96,79,41,30.05,30.01,29.97,15,11,5,18,7,,0.54,7,Rain,173
1978-7-24,93,82,72,74,70,66,93,69,41,30.11,30.05,29.99,20,16,15,10,3,,0.00,4,,144
1978-7-25,95,85,75,73,69,65,90,63,38,30.09,30.02,29.93,20,18,10,15,7,,0.00,2,,190
1978-7-26,97,86,75,73,70,66,91,62,36,29.99,29.90,29.77,20,18,10,18,10,28,0.00,5,,181
1978-7-27,97,88,77,73,69,64,79,63,38,29.92,29.87,29.81,20,15,15,21,9,32,0.00,5,,198
1978-7-28,89,81,73,74,69,64,90,72,53,30.05,30.00,29.93,20,16,15,16,4,23,0.00,6,,181
1978-7-29,93,84,75,74,70,61,94,67,34,30.06,30.01,29.93,20,17,10,12,7,,0.00,6,,191
1978-7-30,93,83,73,75,71,67,93,70,44,30.01,29.97,29.93,20,16,10,17,6,26,0.00,5,,179
1978-7-31,77,74,71,72,70,68,96,89,79,30.07,29.99,29.95,15,7,2,16,7,23,0.32,7,Fog-Rain,130
1978-8-1,79,75,71,76,72,69,97,93,87,30.05,29.99,29.92,15,7,0,16,5,26,1.33,8,Fog-Rain,141
1978-8-2,88,82,75,75,72,68,97,77,51,30.00,29.96,29.90,10,8,5,20,9,23,0.02,8,Fog-Rain,169
1978-8-3,91,84,77,74,71,64,90,69,45,30.05,29.99,29.94,10,8,4,16,10,20,0.00,7,Fog,169
1978-8-4,90,82,73,74,70,67,97,71,48,30.07,30.03,29.98,10,9,4,14,5,,0.00,6,Fog,157
1978-8-5,91,83,75,72,70,67,82,66,47,30.12,30.06,30.04,10,10,8,18,6,25,0.00,4,,346
1978-8-6,89,81,73,70,67,65,82,66,45,30.17,30.11,30.04,15,12,10,12,8,,0.00,5,,16
1978-8-7,93,83,73,69,66,61,76,58,35,30.09,30.04,29.96,15,13,10,12,6,,0.00,3,,37
1978-8-8,93,82,72,71,67,62,91,61,36,30.08,30.02,29.95,15,8,4,59,6,,0.00,2,,149
1978-8-9,93,84,75,72,68,64,85,61,37,30.06,30.00,29.92,10,9,7,9,5,,0.01,3,,199
1978-8-10,93,85,77,72,69,64,82,60,37,29.99,29.93,29.84,15,11,7,14,5,,0.00,3,Rain-Thunderstorm,199
1978-8-11,95,84,73,73,69,64,91,62,37,29.97,29.91,29.86,20,17,10,13,7,17,0.00,3,,188
1978-8-12,97,86,75,74,71,66,91,64,36,29.98,29.93,29.87,20,19,10,14,10,22,0.00,3,,184
1978-8-13,96,86,77,75,71,67,90,64,38,30.03,29.96,29.88,20,18,10,14,11,21,0.00,4,,190
1978-8-14,96,87,78,74,71,66,84,62,37,30.04,29.96,29.87,20,19,15,15,12,22,0.00,3,,185
1978-8-15,97,87,77,73,70,65,88,60,35,30.02,29.96,29.91,20,19,15,17,13,24,0.00,3,,190
1978-8-16,96,88,79,74,69,63,84,60,35,30.05,29.99,29.92,20,18,10,16,12,23,0.00,3,,186
1978-8-17,97,88,78,73,70,64,84,60,34,30.00,29.94,29.84,20,17,10,18,12,25,0.24,3,,187
1978-8-18,98,88,79,74,70,64,82,60,34,29.98,29.91,29.83,20,19,15,17,12,23,0.00,4,,186
1978-8-19,97,86,75,74,70,62,94,62,31,30.07,30.00,29.94,20,19,15,12,9,,0.00,4,Rain,179
1978-8-20,97,86,75,73,69,63,87,58,33,30.15,30.07,29.99,20,20,20,12,6,,0.00,3,,168
1978-8-21,97,85,73,71,68,64,82,62,35,30.11,30.06,29.97,20,19,15,23,6,,0.00,3,Rain,173
1978-8-22,95,84,73,73,68,62,91,64,35,30.08,30.02,29.94,20,18,7,12,4,,0.00,3,,160
1978-8-23,96,84,73,70,68,64,87,59,35,30.04,30.00,29.93,20,18,6,14,8,,0.00,2,,181
1978-8-24,97,86,75,73,69,64,90,61,36,30.11,30.03,29.96,20,12,4,15,6,,0.00,3,,155
1978-8-25,97,86,75,74,69,64,82,58,35,30.06,30.00,29.90,15,10,4,12,6,,0.00,3,,164
1978-8-26,97,87,77,74,70,65,84,61,35,29.99,29.93,29.84,15,11,4,14,8,,0.00,4,,179
1978-8-27,95,85,75,73,67,60,84,56,36,29.95,29.86,29.78,15,14,8,14,8,,0.00,4,,178
1978-8-28,97,86,75,73,69,65,85,62,37,29.87,29.81,29.72,20,16,10,17,8,24,0.00,3,,87
1978-8-29,93,83,73,71,66,62,85,64,37,29.90,29.86,29.80,20,18,10,18,6,,0.00,4,Rain,354
1978-8-30,87,81,75,71,68,63,87,71,46,30.03,29.96,29.91,20,14,8,13,4,,0.01,8,Rain,91
1978-8-31,87,80,73,71,69,67,93,77,51,30.05,30.01,29.96,20,13,6,61,5,29,0.03,7,Rain,101
1978-9-1,84,78,73,74,73,71,97,87,67,30.09,30.04,30.00,15,8,1,13,4,,0.83,7,Fog-Rain-Thunderstorm,101
1978-9-2,91,82,73,74,70,59,97,72,34,30.12,30.06,29.99,15,10,2,9,4,,0.00,4,Fog,176
1978-9-3,93,82,72,74,71,67,97,71,41,30.09,30.04,29.98,15,13,6,13,3,,0.00,2,,198
1978-9-4,93,82,72,73,69,65,91,73,39,30.06,29.99,29.91,15,11,7,23,5,34,0.25,5,Rain-Thunderstorm,279
1978-9-5,90,81,72,69,67,62,87,67,42,29.98,29.93,29.86,20,16,10,10,5,,0.00,6,,56
1978-9-6,90,80,71,71,65,58,91,62,35,29.96,29.92,29.88,20,8,4,13,4,,0.00,5,Fog,129
1978-9-7,84,78,72,72,69,67,97,83,63,29.97,29.93,29.90,10,5,2,18,6,21,0.62,8,Fog-Rain-Thunderstorm,85
1978-9-8,82,77,72,74,72,70,97,88,76,29.97,29.92,29.86,15,8,1,12,7,,0.40,8,Fog-Rain,79
1978-9-9,88,80,73,73,73,70,94,81,61,29.96,29.92,29.85,20,14,7,15,5,,0.00,5,Rain,92
1978-9-10,80,78,73,75,73,72,97,91,84,29.95,29.89,29.82,20,9,2,13,7,,0.24,7,Fog-Rain,105
1978-9-11,82,78,73,76,73,72,97,90,74,29.84,29.76,29.67,20,10,0,16,9,,1.02,8,Fog-Rain,154
1978-9-12,89,82,75,78,76,74,97,87,63,29.77,29.70,29.65,10,8,4,63,10,,0.63,6,Fog-Rain,182
1978-9-13,81,77,73,77,74,71,94,92,88,29.83,29.78,29.74,10,9,7,14,9,,0.31,8,Rain-Thunderstorm,181
1978-9-14,84,78,73,78,76,73,100,88,74,29.96,29.87,29.80,10,9,4,14,7,,0.00,8,Fog-Rain,183
1978-9-15,89,82,75,77,75,72,97,82,57,30.02,29.94,29.88,15,10,6,12,5,,0.00,6,Fog-Rain,175
1978-9-16,90,82,75,76,73,71,100,77,55,29.95,29.87,29.77,15,12,5,14,7,,0.00,5,Fog,183
1978-9-17,90,82,75,74,72,68,94,74,50,29.85,29.80,29.73,20,15,10,15,11,,0.00,4,,178
1978-9-18,90,82,75,75,73,72,94,77,55,29.97,29.86,29.81,15,11,5,17,10,,0.00,5,Fog,177
1978-9-19,91,84,77,76,73,70,96,76,50,30.02,29.96,29.91,20,15,5,15,9,,0.00,5,Fog,166
1978-9-20,90,82,73,75,72,69,100,80,50,30.02,29.96,29.86,20,12,0,9,4,,0.00,5,Fog,166
1978-9-21,82,76,71,74,70,65,96,83,67,30.10,30.02,29.95,20,15,7,18,7,,0.03,6,Rain,32
1978-9-22,86,78,70,70,66,62,84,71,51,30.18,30.12,30.08,20,11,6,16,13,22,0.00,5,,25
1978-9-23,77,74,72,70,69,68,91,84,76,30.23,30.18,30.16,10,5,3,14,10,,0.05,8,Fog,40
1978-9-24,88,80,71,71,67,63,93,70,46,30.21,30.15,30.08,10,7,4,14,8,,0.00,6,,56
1978-9-25,87,76,64,62,55,45,84,55,25,30.13,30.07,29.98,20,17,15,14,8,,0.00,4,,48
1978-9-26,82,75,68,60,57,56,68,56,41,30.07,30.02,29.98,20,10,7,14,9,,0.00,7,,33
1978-9-27,71,68,66,66,62,57,97,78,61,30.14,30.08,30.03,10,7,5,16,11,,0.05,8,Rain,16
1978-9-28,78,72,66,65,64,63,96,83,60,30.11,30.06,30.01,15,10,8,13,6,,0.00,7,Rain,330
1978-9-29,84,72,61,64,62,59,100,74,41,30.05,29.99,29.91,10,7,3,12,5,,0.00,1,Fog,334
1978-9-30,90,76,62,64,60,55,93,63,30,30.10,30.03,29.99,15,10,4,13,2,,0.00,0,Fog,69
1978-10-1,88,76,64,65,62,58,90,64,36,30.11,30.04,29.97,15,14,10,10,3,,0.00,0,,205
1978-10-2,87,76,64,70,64,61,97,70,43,30.04,29.97,29.91,15,9,2,14,4,,0.01,3,Fog,190
1978-10-3,84,77,70,72,69,66,96,82,53,29.99,29.95,29.89,10,8,5,12,2,,0.38,7,Fog-Rain,116
1978-10-4,84,74,64,70,66,63,100,80,55,30.02,29.97,29.90,15,7,0,60,6,,0.00,2,Fog,126
1978-10-5,86,77,68,71,68,65,100,79,49,30.08,30.00,29.94,15,8,1,14,3,,0.00,5,Fog,130
1978-10-6,75,70,64,64,47,38,71,46,29,30.25,30.17,30.09,20,18,6,64,13,26,0.00,7,,57
1978-10-7,77,70,62,48,44,41,60,42,29,30.25,30.19,30.14,20,20,20,12,5,,0.00,7,,80
1978-10-8,73,66,60,55,50,43,83,59,34,30.26,30.20,30.15,20,18,6,61,4,,0.00,7,,167
1978-10-9,78,68,57,62,57,52,87,69,54,30.16,30.11,30.04,20,18,15,13,4,,0.00,5,,177
1978-10-10,84,74,64,67,64,62,100,77,49,30.09,30.00,29.88,20,9,0,15,7,,0.00,4,Fog,175
1978-10-11,86,78,71,70,68,66,93,75,53,29.92,29.84,29.75,15,13,7,15,11,,0.00,4,,189
1978-10-12,86,78,70,70,67,63,97,73,46,29.90,29.84,29.79,20,13,5,15,10,,0.00,4,Fog,182
1978-10-13,82,75,68,69,58,35,93,61,30,30.24,30.04,29.91,20,15,6,18,9,25,0.00,3,,326
1978-10-14,73,64,55,36,31,26,47,30,17,30.42,30.32,30.24,20,20,20,16,12,18,0.00,0,,29
1978-10-15,80,63,46,40,36,32,71,41,18,30.32,30.23,30.12,20,20,20,13,3,,0.00,1,,223
1978-10-16,82,66,51,51,44,36,69,44,25,30.20,30.14,30.09,20,19,15,8,3,,0.00,2,,207
1978-10-17,79,66,54,50,47,45,75,53,35,30.27,30.20,30.16,20,17,15,9,6,,0.00,0,,103
1978-10-18,80,66,51,52,48,46,89,59,32,30.30,30.24,30.20,20,14,9,8,3,,0.00,0,,151
1978-10-19,84,67,50,53,47,42,86,53,22,30.34,30.25,30.16,15,14,7,8,4,,0.00,0,,199
1978-10-20,87,71,55,53,48,45,77,47,23,30.20,30.11,30.02,20,17,10,10,4,,0.00,1,,234
1978-10-21,82,68,53,63,54,48,83,60,41,30.05,29.99,29.91,20,14,7,17,7,,0.00,2,,189
1978-10-22,82,72,63,64,61,54,97,70,42,30.06,29.98,29.94,20,14,5,17,8,,0.00,4,Fog,168
1978-10-23,75,69,61,67,59,50,93,73,53,30.23,30.15,30.07,20,14,5,18,7,,0.00,6,Fog,17
1978-10-24,75,66,57,58,54,50,83,69,54,30.22,30.09,29.94,20,11,7,13,9,,0.00,7,,43
1978-10-25,72,69,66,69,65,58,97,87,70,29.92,29.85,29.79,15,8,3,13,5,,0.61,8,Fog-Rain,186
1978-10-26,70,64,57,69,54,47,100,70,49,30.13,29.97,29.85,15,13,4,21,8,28,0.19,7,Fog-Rain,35
1978-10-27,75,64,54,47,43,40,62,48,31,30.16,30.10,30.04,20,16,15,13,9,,0.00,5,,28
1978-10-28,77,66,54,51,47,45,74,54,33,30.19,30.13,30.09,20,17,15,9,6,,0.00,5,,29
1978-10-29,78,66,53,50,46,42,83,53,29,30.22,30.15,30.07,15,15,15,10,5,,0.00,1,,48
1978-10-30,81,66,50,48,44,42,77,50,26,30.21,30.15,30.10,15,14,10,8,5,,0.00,0,,66
1978-10-31,84,69,54,51,48,45,72,50,31,30.30,30.24,30.21,15,11,8,10,7,,0.00,1,,22
1978-11-1,82,72,61,60,54,48,65,54,42,30.32,30.26,30.21,15,11,8,9,5,,0.00,4,,29
1978-11-2,82,70,59,58,56,54,87,62,37,30.30,30.22,30.14,15,9,5,7,4,,0.00,1,,107
1978-11-3,82,70,57,63,58,53,100,70,39,30.17,30.10,30.02,15,8,0,14,5,,0.00,2,Fog-Rain,176
1978-11-4,79,68,57,61,57,52,97,71,44,30.10,30.02,29.94,15,9,4,63,9,,0.00,3,Fog,118
1978-11-5,75,68,60,63,59,53,100,83,62,29.94,29.87,29.79,10,6,1,17,9,26,3.40,7,Rain-Thunderstorm,82
1978-11-6,66,58,50,60,53,45,97,87,75,30.18,29.98,29.75,20,16,6,23,13,32,0.00,6,,312
1978-11-7,62,54,46,45,43,40,83,68,46,30.28,30.21,30.17,20,20,20,20,15,23,0.00,3,,355
1978-11-8,61,51,41,47,44,39,96,79,58,30.23,30.15,30.05,20,14,5,8,3,,0.00,0,Fog,187
1978-11-9,69,54,39,52,47,40,100,78,50,30.04,29.92,29.82,20,14,0,15,4,22,0.00,0,Fog,176
1978-11-10,81,67,53,64,58,50,97,78,50,30.03,29.89,29.83,20,17,4,16,7,24,0.00,2,Fog,185
1978-11-11,66,62,57,67,59,52,100,87,67,30.24,30.16,30.02,20,8,0,18,7,24,0.17,8,Fog-Rain,47
1978-11-12,78,68,57,66,59,55,93,82,60,30.24,30.13,30.01,15,11,7,13,6,,0.00,6,,124
1978-11-13,82,75,66,71,66,60,100,82,47,30.01,29.94,29.86,15,9,2,14,7,,0.02,5,Fog-Rain,172
1978-11-14,82,73,64,71,68,64,100,87,60,29.98,29.93,29.86,15,10,6,15,7,,0.00,7,Fog,174
1978-11-15,73,60,46,70,53,45,97,94,89,30.10,30.01,29.90,10,8,2,16,12,,0.36,8,Fog-Rain,8
1978-11-16,48,46,42,46,44,40,100,93,80,30.14,30.06,30.03,15,8,1,16,12,,0.55,7,Fog-Rain-Thunderstorm,349
1978-11-17,62,50,37,49,43,37,100,81,58,30.22,30.17,30.14,15,13,6,8,3,,0.00,2,Fog,45
1978-11-18,64,57,50,50,48,46,89,73,54,30.27,30.21,30.18,15,15,10,9,4,,0.00,7,,103
1978-11-19,57,52,48,52,49,48,100,91,75,30.30,30.25,30.20,15,8,2,63,9,,0.26,8,Fog-Rain-Thunderstorm,61
1978-11-20,53,50,48,51,50,48,100,97,93,30.36,30.30,30.25,10,6,3,14,10,,0.11,8,Fog-Rain,35
1978-11-21,52,51,50,51,51,49,100,98,96,30.32,30.26,30.22,10,4,1,14,10,,0.17,8,Fog-Rain,38
1978-11-22,59,55,51,59,55,51,100,98,93,30.22,30.11,30.02,10,4,0,8,5,,0.06,8,Fog-Rain,72
1978-11-23,75,67,59,68,63,59,100,93,69,30.08,30.03,29.97,15,5,0,10,4,,0.00,6,Fog,199
1978-11-24,73,67,61,69,66,61,100,96,84,30.13,30.06,30.01,7,4,0,8,3,,0.03,7,Fog-Rain,114
1978-11-25,77,72,68,68,67,66,100,89,71,30.06,29.95,29.83,10,9,6,12,7,,0.02,8,Fog-Thunderstorm,165
1978-11-26,72,66,57,70,61,45,97,81,53,29.81,29.71,29.64,20,12,5,15,9,,0.17,8,Rain-Thunderstorm,332
1978-11-27,60,52,45,50,41,36,93,73,60,30.22,30.01,29.83,20,19,10,21,16,25,0.02,7,Rain-Thunderstorm,9
1978-11-28,51,45,39,42,36,34,83,68,52,30.30,30.22,30.14,20,19,8,14,9,,0.08,7,Rain,41
1978-11-29,73,58,44,47,43,37,96,68,27,30.13,30.01,29.91,20,17,7,12,5,,0.00,3,,241
1978-11-30,75,59,43,50,45,41,93,67,34,30.05,29.96,29.88,20,18,10,12,6,,0.00,0,,314
1978-12-1,75,60,45,62,50,41,90,71,42,29.93,29.85,29.75,20,17,6,62,9,,0.00,1,,193
1978-12-2,79,72,64,71,68,63,97,87,68,29.81,29.73,29.62,15,9,3,21,12,29,0.00,8,Fog,177
1978-12-3,73,56,37,70,43,21,93,75,49,30.07,29.88,29.68,20,10,3,24,16,29,0.21,7,Fog-Rain,6
1978-12-4,59,48,36,32,24,19,70,46,28,30.13,30.04,29.95,20,18,15,17,11,,0.00,3,Rain,339
1978-12-5,70,53,36,54,39,31,89,62,33,29.94,29.79,29.68,20,16,6,63,11,26,0.00,0,,191
1978-12-6,60,50,41,59,45,38,97,89,80,29.87,29.80,29.71,15,9,3,18,10,,0.00,7,Rain,15
1978-12-7,41,38,34,40,38,33,100,94,92,30.07,29.95,29.83,8,5,2,17,12,21,0.00,8,Fog,8
1978-12-8,34,31,28,32,25,15,96,77,52,30.39,30.19,30.08,15,11,3,23,19,31,0.00,7,Fog-Rain,352
1978-12-9,41,32,24,14,9,5,58,41,23,30.56,30.49,30.40,20,18,15,24,16,33,0.00,0,,347
1978-12-10,44,32,21,20,13,9,78,48,24,30.54,30.47,30.39,20,19,15,9,5,,0.00,4,,214
1978-12-11,54,40,26,20,18,17,69,44,26,30.55,30.49,30.42,20,20,20,9,5,,0.00,4,,305
1978-12-12,57,44,30,31,24,20,88,50,27,30.52,30.44,30.34,20,19,15,14,7,40,0.00,2,,239
1978-12-13,61,52,44,39,32,26,59,49,36,30.51,30.41,30.32,20,18,6,63,11,,0.00,7,,75
1978-12-14,48,46,43,41,31,25,93,62,42,30.52,30.39,30.27,20,14,7,16,10,,0.05,8,Rain,357
1978-12-15,64,54,43,51,46,42,97,84,60,30.25,30.07,29.96,15,10,5,64,14,,0.00,3,Fog,189
1978-12-16,66,54,41,49,42,30,100,73,36,30.48,30.19,30.02,20,11,1,64,12,30,0.00,3,Fog,39
1978-12-17,57,48,39,33,25,19,47,39,30,30.56,30.45,30.35,20,19,15,17,12,23,0.00,4,,75
1978-12-18,64,58,52,58,49,34,96,75,48,30.33,30.13,29.98,15,10,6,16,8,,0.00,7,,196
1978-12-19,72,64,55,62,59,54,100,89,71,29.99,29.90,29.79,10,6,0,22,13,28,0.00,6,Fog,206
1978-12-20,77,70,59,65,54,19,100,69,20,29.99,29.80,29.73,20,11,3,20,13,25,0.00,6,Fog,275
1978-12-21,57,48,39,32,24,15,63,40,19,30.25,30.15,30.07,20,20,20,28,11,26,0.00,0,,350
1978-12-22,63,48,32,31,26,23,75,47,26,30.15,30.07,29.99,20,19,6,64,6,,0.00,2,,192
1978-12-23,66,52,39,57,43,31,83,67,52,29.98,29.84,29.71,20,16,6,18,7,,0.08,4,,209
1978-12-24,57,50,42,44,27,23,67,43,27,30.10,29.98,29.78,20,20,20,17,12,,0.00,0,,327
1978-12-25,68,52,35,45,34,25,77,57,36,30.03,29.96,29.88,20,20,20,18,5,,0.00,0,,178
1978-12-26,57,51,45,51,42,32,97,73,47,30.25,30.11,29.97,20,14,10,20,6,,0.00,6,,5
1978-12-27,59,50,42,40,36,30,89,63,42,30.29,30.19,30.10,20,13,8,16,10,,0.00,7,,70
1978-12-28,57,50,43,57,44,34,100,77,61,30.09,30.00,29.93,20,9,1,9,6,,0.04,8,Fog-Rain,134
1978-12-29,64,60,57,63,59,57,100,98,87,29.99,29.93,29.88,7,2,0,9,5,,0.01,8,Fog,138
1978-12-30,60,48,35,60,47,34,100,98,93,30.13,30.05,29.96,10,2,0,18,8,,0.06,8,Fog-Rain,31
1978-12-31,35,32,30,34,32,29,100,94,88,30.17,30.08,30.00,10,7,3,18,14,,2.26,8,Fog-Rain-Thunderstorm,355
