
CST,Max TemperatureF,Mean TemperatureF,Min TemperatureF,Max Dew PointF,MeanDew PointF,Min DewpointF,Max Humidity, Mean Humidity, Min Humidity, Max Sea Level PressureIn, Mean Sea Level PressureIn, Min Sea Level PressureIn, Max VisibilityMiles, Mean VisibilityMiles, Min VisibilityMiles, Max Wind SpeedMPH, Mean Wind SpeedMPH, Max Gust SpeedMPH,PrecipitationIn, CloudCover, Events, WindDirDegrees
2012-1-1,63,55,47,43,29,24,66,45,23,30.61,30.46,30.18,10,10,9,18,8,25,0.00,0,,350
2012-1-2,60,49,37,28,25,21,64,44,23,30.76,30.66,30.61,10,10,10,13,5,20,0.00,0,,1
2012-1-3,62,47,31,35,26,21,92,57,22,30.63,30.48,30.30,10,10,10,12,4,20,0.00,0,,173
2012-1-4,73,57,41,46,40,33,89,63,37,30.33,30.27,30.22,10,10,10,8,2,14,0.00,0,,352
2012-1-5,70,57,44,50,42,32,77,57,37,30.35,30.24,30.12,10,10,10,7,2,10,0.00,3,,310
2012-1-6,74,65,55,56,53,45,93,67,40,30.05,29.94,29.90,10,8,2,15,5,29,0.00,3,,193
2012-1-7,69,59,49,56,47,38,100,67,34,29.96,29.96,29.96,10,7,0,9,2,14,0.00,3,Fog,287
2012-1-8,60,54,47,52,46,41,82,72,62,30.06,30.01,29.99,10,9,5,13,4,19,0.05,7,Rain,26
2012-1-9,57,50,42,52,48,39,100,89,77,30.10,30.02,29.97,10,6,1,15,8,25,0.87,8,Rain-Thunderstorm,342
2012-1-10,58,50,41,39,37,32,89,66,43,30.07,29.99,29.90,10,10,10,18,7,31,0.00,4,,304
2012-1-11,77,58,38,39,35,32,85,53,21,29.96,29.79,29.65,10,10,10,18,6,33,0.00,0,,277
2012-1-12,50,42,33,35,16,2,62,39,15,30.34,30.23,29.99,10,10,10,20,8,33,0.00,0,,338
2012-1-13,58,45,32,34,21,18,59,41,23,30.36,30.32,30.26,10,10,10,9,4,15,0.00,0,,269
2012-1-14,67,49,31,32,24,19,64,42,19,30.44,30.35,30.29,10,10,10,9,2,15,0.00,0,,213
2012-1-15,64,51,37,58,42,28,84,60,36,30.35,30.26,30.18,10,10,10,14,4,22,0.00,4,,178
2012-1-16,73,67,60,63,60,34,93,79,64,30.15,30.04,29.94,10,9,4,17,8,32,0.00,7,,177
2012-1-17,74,59,44,64,47,25,93,63,33,30.32,30.11,29.94,10,9,5,16,8,24,0.00,3,,351
2012-1-18,66,51,36,39,29,22,63,46,28,30.35,30.22,30.05,10,10,10,13,4,19,0.00,0,,153
2012-1-19,80,63,45,55,49,39,89,62,35,30.03,29.93,29.83,10,10,9,12,4,20,0.00,1,,195
2012-1-20,74,66,57,62,58,55,100,84,68,29.89,29.84,29.77,10,4,0,13,5,22,0.00,5,Fog,183
2012-1-21,61,52,43,57,41,32,100,74,47,30.08,29.97,29.86,10,8,1,14,5,20,0.00,2,,9
2012-1-22,76,63,50,63,51,27,93,68,42,29.96,29.82,29.73,10,7,2,13,5,22,0.00,6,,188
2012-1-23,67,58,48,39,36,31,66,47,27,30.16,30.05,29.96,10,10,10,10,4,12,0.00,1,,13
2012-1-24,68,58,47,66,54,39,100,78,55,30.03,29.91,29.81,10,5,0,12,4,19,0.40,8,Fog-Rain-Thunderstorm,116
2012-1-25,70,60,50,67,57,44,100,88,75,29.97,29.81,29.70,10,6,0,23,7,37,3.14,8,Fog-Rain-Thunderstorm,320
2012-1-26,70,59,47,45,41,33,93,60,27,30.12,30.00,29.95,10,10,10,15,5,21,0.00,4,,306
2012-1-27,71,55,38,47,42,37,92,65,38,30.12,30.04,29.94,10,10,10,15,4,25,0.00,0,,200
2012-1-28,59,50,41,40,28,22,57,42,26,30.47,30.37,30.13,10,10,10,16,9,27,0.00,0,,16
2012-1-29,63,49,34,36,30,24,75,53,30,30.52,30.42,30.35,10,10,10,12,2,15,0.00,0,,158
2012-1-30,64,53,41,58,49,34,93,75,56,30.35,30.23,30.15,10,8,3,13,4,20,0.20,6,Rain,176
2012-1-31,73,66,58,61,59,57,100,83,66,30.15,30.10,30.01,10,6,2,13,4,20,0.04,6,Rain,181
2012-2-1,82,71,59,63,60,57,97,71,45,30.14,30.08,30.00,10,7,1,9,1,14,T,6,Rain,310
2012-2-2,72,63,54,66,60,50,97,85,73,30.11,30.02,29.93,10,9,3,15,3,22,0.03,6,Rain,144
2012-2-3,75,71,66,67,64,63,93,79,64,29.99,29.94,29.89,10,9,4,14,5,23,0.04,8,Rain-Thunderstorm,166
2012-2-4,69,60,50,67,45,35,71,59,46,30.30,30.13,29.96,10,9,4,21,9,33,0.13,6,Rain-Thunderstorm,352
2012-2-5,50,46,41,38,35,32,82,67,52,30.41,30.34,30.29,10,10,7,20,8,28,0.09,5,Rain,357
2012-2-6,51,46,40,39,35,32,79,67,54,30.39,30.30,30.19,10,10,10,9,3,13,T,7,Rain,17
2012-2-7,67,55,43,44,40,38,83,63,43,30.35,30.23,30.17,10,10,8,8,3,13,0.00,3,,52
2012-2-8,56,49,41,40,38,35,79,67,55,30.50,30.40,30.34,10,10,7,13,6,21,0.00,1,,4
2012-2-9,58,48,37,42,38,35,92,74,55,30.37,30.26,30.14,10,8,3,12,4,15,0.00,3,,115
2012-2-10,65,57,48,49,43,31,93,62,30,30.34,30.16,30.10,10,7,2,16,5,25,0.15,5,Rain,330
2012-2-11,50,43,35,35,24,13,82,56,29,30.58,30.46,30.34,10,10,7,16,9,25,0.00,1,,23
2012-2-12,44,37,29,32,21,16,70,55,39,30.59,30.43,30.20,10,10,10,12,6,19,0.01,5,Rain,93
2012-2-13,64,52,39,53,42,34,96,82,67,30.18,30.02,29.85,10,6,1,9,3,13,0.25,6,Rain,66
2012-2-14,73,58,42,61,49,41,100,77,53,29.97,29.92,29.85,10,5,0,16,4,23,T,3,Fog,168
2012-2-15,78,68,57,65,59,43,100,67,33,30.05,29.92,29.86,10,5,1,13,4,21,T,5,Rain,244
2012-2-16,65,58,50,47,42,34,77,60,43,30.25,30.14,30.05,10,10,7,14,6,21,T,3,,5
2012-2-17,57,54,51,55,52,46,100,92,83,30.11,30.03,29.87,8,3,1,10,5,16,0.53,8,Rain-Thunderstorm,47
2012-2-18,57,53,48,55,52,43,100,89,77,30.08,29.88,29.80,10,7,1,15,7,26,1.72,8,Rain-Thunderstorm,345
2012-2-19,59,52,44,45,44,42,92,73,53,30.18,30.10,30.04,10,10,10,12,5,18,0.00,2,,39
2012-2-20,70,59,47,56,50,45,93,76,59,30.13,30.06,29.99,10,9,4,12,5,20,0.00,5,,170
2012-2-21,76,63,49,59,54,47,100,73,46,30.18,30.08,29.97,10,9,5,13,3,19,0.00,3,,182
2012-2-22,88,75,62,61,55,29,93,53,12,29.98,29.83,29.68,10,10,6,15,5,22,0.00,4,,210
2012-2-23,92,75,58,55,48,34,72,43,14,29.74,29.60,29.52,10,10,10,18,5,30,0.00,0,,234
2012-2-24,65,56,46,41,23,17,46,34,21,30.40,30.18,29.82,10,10,10,21,10,35,0.00,0,,15
2012-2-25,62,51,39,34,28,20,67,44,20,30.45,30.35,30.24,10,10,10,14,4,20,0.00,0,,205
2012-2-26,66,53,40,50,41,32,73,63,52,30.22,30.15,30.06,10,10,10,14,6,23,0.00,4,,180
2012-2-27,70,65,59,60,56,51,90,78,66,30.25,30.16,30.12,10,9,4,13,6,19,0.04,8,Rain,106
2012-2-28,78,70,62,65,63,60,100,80,60,30.14,30.02,29.88,10,6,0,18,9,31,0.04,7,Fog-Rain,163
2012-2-29,76,68,60,65,55,37,87,57,27,30.06,29.98,29.92,10,10,2,12,3,17,0.01,5,Rain,121
2012-3-1,72,63,53,67,59,47,93,78,62,29.94,29.84,29.69,10,7,2,9,2,15,0.00,6,,180
2012-3-2,83,71,59,67,55,36,90,55,20,29.80,29.72,29.65,10,8,4,15,6,23,0.00,4,,21
2012-3-3,66,56,45,38,26,16,50,33,16,30.22,30.06,29.83,10,10,10,18,8,28,T,3,,4
2012-3-4,73,58,42,35,31,28,67,43,19,30.27,30.21,30.14,10,10,8,15,4,26,0.00,0,,211
2012-3-5,76,62,47,49,39,34,66,46,25,30.35,30.28,30.22,10,10,10,20,6,29,0.00,0,,172
2012-3-6,75,65,54,58,53,50,89,66,43,30.23,30.11,30.00,10,10,10,22,11,35,0.00,4,,167
2012-3-7,73,69,64,66,62,57,90,79,68,30.02,29.95,29.88,10,9,2,21,10,32,0.01,8,Rain,161
2012-3-8,76,61,46,68,61,43,93,84,74,30.25,29.99,29.88,10,10,5,18,10,29,0.04,8,Rain,164
2012-3-9,46,44,42,43,41,38,96,86,76,30.39,30.32,30.24,10,6,1,15,9,28,1.27,8,Rain-Thunderstorm,357
2012-3-10,52,48,43,52,46,40,96,90,83,30.31,30.17,30.06,10,5,1,12,4,19,0.77,8,Rain-Thunderstorm,20
2012-3-11,74,63,51,59,53,50,100,77,53,30.07,30.03,29.94,10,7,1,12,4,20,0.34,6,Rain-Thunderstorm,297
2012-3-12,80,66,51,64,57,50,100,79,58,30.12,30.05,29.99,10,5,0,13,4,24,0.00,1,Fog,168
2012-3-13,80,72,64,66,64,62,100,79,58,30.15,30.09,30.00,10,7,1,15,6,22,0.00,7,,165
2012-3-14,79,73,67,66,65,62,93,79,64,30.14,30.07,30.02,10,9,6,16,8,25,T,7,Rain,149
2012-3-15,82,75,67,67,65,64,93,76,58,30.18,30.11,30.03,10,10,6,15,7,23,T,6,Rain,152
2012-3-16,80,74,68,66,65,63,93,76,58,30.14,30.07,29.97,10,9,7,14,8,26,T,6,,158
2012-3-17,79,73,66,65,64,61,93,74,54,30.07,30.01,29.94,10,10,10,17,9,26,0.00,6,,153
2012-3-18,75,71,67,66,65,64,93,83,73,30.02,29.94,29.85,10,10,8,20,9,31,T,6,Rain,157
2012-3-19,79,69,59,67,65,63,90,76,62,29.90,29.75,29.59,10,10,8,23,13,38,0.08,6,Rain,156
2012-3-20,70,61,52,58,51,40,93,65,37,29.85,29.75,29.66,10,7,1,17,4,29,2.77,6,Rain-Thunderstorm,355
2012-3-21,71,60,49,50,40,35,89,60,31,29.90,29.85,29.81,10,10,10,14,5,24,0.00,1,,260
2012-3-22,83,67,51,48,44,38,77,49,21,30.00,29.88,29.80,10,10,10,17,8,30,0.00,0,,202
2012-3-23,80,65,49,54,47,43,86,61,35,30.07,30.00,29.93,10,10,10,8,2,12,0.00,0,,83
2012-3-24,81,67,53,63,58,52,93,72,51,30.09,30.01,29.95,10,8,1,8,2,11,0.00,3,,115
2012-3-25,82,70,58,63,59,56,93,67,40,30.08,30.02,29.98,10,9,4,8,2,14,0.00,0,,138
2012-3-26,82,71,59,60,57,54,93,66,39,30.07,30.01,29.94,10,10,5,16,4,23,0.00,0,,168
2012-3-27,81,70,59,64,59,54,97,76,54,30.08,30.01,29.97,10,9,5,13,5,20,0.00,1,,163
2012-3-28,73,68,63,68,65,62,93,89,84,30.05,29.99,29.93,10,8,2,10,4,15,0.19,8,Rain-Thunderstorm,157
2012-3-29,81,73,64,68,66,63,100,79,58,29.98,29.89,29.78,10,6,2,10,4,18,T,7,Rain,170
2012-3-30,84,76,68,68,66,63,93,74,55,29.90,29.83,29.74,10,8,4,12,5,18,0.00,5,,173
2012-3-31,88,77,65,69,66,63,100,76,51,29.88,29.82,29.76,10,8,2,14,6,21,0.00,3,,179
2012-4-1,87,78,68,68,66,63,90,71,51,29.85,29.77,29.67,10,8,5,15,7,25,0.00,4,,174
2012-4-2,86,78,70,69,67,59,97,72,47,29.70,29.64,29.54,10,8,4,16,8,24,0.00,5,,149
2012-4-3,86,75,63,70,65,48,87,73,58,29.82,29.73,29.65,10,8,2,13,5,20,0.08,6,Rain-Thunderstorm,106
2012-4-4,85,71,57,57,52,47,86,59,31,29.90,29.82,29.72,10,10,10,12,4,19,0.00,0,,96
2012-4-5,92,77,62,65,60,52,100,63,26,29.88,29.81,29.75,10,8,4,10,3,16,0.00,2,,148
2012-4-6,84,73,61,65,57,53,73,59,45,30.03,29.95,29.89,10,10,10,13,5,20,0.00,1,,114
2012-4-7,85,76,67,66,64,60,93,71,48,30.18,30.07,30.00,10,9,5,10,5,18,0.00,5,,161
2012-4-8,83,73,63,63,60,57,93,69,45,30.23,30.18,30.13,10,10,10,9,3,14,0.00,1,,145
2012-4-9,83,73,63,62,59,57,87,65,43,30.18,30.12,30.05,10,10,10,12,3,16,0.00,0,,181
2012-4-10,84,73,61,62,59,58,90,67,43,30.12,30.07,30.01,10,10,8,12,3,17,0.00,0,,179
2012-4-11,85,73,60,64,61,58,97,70,43,30.13,30.05,29.95,10,9,4,14,5,21,0.00,2,,169
2012-4-12,86,77,68,65,64,61,87,66,44,30.06,29.98,29.89,10,10,8,18,7,29,T,7,Rain,154
2012-4-13,83,75,67,68,65,63,90,74,58,29.99,29.92,29.83,10,10,5,16,8,28,T,7,Rain,156
2012-4-14,80,76,71,70,67,65,90,77,64,29.89,29.81,29.73,10,10,7,23,11,38,0.00,8,,159
2012-4-15,77,68,58,70,61,48,84,60,36,29.93,29.79,29.67,10,9,2,18,6,33,0.12,7,Rain,174
2012-4-16,76,65,54,58,52,45,93,66,38,30.14,30.05,29.94,10,10,10,12,4,19,0.00,2,Thunderstorm,21
2012-4-17,84,71,57,58,50,40,93,57,20,30.22,30.15,30.10,10,10,8,10,4,16,0.00,0,,30
2012-4-18,83,70,57,59,53,49,84,59,34,30.20,30.11,29.98,10,10,7,10,4,16,0.00,2,,140
2012-4-19,86,72,57,60,53,47,80,57,34,30.01,29.89,29.76,10,10,10,14,6,23,0.00,0,,175
2012-4-20,77,69,61,62,56,38,93,61,29,30.00,29.85,29.73,10,10,9,18,7,29,0.02,3,Rain-Thunderstorm,360
2012-4-21,81,67,53,45,41,36,71,46,21,30.07,30.02,29.96,10,10,10,14,6,21,0.00,0,,354
2012-4-22,91,71,51,51,46,41,77,49,20,30.12,30.05,29.99,10,10,10,10,3,17,0.00,0,,85
2012-4-23,82,71,59,45,41,37,52,39,25,30.24,30.14,30.05,10,10,10,10,4,19,0.00,0,,47
2012-4-24,88,72,55,58,52,45,72,52,31,30.07,29.99,29.88,10,10,10,16,6,26,0.00,0,,173
2012-4-25,92,79,65,68,64,59,87,63,38,29.94,29.87,29.77,10,10,10,16,9,26,0.00,3,,183
2012-4-26,94,80,66,68,64,60,87,62,36,29.87,29.82,29.77,10,10,10,16,8,26,0.00,1,,177
2012-4-27,90,79,68,66,64,60,87,63,38,29.86,29.80,29.73,10,10,10,20,9,31,0.00,3,,175
2012-4-28,91,80,68,67,63,32,90,64,38,29.88,29.82,29.76,10,9,5,20,10,32,0.00,5,,166
2012-4-29,88,80,71,68,65,59,90,65,40,29.98,29.89,29.82,10,10,7,16,10,29,0.00,5,,152
2012-4-30,85,79,73,70,68,66,87,71,55,30.02,29.94,29.86,10,10,9,16,7,24,0.00,6,,155
2012-5-1,89,80,71,68,67,64,90,68,46,29.97,29.90,29.79,10,10,10,16,8,25,T,5,,153
2012-5-2,88,80,71,68,66,64,90,68,46,29.93,29.87,29.80,10,10,10,14,5,22,0.00,5,,181
2012-5-3,93,82,71,69,68,66,90,67,44,29.97,29.90,29.83,10,10,10,13,7,21,0.00,4,,162
2012-5-4,93,83,72,70,68,66,90,67,44,29.99,29.93,29.82,10,10,9,14,7,21,0.00,3,,173
2012-5-5,96,84,71,71,69,66,87,63,39,30.01,29.87,29.74,10,9,5,16,7,26,0.11,4,,162
2012-5-6,93,80,66,71,66,63,100,69,38,29.96,29.86,29.77,10,8,2,14,6,26,0.69,4,Rain-Thunderstorm,178
2012-5-7,92,80,67,70,68,63,90,69,47,29.92,29.85,29.74,10,9,2,23,5,39,0.42,4,Rain-Thunderstorm,65
2012-5-8,70,67,63,66,64,32,93,90,87,30.04,29.97,29.89,10,8,2,10,4,18,0.26,5,Rain,350
2012-5-9,83,72,61,63,61,60,93,70,47,30.08,29.99,29.88,10,10,7,14,4,24,0.03,5,Rain,9
2012-5-10,73,68,63,68,64,60,100,84,68,29.95,29.86,29.75,10,6,0,20,6,32,2.70,7,Fog-Rain-Thunderstorm,106
2012-5-11,83,73,62,68,63,61,100,74,47,29.94,29.85,29.78,10,8,0,8,2,14,0.03,7,Fog-Rain,341
2012-5-12,82,73,64,65,61,57,93,69,45,30.13,30.06,29.95,10,10,7,10,5,17,0.00,6,,339
2012-5-13,84,73,61,60,57,53,90,64,37,30.19,30.12,30.05,10,10,10,12,4,16,0.00,1,,6
2012-5-14,86,75,63,65,58,32,87,64,40,30.10,30.04,29.96,10,9,2,14,3,24,0.33,3,Rain-Thunderstorm,344
2012-5-15,74,68,61,64,63,60,100,82,64,30.13,30.06,29.99,10,6,1,9,1,12,0.88,7,Rain-Thunderstorm,97
2012-5-16,86,73,59,62,58,55,100,69,37,30.09,30.05,29.96,10,7,1,8,2,12,0.00,2,,63
2012-5-17,88,75,62,61,57,52,84,57,29,30.03,29.97,29.90,10,10,10,9,3,15,0.00,0,,183
2012-5-18,87,75,63,65,62,59,93,68,42,29.96,29.90,29.83,10,10,6,16,6,24,0.00,0,,167
2012-5-19,89,80,70,68,66,61,90,67,43,29.97,29.91,29.86,10,9,6,14,7,24,0.00,5,,173
2012-5-20,87,77,66,67,63,57,93,65,36,30.12,30.04,29.96,10,9,5,9,3,13,0.00,2,,138
2012-5-21,92,79,66,65,62,58,93,64,34,30.13,30.08,30.01,10,10,6,8,1,12,0.00,0,,213
2012-5-22,91,80,69,64,61,32,73,56,38,30.02,29.94,29.81,10,10,10,12,4,17,0.00,0,,195
2012-5-23,90,79,68,70,66,56,90,71,52,29.82,29.73,29.61,10,10,9,18,9,29,0.00,4,,170
2012-5-24,91,82,73,71,68,32,87,70,52,29.78,29.66,29.62,10,10,10,17,9,26,0.00,5,,171
2012-5-25,92,83,73,71,70,68,87,68,49,29.96,29.83,29.75,10,9,6,18,10,27,0.00,5,,162
2012-5-26,92,83,74,72,69,64,87,64,41,30.01,29.96,29.88,10,10,8,15,9,24,0.00,4,,159
2012-5-27,90,82,73,70,66,32,87,64,41,30.01,29.93,29.83,10,10,10,14,7,22,0.00,4,,157
2012-5-28,92,82,71,70,68,66,93,69,44,29.94,29.88,29.78,10,10,10,13,7,21,0.00,3,,171
2012-5-29,94,84,74,72,70,67,93,70,46,29.93,29.87,29.80,10,10,10,10,6,19,0.00,3,,163
2012-5-30,92,84,75,72,69,66,87,66,44,29.95,29.83,29.69,10,10,7,20,7,32,T,5,Rain-Thunderstorm,157
2012-5-31,94,84,74,71,65,53,87,57,26,29.91,29.79,29.70,10,10,10,15,6,30,T,3,,103
2012-6-1,92,81,69,64,60,52,68,51,34,30.03,29.92,29.83,10,10,10,10,5,16,0.00,0,,94
2012-6-2,94,83,72,70,68,64,93,67,41,29.98,29.90,29.79,10,10,10,13,7,24,0.00,2,,175
2012-6-3,92,83,74,71,70,68,87,68,49,29.96,29.89,29.81,10,10,10,13,7,22,0.00,3,,177
2012-6-4,92,83,74,72,70,68,93,71,49,29.94,29.85,29.73,10,10,10,13,6,19,0.00,5,,169
2012-6-5,95,85,74,72,69,64,93,66,39,29.88,29.79,29.69,10,10,10,10,4,18,0.00,2,,187
2012-6-6,96,85,73,70,65,43,87,61,34,29.80,29.76,29.71,10,10,10,14,4,19,0.00,0,,157
2012-6-7,91,81,71,69,66,64,79,62,44,29.95,29.89,29.80,10,10,10,12,5,19,T,3,Rain,42
2012-6-8,88,80,72,68,67,64,90,68,46,29.98,29.91,29.81,10,10,8,12,3,17,0.01,6,,26
2012-6-9,94,81,67,67,65,63,84,60,36,29.87,29.78,29.69,10,10,10,14,4,21,0.00,1,,153
2012-6-10,97,85,73,73,70,68,87,66,45,29.81,29.75,29.71,10,10,10,15,7,22,0.00,3,,168
2012-6-11,101,90,78,75,71,66,85,59,33,29.96,29.85,29.78,10,10,8,17,8,26,0.00,3,,175
2012-6-12,97,84,70,75,71,62,85,63,40,30.06,29.99,29.93,10,10,4,21,6,37,0.03,4,Rain-Thunderstorm,151
2012-6-13,96,83,70,72,68,64,84,63,41,30.10,29.95,29.81,10,10,10,13,6,22,T,4,,122
2012-6-14,97,87,77,72,70,67,82,61,39,29.95,29.87,29.80,10,10,10,16,8,26,0.00,3,,166
2012-6-15,97,87,76,73,70,62,82,59,36,30.01,29.92,29.84,10,10,10,14,8,23,0.00,4,,169
2012-6-16,97,86,75,73,70,61,94,63,31,30.06,29.99,29.89,10,10,9,15,6,22,0.00,3,,142
2012-6-17,96,85,74,72,68,64,87,63,39,30.06,29.96,29.83,10,10,10,13,5,18,0.00,3,,144
2012-6-18,97,86,74,68,65,63,74,55,35,29.84,29.79,29.73,10,10,10,17,7,26,0.00,0,,158
2012-6-19,95,85,75,72,71,68,87,66,44,29.90,29.85,29.79,10,10,5,21,9,31,0.01,5,Rain-Thunderstorm,155
2012-6-20,94,85,76,73,71,66,94,69,44,29.95,29.90,29.86,10,10,9,18,8,30,0.01,5,Rain-Thunderstorm,147
2012-6-21,95,84,73,72,68,58,93,63,33,30.04,29.97,29.89,10,10,9,9,3,16,0.00,3,,114
2012-6-22,98,84,70,69,63,57,90,59,27,29.96,29.90,29.82,10,10,10,10,2,17,0.00,1,,180
2012-6-23,99,86,73,67,62,52,79,50,21,29.88,29.85,29.82,10,10,10,10,3,15,0.00,0,,133
2012-6-24,101,88,75,69,65,59,79,53,27,29.95,29.89,29.83,10,10,10,9,2,13,0.00,0,,170
2012-6-25,105,90,74,67,61,53,74,46,18,29.91,29.83,29.76,10,10,10,9,3,18,0.00,0,,349
2012-6-26,109,93,77,64,61,57,56,39,21,29.82,29.76,29.67,10,10,10,8,3,12,0.00,0,,313
2012-6-27,106,91,76,64,62,60,41,33,25,29.96,29.88,29.80,10,10,10,12,8,21,0.00,0,,149
2012-6-28,100,88,76,71,64,58,74,50,26,30.01,29.96,29.91,10,10,10,13,5,21,0.00,0,,161
2012-6-29,99,88,77,73,70,65,85,60,35,30.03,29.94,29.86,10,10,8,16,6,24,0.00,1,,157
2012-6-30,94,84,74,73,70,65,93,67,41,29.93,29.88,29.83,10,10,10,17,6,26,0.00,3,,126
2012-7-1,90,82,73,73,71,67,94,73,52,30.03,29.95,29.88,10,8,1,15,7,21,0.38,6,Rain,136
2012-7-2,97,87,76,74,70,59,94,62,30,30.10,30.01,29.93,10,10,5,18,7,27,0.00,5,,147
2012-7-3,98,86,73,73,69,57,93,61,29,30.09,30.00,29.87,10,10,7,17,6,25,0.00,3,,162
2012-7-4,99,88,77,73,69,63,88,61,33,30.06,29.96,29.87,10,10,8,16,8,24,0.00,4,,158
2012-7-5,100,88,75,73,69,59,94,62,29,30.06,29.98,29.90,10,10,7,13,6,22,0.00,2,,169
2012-7-6,99,87,75,73,68,56,88,56,24,30.08,30.00,29.90,10,10,9,12,4,18,0.00,2,,153
2012-7-7,100,88,75,72,67,63,87,60,33,30.02,29.97,29.90,10,10,10,13,4,22,0.00,2,Thunderstorm,106
2012-7-8,99,87,75,72,69,63,79,57,35,30.01,29.96,29.90,10,10,10,14,3,24,0.01,2,Rain-Thunderstorm,152
2012-7-9,99,86,72,76,72,67,93,64,35,30.01,29.93,29.83,10,8,1,15,4,25,0.85,4,Rain-Thunderstorm,212
2012-7-10,91,82,72,75,72,70,100,76,52,29.98,29.92,29.83,10,8,2,10,2,15,0.51,5,Rain-Thunderstorm,187
2012-7-11,88,80,72,75,73,71,100,80,59,29.94,29.91,29.87,10,9,6,13,2,19,0.12,4,Rain-Thunderstorm,277
2012-7-12,96,85,73,73,71,67,100,71,41,29.96,29.92,29.84,10,8,2,10,3,18,0.00,4,,217
2012-7-13,97,86,74,75,72,67,94,68,42,29.98,29.94,29.90,10,10,6,13,2,20,0.01,3,Rain-Thunderstorm,55
2012-7-14,95,83,71,74,70,67,93,67,41,30.04,29.97,29.87,10,9,2,12,2,19,1.24,5,Rain-Thunderstorm,136
2012-7-15,93,81,68,74,70,67,100,75,49,30.04,29.99,29.89,10,7,0,15,3,24,2.70,5,Fog-Rain-Thunderstorm,288
2012-7-16,93,81,69,74,70,67,100,72,44,30.04,29.96,29.88,10,10,8,13,4,19,0.00,4,,166
2012-7-17,90,83,76,75,73,71,94,77,59,30.03,29.95,29.88,10,10,10,12,5,16,T,3,,144
2012-7-18,92,84,76,75,73,67,88,70,51,30.07,30.00,29.94,10,10,10,10,4,16,0.00,3,,165
2012-7-19,95,85,74,74,72,68,94,69,43,30.11,30.05,29.99,10,10,10,10,4,17,0.00,1,,195
2012-7-20,98,87,75,72,69,66,87,63,38,30.08,30.02,29.93,10,10,10,10,4,17,0.00,0,,199
2012-7-21,100,88,75,72,68,61,87,59,30,30.00,29.94,29.86,10,10,10,10,4,18,0.00,0,,188
2012-7-22,94,85,75,74,70,63,87,64,41,30.07,29.97,29.92,10,10,10,12,5,18,0.00,1,,162
2012-7-23,95,86,76,74,71,66,88,65,41,30.12,30.05,29.99,10,10,10,16,6,23,0.00,3,,173
2012-7-24,96,87,77,74,72,66,88,65,41,30.11,30.03,29.90,10,10,10,15,7,21,0.00,5,,164
2012-7-25,96,86,76,74,72,67,88,65,41,30.01,29.94,29.82,10,10,10,15,7,23,0.00,3,,183
2012-7-26,97,87,76,73,71,69,87,65,42,29.98,29.89,29.81,10,10,9,15,7,23,0.00,4,,180
2012-7-27,97,87,77,75,72,67,88,64,39,30.06,29.99,29.94,10,9,6,13,5,20,0.00,5,,170
2012-7-28,99,86,73,72,67,55,93,59,25,30.11,30.05,29.98,10,10,7,8,2,15,0.00,0,,196
2012-7-29,100,87,74,71,68,64,87,60,33,30.07,30.00,29.92,10,10,10,13,3,20,0.00,0,,181
2012-7-30,99,87,74,72,68,64,82,58,33,30.02,29.96,29.88,10,10,10,13,5,20,0.00,0,,169
2012-7-31,101,88,75,74,69,63,88,60,31,29.99,29.94,29.88,10,10,10,12,5,20,0.00,0,,174
2012-8-1,102,89,75,72,67,62,87,58,29,29.98,29.91,29.83,10,10,10,12,6,17,0.00,0,,178
2012-8-2,102,88,74,72,68,61,93,60,27,29.93,29.86,29.78,10,10,9,15,6,22,0.00,2,,174
2012-8-3,101,88,75,72,68,64,87,60,33,29.89,29.85,29.79,10,10,10,14,7,26,0.00,0,,172
2012-8-4,100,88,76,74,70,64,94,64,33,30.00,29.93,29.88,10,10,10,14,7,21,0.00,2,,173
2012-8-5,97,86,75,73,70,66,88,65,41,30.09,30.04,30.00,10,10,10,21,3,27,T,1,,174
2012-8-6,97,85,73,71,67,61,87,59,30,30.08,30.02,29.94,10,10,10,9,2,15,T,0,Rain,153
2012-8-7,101,89,77,71,68,63,79,54,29,29.96,29.92,29.85,10,10,10,10,3,17,0.00,0,,190
2012-8-8,101,89,76,72,67,60,79,54,29,29.98,29.92,29.86,10,10,10,10,4,18,0.00,0,,179
2012-8-9,103,90,77,72,68,62,79,54,29,29.96,29.90,29.82,10,10,10,9,4,17,0.00,0,,202
2012-8-10,107,92,77,72,69,64,79,54,29,29.91,29.85,29.77,10,10,5,18,2,37,0.03,1,Rain-Thunderstorm,237
2012-8-11,103,89,74,70,65,58,84,55,25,29.93,29.87,29.82,10,10,10,8,3,18,0.00,0,,175
2012-8-12,102,90,77,72,67,64,76,53,29,29.95,29.90,29.84,10,10,10,14,6,20,0.00,0,,167
2012-8-13,103,91,79,72,69,64,79,54,29,30.01,29.93,29.86,10,10,10,13,5,19,T,0,Rain-Thunderstorm,197
2012-8-14,102,90,78,73,68,61,85,56,27,30.01,29.90,29.79,10,10,2,15,6,22,0.00,0,,183
2012-8-15,102,90,78,73,66,55,85,55,24,29.92,29.86,29.79,10,10,10,15,8,23,0.00,0,,169
2012-8-16,101,89,77,73,70,63,85,58,31,30.01,29.94,29.86,10,10,10,14,7,23,0.00,2,,174
2012-8-17,102,90,78,74,70,63,85,58,31,30.04,29.93,29.81,10,10,10,13,5,21,0.00,2,,177
2012-8-18,89,80,71,75,71,68,79,67,55,29.98,29.91,29.78,10,8,0,15,5,23,1.21,5,Fog-Rain-Thunderstorm,91
2012-8-19,90,80,70,70,69,68,93,74,55,29.99,29.92,29.86,10,10,10,10,3,16,T,5,Rain,93
2012-8-20,96,84,71,70,64,57,93,62,30,29.96,29.91,29.84,10,9,7,10,3,18,0.00,0,,345
2012-8-21,93,83,72,69,63,57,84,62,40,30.01,29.96,29.90,10,10,10,12,4,19,T,2,Rain,41
2012-8-22,92,82,71,69,65,62,79,59,38,30.09,30.01,29.94,10,10,8,9,3,14,T,3,Rain,65
2012-8-23,94,83,72,71,68,61,93,65,36,30.05,29.97,29.88,10,10,8,13,3,20,0.00,1,,117
2012-8-24,97,86,74,73,70,64,94,65,35,29.97,29.89,29.77,10,10,10,16,6,23,0.00,4,,152
2012-8-25,98,88,77,73,71,65,88,62,35,29.94,29.87,29.80,10,10,8,16,8,25,0.00,4,,171
2012-8-26,96,87,78,74,72,68,85,65,44,30.05,29.96,29.90,10,10,9,16,6,22,0.00,4,,169
2012-8-27,98,86,74,72,67,60,87,59,30,30.04,29.97,29.89,10,10,10,10,2,15,0.00,1,,22
2012-8-28,98,88,77,70,68,66,76,57,38,29.94,29.87,29.79,10,10,10,10,5,17,0.00,1,,348
2012-8-29,98,89,79,70,65,56,71,52,33,29.84,29.78,29.69,10,10,10,16,7,24,0.00,1,,6
2012-8-30,103,91,78,65,60,53,58,42,25,29.78,29.73,29.66,10,10,10,14,5,23,0.00,0,,350
2012-8-31,100,87,73,72,66,59,74,50,26,29.96,29.87,29.78,10,10,10,17,4,29,0.00,0,,167
2012-9-1,101,90,78,75,73,66,91,62,33,30.08,30.01,29.94,10,10,9,17,7,27,0.00,4,,176
2012-9-2,100,88,75,73,69,58,94,62,29,30.08,29.98,29.88,10,10,10,13,6,21,0.00,1,,183
2012-9-3,101,88,75,73,68,60,88,58,27,30.04,29.94,29.83,10,10,10,12,6,20,0.00,1,,184
2012-9-4,103,90,76,73,68,55,88,55,21,29.98,29.90,29.79,10,10,10,13,7,20,0.00,2,,178
2012-9-5,103,90,76,73,66,56,94,59,24,29.93,29.85,29.76,10,10,10,10,6,20,0.00,1,,162
2012-9-6,102,88,74,73,67,58,94,59,24,29.94,29.87,29.81,10,10,10,10,4,17,0.00,0,,167
2012-9-7,103,89,75,71,64,55,82,53,23,29.90,29.83,29.75,10,10,10,12,3,17,0.00,0,,167
2012-9-8,89,81,73,68,56,40,67,45,23,30.05,29.96,29.79,10,10,10,16,8,27,0.00,0,,5
2012-9-9,93,80,67,48,41,30,48,31,13,30.14,30.07,30.00,10,10,10,10,4,17,0.00,0,,9
2012-9-10,95,78,61,56,45,39,60,38,15,30.11,30.04,29.97,10,10,10,10,3,16,0.00,0,,78
2012-9-11,93,79,64,67,58,51,84,55,26,30.09,30.01,29.94,10,10,10,13,3,21,0.00,0,,128
2012-9-12,99,87,75,71,69,63,82,58,33,30.08,29.99,29.89,10,10,10,16,6,24,T,5,Rain-Thunderstorm,141
2012-9-13,87,79,71,75,72,68,93,79,65,30.16,30.06,29.98,10,9,5,17,5,26,0.38,6,Rain-Thunderstorm,145
2012-9-14,72,69,66,70,66,62,100,87,73,30.23,30.17,30.13,10,8,2,9,5,15,0.83,8,Rain,348
2012-9-15,81,74,66,67,62,60,81,70,58,30.22,30.16,30.07,10,10,10,9,3,14,0.00,7,,351
2012-9-16,73,69,65,67,65,63,100,87,73,30.12,30.05,29.96,10,6,0,7,2,10,2.27,8,Fog-Rain,8
2012-9-17,85,75,65,66,65,61,100,72,44,29.99,29.90,29.79,10,7,2,8,2,12,0.00,5,,318
2012-9-18,87,77,66,67,64,61,93,68,42,30.06,29.98,29.88,10,10,10,13,3,20,0.00,1,,1
2012-9-19,88,75,61,63,56,50,84,57,29,30.13,30.07,30.01,10,10,10,9,2,11,0.00,0,,54
2012-9-20,90,77,63,68,62,57,93,65,37,30.11,30.04,29.96,10,9,6,10,2,14,0.00,1,,183
2012-9-21,91,77,62,60,55,49,84,55,26,30.01,29.97,29.92,10,10,10,8,2,12,0.00,0,,136
2012-9-22,90,77,63,63,60,54,93,64,34,30.09,30.04,29.98,10,10,10,8,2,12,0.00,0,,143
2012-9-23,93,80,66,66,62,57,87,60,32,30.17,30.11,30.07,10,10,10,8,2,15,0.00,0,,144
2012-9-24,92,81,69,71,67,61,100,69,38,30.18,30.08,29.97,10,10,5,12,5,20,0.00,2,,187
2012-9-25,92,82,71,71,67,59,93,66,38,30.06,29.99,29.89,10,9,4,15,6,26,0.00,4,,187
2012-9-26,92,82,72,71,66,56,93,63,32,30.05,29.98,29.91,10,10,6,13,6,21,0.00,2,,166
2012-9-27,90,80,69,71,68,63,93,70,46,30.08,30.03,29.95,10,10,6,12,4,18,0.00,3,,128
2012-9-28,86,79,72,73,70,66,100,78,55,30.07,30.00,29.90,10,9,2,16,3,24,0.31,5,Rain,127
2012-9-29,82,75,67,73,71,66,100,87,74,29.98,29.83,29.69,10,7,0,15,5,23,1.91,8,Fog-Rain,221
2012-9-30,79,72,64,66,63,59,93,76,58,29.89,29.81,29.75,10,9,4,16,8,28,T,6,Rain,340
2012-10-1,84,73,61,62,56,50,97,66,34,29.89,29.86,29.81,10,10,9,10,5,19,0.00,0,,326
2012-10-2,82,72,61,56,54,50,78,57,35,29.99,29.94,29.88,10,10,10,13,5,21,0.00,0,,323
2012-10-3,85,71,56,60,55,53,93,65,37,30.02,29.98,29.94,10,10,10,12,4,18,0.00,0,,162
2012-10-4,90,79,67,71,67,61,90,70,50,30.10,30.05,30.00,10,10,10,14,7,22,0.00,5,,152
2012-10-5,89,80,71,70,68,64,93,71,48,30.12,30.04,29.94,10,9,5,15,5,23,0.00,3,,162
2012-10-6,72,64,55,67,57,48,90,77,63,30.16,30.06,29.97,10,10,10,14,7,22,0.00,7,,15
2012-10-7,58,54,50,46,42,38,77,66,54,30.27,30.21,30.16,10,10,10,15,8,23,T,8,,17
2012-10-8,70,60,50,51,44,37,75,61,47,30.27,30.18,30.09,10,10,10,8,4,13,0.00,5,,19
2012-10-9,80,70,59,67,60,52,84,71,58,30.08,30.00,29.91,10,10,8,15,5,23,0.00,6,,192
2012-10-10,88,80,71,72,69,67,100,76,51,30.14,30.05,29.98,10,8,2,13,2,18,T,7,,133
2012-10-11,84,78,72,76,72,69,93,84,74,30.16,30.10,30.05,10,8,0,16,6,24,0.52,6,Fog-Rain,146
2012-10-12,88,80,72,71,69,65,93,71,48,30.19,30.12,30.04,10,9,4,12,5,18,0.00,6,,150
2012-10-13,83,79,74,75,72,70,94,87,79,30.08,30.00,29.87,10,9,2,12,7,20,0.09,8,Rain,163
2012-10-14,88,76,64,71,63,49,87,58,29,30.08,30.01,29.92,10,9,3,13,3,22,0.12,3,Rain-Thunderstorm,341
2012-10-15,79,70,60,57,52,49,78,57,35,30.12,30.05,29.98,10,10,10,7,2,12,0.00,0,,9
2012-10-16,72,67,61,66,61,55,100,82,63,29.98,29.86,29.79,10,8,2,10,2,16,0.12,6,Rain,154
2012-10-17,90,77,64,70,65,53,100,74,47,29.80,29.72,29.59,10,8,2,12,4,17,0.00,5,,199
2012-10-18,79,67,55,53,43,35,57,40,22,30.00,29.89,29.75,10,10,10,14,5,21,0.00,0,,31
2012-10-19,83,67,50,48,41,27,83,48,13,30.06,29.99,29.92,10,10,10,6,1,10,0.00,0,,300
2012-10-20,87,71,55,71,59,43,87,70,53,29.94,29.87,29.78,10,10,10,13,5,20,0.00,5,,190
2012-10-21,91,83,74,71,69,65,87,67,47,29.95,29.88,29.82,10,10,8,16,8,24,0.00,5,,175
2012-10-22,89,81,72,72,70,67,93,72,51,30.00,29.94,29.89,10,10,10,16,7,24,0.00,5,,159
2012-10-23,85,78,71,69,68,65,90,74,58,30.00,29.95,29.88,10,10,10,10,5,17,0.00,6,,155
2012-10-24,87,77,67,67,65,62,100,73,46,30.02,29.94,29.84,10,10,6,15,6,25,0.00,3,,162
2012-10-25,88,76,63,69,65,49,93,68,43,30.01,29.87,29.81,10,10,10,15,6,23,0.00,6,,179
2012-10-26,63,57,50,51,43,33,66,56,46,30.29,30.15,30.01,10,10,4,16,9,29,0.11,8,Rain,359
2012-10-27,64,54,44,34,32,28,62,45,28,30.34,30.24,30.15,10,10,10,12,5,18,0.00,4,,356
2012-10-28,67,55,43,35,30,26,62,42,22,30.30,30.24,30.18,10,10,10,9,3,16,0.00,0,,1
2012-10-29,70,55,40,40,35,31,79,52,25,30.32,30.23,30.14,10,10,10,7,1,11,0.00,0,,128
2012-10-30,78,61,43,52,45,38,83,60,36,30.14,30.07,29.98,10,10,10,9,2,16,0.00,0,,173
2012-10-31,86,71,56,63,54,47,93,61,28,30.06,30.01,29.95,10,10,10,7,2,11,0.00,0,,277
2012-11-1,88,73,57,64,55,51,87,59,30,30.07,30.01,29.95,10,10,10,9,2,15,0.00,0,,220
2012-11-2,85,73,61,64,60,55,93,65,37,30.06,29.99,29.91,10,10,8,12,3,19,0.00,2,,175
2012-11-3,87,75,63,67,63,53,100,66,32,30.11,30.04,29.96,10,8,0,16,3,26,0.00,3,Fog,153
2012-11-4,82,71,59,61,59,56,93,69,45,30.12,30.07,30.02,10,10,10,9,2,15,0.00,1,,2
2012-11-5,86,72,58,62,55,40,90,63,35,30.08,30.03,29.93,10,10,10,12,4,21,0.00,0,,329
2012-11-6,80,65,49,45,40,36,71,48,25,30.20,30.12,30.07,10,10,10,7,2,12,0.00,0,,25
2012-11-7,82,67,52,48,45,42,83,55,26,30.20,30.12,30.05,10,10,10,10,3,17,0.00,0,,136
2012-11-8,85,70,55,60,55,49,93,63,32,30.16,30.08,29.99,10,8,0,14,5,26,0.00,2,Fog,159
2012-11-9,85,74,62,64,60,54,93,65,37,30.10,30.03,29.94,10,10,9,16,9,30,0.00,3,,169
2012-11-10,84,74,64,63,61,57,87,65,43,30.05,29.95,29.87,10,10,10,21,9,32,0.00,3,,170
2012-11-11,81,74,66,65,54,19,84,54,24,30.18,29.93,29.83,10,10,10,15,7,27,0.00,5,,214
2012-11-12,66,54,42,45,27,20,66,41,16,30.50,30.41,30.19,10,10,10,14,7,23,0.00,2,,14
2012-11-13,56,48,39,28,25,23,55,41,27,30.52,30.43,30.35,10,10,10,10,2,17,0.00,4,,42
2012-11-14,68,57,46,34,29,23,60,40,20,30.44,30.35,30.28,10,10,10,7,2,11,0.00,2,,60
2012-11-15,65,53,41,42,35,31,70,51,31,30.33,30.28,30.22,10,10,10,7,1,9,0.00,5,,148
2012-11-16,70,58,46,37,32,27,61,41,21,30.40,30.33,30.29,10,10,10,12,3,17,0.00,1,,34
2012-11-17,69,54,39,36,32,29,70,46,22,30.42,30.34,30.29,10,10,10,8,1,11,0.00,0,,114
2012-11-18,76,61,45,52,44,36,76,55,33,30.31,30.25,30.18,10,10,9,13,4,22,0.00,0,,163
2012-11-19,77,67,56,55,52,50,86,66,46,30.27,30.20,30.14,10,10,10,12,3,17,0.00,3,,178
2012-11-20,83,68,53,57,54,51,93,65,37,30.22,30.16,30.10,10,10,9,6,1,10,0.00,0,,224
2012-11-21,82,69,55,57,51,45,93,62,30,30.26,30.19,30.15,10,10,9,9,2,13,0.00,0,,183
2012-11-22,80,68,55,57,54,47,93,68,42,30.17,30.11,30.03,10,9,2,13,4,22,0.00,0,,189
2012-11-23,72,64,56,57,45,23,93,58,23,30.38,30.27,30.13,10,10,6,16,6,24,0.00,5,,2
2012-11-24,66,56,46,29,22,17,49,33,16,30.43,30.31,30.17,10,10,10,9,3,16,0.00,1,,34
2012-11-25,77,62,46,58,47,26,78,58,38,30.15,30.02,29.92,10,10,10,14,4,22,0.00,2,,186
2012-11-26,85,73,60,62,58,41,93,66,39,30.21,29.98,29.90,10,10,4,12,6,19,0.00,4,Thunderstorm,225
2012-11-27,60,50,40,43,36,31,82,64,45,30.40,30.33,30.22,10,10,10,16,6,25,0.00,5,,356
2012-11-28,69,53,37,43,39,35,92,64,35,30.47,30.37,30.29,10,10,6,8,2,12,0.00,0,,127
2012-11-29,72,58,43,58,47,40,93,71,49,30.30,30.23,30.14,10,7,0,10,2,15,0.00,4,Fog,176
2012-11-30,79,71,62,63,60,58,93,72,50,30.19,30.12,30.04,10,8,2,9,3,16,0.00,6,,188
2012-12-1,83,75,67,66,64,59,90,69,47,30.13,30.07,29.99,10,10,10,14,5,23,T,6,,177
2012-12-2,80,74,68,65,64,59,84,69,54,30.17,30.08,30.03,10,10,10,12,6,20,T,6,Rain,184
2012-12-3,80,73,65,63,62,58,93,74,54,30.08,30.03,29.94,10,10,10,14,6,22,0.00,4,,195
2012-12-4,79,68,57,65,56,39,93,62,31,30.23,30.13,30.01,10,10,10,12,3,19,T,4,Rain,331
2012-12-5,74,62,50,45,38,28,71,49,27,30.27,30.16,30.06,10,10,10,9,4,13,0.00,0,,353
2012-12-6,74,62,49,54,50,44,100,68,35,30.06,29.97,29.83,10,6,0,12,3,19,0.00,4,Fog,180
2012-12-7,79,68,57,63,59,53,100,74,48,29.92,29.86,29.78,10,6,1,10,2,15,0.00,6,,193
2012-12-8,81,72,63,66,63,59,93,72,51,29.92,29.85,29.77,10,8,3,9,3,17,0.00,6,,186
2012-12-9,80,68,55,66,60,41,90,69,48,29.96,29.85,29.76,10,8,5,14,6,23,0.00,6,,229
2012-12-10,55,46,36,40,19,12,59,41,22,30.17,30.11,29.97,10,10,10,20,9,30,0.00,3,,354
2012-12-11,57,43,29,23,17,10,64,41,18,30.26,30.18,30.12,10,10,10,8,2,14,0.00,0,,47
2012-12-12,62,46,30,28,22,18,78,49,20,30.36,30.28,30.23,10,10,9,10,3,15,0.00,0,,143
2012-12-13,70,52,34,44,33,25,70,50,30,30.33,30.25,30.18,10,10,10,13,4,19,0.00,3,,148
2012-12-14,71,64,56,64,54,44,84,68,51,30.17,30.02,29.88,10,10,10,16,8,27,T,8,,149
2012-12-15,75,67,59,65,48,29,84,52,19,29.97,29.90,29.86,10,10,8,9,1,16,0.01,6,Rain,324
2012-12-16,71,63,54,56,46,40,86,62,37,29.88,29.82,29.76,10,10,3,13,3,21,0.05,4,Rain-Thunderstorm,311
2012-12-17,73,58,43,39,31,21,82,49,15,29.97,29.91,29.87,10,10,10,14,3,23,0.00,0,,305
2012-12-18,83,61,39,58,42,28,73,48,23,29.93,29.86,29.79,10,10,10,13,4,21,0.00,1,,162
2012-12-19,84,75,65,67,63,31,93,70,47,29.85,29.75,29.62,10,9,5,17,7,30,0.00,7,,174
2012-12-20,70,53,36,19,8,-2,36,23,9,30.50,30.32,29.91,10,10,4,26,12,42,0.00,1,,332
2012-12-21,63,49,34,16,12,5,47,29,10,30.55,30.46,30.38,10,10,10,10,3,15,0.00,0,,254
2012-12-22,69,52,35,52,36,14,67,48,28,30.38,30.23,30.09,10,10,10,14,4,25,0.00,4,,187
2012-12-23,71,66,60,57,54,52,90,72,53,30.06,29.98,29.89,10,10,10,9,3,16,0.00,2,,203
2012-12-24,68,58,48,51,31,22,77,48,18,30.03,29.89,29.75,10,10,10,12,4,17,0.00,1,,21
2012-12-25,67,50,32,51,33,19,72,51,30,30.18,29.83,29.57,10,10,9,22,10,39,0.01,5,Rain,307
2012-12-26,45,36,27,21,17,15,63,48,33,30.32,30.23,30.16,10,10,10,16,7,27,0.00,2,,347
2012-12-27,46,38,29,44,33,21,100,79,57,30.15,29.99,29.86,10,6,1,7,2,11,T,6,Rain,95
2012-12-28,63,50,37,45,41,25,100,69,37,30.25,29.94,29.81,10,7,0,17,7,27,0.00,5,Fog,337
2012-12-29,53,43,32,23,20,18,63,45,26,30.48,30.41,30.25,10,10,10,15,3,23,0.00,0,,6
2012-12-30,51,40,29,42,27,20,75,56,36,30.51,30.37,30.22,10,10,6,12,3,16,0.00,3,,122
2012-12-31,58,52,46,57,50,43,100,93,86,30.20,30.05,29.96,6,2,0,9,2,14,0.24,8,Fog-Rain,78
