
CST,Max TemperatureF,Mean TemperatureF,Min TemperatureF,Max Dew PointF,MeanDew PointF,Min DewpointF,Max Humidity, Mean Humidity, Min Humidity, Max Sea Level PressureIn, Mean Sea Level PressureIn, Min Sea Level PressureIn, Max VisibilityMiles, Mean VisibilityMiles, Min VisibilityMiles, Max Wind SpeedMPH, Mean Wind SpeedMPH, Max Gust SpeedMPH,PrecipitationIn, CloudCover, Events, WindDirDegrees
1991-1-1,45,38,30,38,31,25,85,75,60,30.40,30.33,30.26,8,7,6,9,5,,0.00,7,Rain,62
1991-1-2,48,45,42,48,43,37,100,94,79,30.28,30.22,30.15,10,4,0,18,5,,1.60,8,Fog-Rain-Thunderstorm,20
1991-1-3,46,40,34,46,37,32,100,94,89,30.47,30.39,30.30,10,4,2,18,15,29,0.10,8,Fog-Rain,1
1991-1-4,39,36,34,39,36,32,100,96,92,30.44,30.37,30.25,10,5,1,13,10,,0.08,8,Fog-Rain,17
1991-1-5,51,45,39,51,46,39,100,98,96,30.24,30.14,30.08,10,1,0,8,4,,0.12,8,Fog-Rain,9
1991-1-6,53,48,42,52,47,38,100,93,85,30.36,30.22,30.15,15,8,0,17,7,22,0.10,8,Fog-Rain,360
1991-1-7,46,42,37,37,35,34,89,78,66,30.43,30.36,30.31,15,9,5,18,14,26,0.00,8,Fog,359
1991-1-8,46,42,39,44,38,34,97,85,77,30.33,30.26,30.20,10,6,3,10,8,,0.01,8,Fog-Rain,38
1991-1-9,52,48,45,52,47,44,100,99,96,30.23,30.14,30.06,10,3,1,18,9,20,4.41,8,Fog-Rain-Thunderstorm,34
1991-1-10,50,46,42,49,44,39,97,90,80,30.10,30.04,29.99,15,7,2,15,11,20,0.29,7,Fog-Rain-Thunderstorm,344
1991-1-11,50,44,39,40,37,36,89,77,61,30.27,30.18,30.09,15,14,10,15,10,22,0.00,6,,332
1991-1-12,62,49,36,36,33,31,82,62,31,30.38,30.30,30.25,20,18,15,10,6,,0.00,1,,288
1991-1-13,63,48,33,41,32,24,96,61,24,30.26,30.17,30.07,20,18,15,17,5,25,0.00,0,,184
1991-1-14,68,55,42,58,50,41,100,86,68,30.05,29.85,29.70,20,9,2,14,6,23,0.00,6,Fog-Rain-Thunderstorm,164
1991-1-15,66,57,48,52,39,33,96,57,29,29.93,29.82,29.72,20,17,4,20,11,34,0.00,1,Fog,296
1991-1-16,68,52,37,43,39,35,89,64,35,30.19,30.04,29.92,20,18,15,12,4,,0.00,0,,139
1991-1-17,66,55,44,46,40,34,83,64,30,30.26,30.16,30.08,15,14,10,16,6,,0.08,5,Rain,84
1991-1-18,52,49,46,47,45,41,97,91,66,30.17,30.10,30.03,10,6,2,25,14,34,1.46,8,Fog-Rain-Thunderstorm,22
1991-1-19,64,55,46,46,41,36,97,70,35,30.13,30.03,29.91,20,14,5,14,8,17,0.00,4,Fog,267
1991-1-20,51,47,42,40,36,28,82,68,58,30.33,30.09,29.89,20,14,10,21,10,33,0.00,5,,331
1991-1-21,43,41,39,31,26,20,73,57,43,30.46,30.38,30.33,15,14,10,22,14,30,0.00,8,Rain,349
1991-1-22,51,44,36,34,31,29,86,67,44,30.32,30.21,30.09,15,15,15,17,7,,0.00,4,,201
1991-1-23,50,44,39,46,38,33,100,78,56,30.11,30.05,29.97,15,7,2,12,6,,0.42,7,Fog-Rain,360
1991-1-24,55,49,42,44,42,40,97,82,60,30.25,30.17,30.08,15,9,3,15,10,,0.24,6,Fog-Rain,19
1991-1-25,57,45,33,44,40,33,100,85,57,30.30,30.23,30.17,10,5,0,12,4,,0.00,3,Fog,169
1991-1-26,53,46,39,44,41,35,89,82,68,30.32,30.23,30.09,10,7,4,9,7,,0.00,5,Fog,11
1991-1-27,73,58,44,56,49,43,96,77,45,30.07,29.88,29.74,15,8,2,17,4,23,0.00,5,Fog,207
1991-1-28,64,56,48,56,50,40,100,84,57,29.95,29.86,29.81,15,7,0,13,8,,0.00,7,Fog,84
1991-1-29,75,57,39,60,53,31,100,80,48,30.02,29.81,29.73,15,7,0,26,8,33,0.00,6,Fog-Rain,151
1991-1-30,39,36,34,32,29,23,89,75,64,30.40,30.16,29.98,15,11,4,22,15,32,0.18,7,Fog-Rain-Thunderstorm,338
1991-1-31,55,44,34,32,27,18,79,55,33,30.56,30.49,30.41,15,15,15,10,8,,0.00,0,,6
1991-2-1,62,48,34,32,29,26,82,53,26,30.60,30.52,30.45,15,14,10,9,3,,0.00,0,,137
1991-2-2,64,50,35,43,35,29,82,57,38,30.52,30.43,30.33,15,14,10,8,4,,0.00,3,,138
1991-2-3,59,54,48,58,51,43,100,91,69,30.33,30.26,30.18,15,6,1,9,5,,0.03,8,Fog-Rain,80
1991-2-4,64,60,57,60,59,58,100,94,80,30.17,30.11,30.07,15,5,0,10,6,,1.13,8,Fog-Rain-Thunderstorm,34
1991-2-5,69,63,57,57,55,53,93,80,58,30.15,30.08,30.03,15,12,8,14,9,22,0.00,6,Rain,336
1991-2-6,69,58,48,53,49,46,97,78,49,30.32,30.23,30.14,15,9,0,14,8,,0.00,4,Fog,320
1991-2-7,71,58,46,44,36,30,83,51,23,30.42,30.35,30.30,20,17,15,17,10,24,0.00,0,,335
1991-2-8,70,58,45,38,36,33,71,49,27,30.36,30.29,30.20,20,20,20,10,8,,0.00,0,,356
1991-2-9,70,56,41,42,40,37,89,57,33,30.24,30.15,30.05,20,18,15,12,4,,0.00,3,,200
1991-2-10,75,60,46,46,42,39,86,54,29,30.16,30.10,30.06,20,18,15,13,6,,0.00,4,,4
1991-2-11,68,62,55,45,43,41,58,50,39,30.29,30.22,30.17,15,15,15,14,9,,0.00,7,,27
1991-2-12,73,64,55,57,52,44,84,66,43,30.18,30.06,29.89,15,11,6,16,5,22,0.00,6,,188
1991-2-13,81,70,60,58,47,30,93,56,17,29.87,29.75,29.66,15,13,10,17,12,25,0.00,5,,242
1991-2-14,73,64,55,33,30,25,43,30,17,30.06,29.97,29.80,15,15,15,18,11,21,0.00,1,,6
1991-2-15,55,49,42,36,17,6,54,31,16,30.41,30.30,30.09,15,15,15,18,11,24,0.00,2,,25
1991-2-16,46,42,39,47,27,14,100,56,33,30.35,30.14,29.97,15,6,0,9,5,,0.06,8,Fog-Rain,100
1991-2-17,71,60,48,61,59,47,100,88,70,29.95,29.84,29.71,10,6,0,15,9,18,0.00,8,Fog,188
1991-2-18,81,70,59,67,60,50,100,77,35,29.88,29.74,29.66,15,8,1,17,8,29,0.53,7,Fog-Rain-Thunderstorm,175
1991-2-19,61,56,51,54,40,28,89,59,35,30.25,30.04,29.81,15,15,10,20,16,28,0.12,6,Rain-Thunderstorm,360
1991-2-20,55,50,44,42,31,26,74,50,39,30.35,30.28,30.20,15,14,10,17,13,21,0.00,6,Rain,16
1991-2-21,51,48,46,47,43,37,96,80,61,30.22,30.15,30.09,15,10,3,15,9,21,0.83,8,Fog-Rain-Thunderstorm,322
1991-2-22,70,58,45,46,43,39,97,69,32,30.25,30.13,30.06,20,17,10,14,10,21,0.00,3,,343
1991-2-23,66,54,42,45,41,38,92,63,34,30.25,30.14,30.03,20,16,10,13,8,,0.00,4,,192
1991-2-24,66,56,46,56,49,42,90,74,58,30.07,30.02,29.99,15,13,10,13,7,,0.00,8,,166
1991-2-25,61,52,44,56,40,32,86,65,43,30.28,30.18,30.04,20,12,5,17,10,28,0.03,7,Rain-Thunderstorm,359
1991-2-26,57,49,41,37,32,29,80,55,34,30.37,30.28,30.23,20,15,10,9,6,,0.00,7,,283
1991-2-27,59,54,48,45,37,31,72,55,36,30.24,30.15,30.05,15,13,10,15,8,,0.00,8,,195
1991-2-28,62,57,52,61,54,46,100,92,77,30.06,29.92,29.74,10,4,0,9,7,,0.22,8,Fog-Rain-Thunderstorm,162
1991-3-1,82,68,55,65,48,38,100,57,21,29.72,29.65,29.55,20,13,0,29,11,43,0.05,3,Fog-Rain-Thunderstorm,227
1991-3-2,81,69,57,50,42,33,69,42,18,29.73,29.57,29.48,20,19,10,25,9,36,0.00,5,,284
1991-3-3,68,56,44,41,37,34,68,52,34,30.02,29.92,29.74,20,17,10,26,19,37,0.00,1,,331
1991-3-4,90,68,45,44,37,27,82,43,10,29.99,29.87,29.74,20,20,20,16,8,25,0.00,0,,247
1991-3-5,91,70,50,53,40,34,66,36,15,29.77,29.67,29.54,20,17,15,21,8,29,0.00,0,,170
1991-3-6,96,74,52,53,44,34,86,42,11,29.68,29.61,29.55,20,16,15,21,9,31,0.00,3,,215
1991-3-7,66,58,51,48,41,36,56,50,44,29.80,29.75,29.68,15,13,10,23,16,31,0.00,6,,16
1991-3-8,70,58,46,39,36,33,61,47,31,30.08,29.98,29.84,15,14,10,17,13,26,0.00,1,,17
1991-3-9,70,59,48,38,32,27,64,41,20,30.37,30.26,30.08,15,15,15,16,9,23,0.00,0,,29
1991-3-10,71,57,43,44,35,29,71,44,23,30.38,30.28,30.15,15,15,15,17,7,25,0.00,1,,182
1991-3-11,77,64,50,58,53,45,89,72,50,30.12,29.95,29.79,15,11,7,23,10,32,0.00,5,,175
1991-3-12,81,72,62,60,39,9,87,48,6,29.80,29.74,29.68,15,12,10,20,11,29,0.00,5,,234
1991-3-13,73,64,54,37,30,22,41,30,21,29.92,29.84,29.73,15,10,6,15,9,23,0.00,3,,339
1991-3-14,55,52,48,34,32,22,56,47,27,30.02,29.92,29.83,15,15,15,17,9,28,0.00,7,,23
1991-3-15,50,48,46,46,41,35,97,80,61,30.04,29.97,29.88,10,7,2,12,7,,0.23,8,Fog-Rain,56
1991-3-16,61,53,46,59,51,45,100,95,93,30.05,29.93,29.82,10,4,1,15,8,,0.44,8,Fog-Rain,76
1991-3-17,77,67,57,60,45,33,100,55,21,30.08,29.98,29.91,20,15,3,17,8,24,0.01,6,Fog-Rain,317
1991-3-18,66,58,51,47,43,40,75,59,42,30.19,30.10,30.04,20,20,15,13,8,,0.00,5,,13
1991-3-19,75,62,48,54,48,46,93,65,35,30.06,29.99,29.89,20,18,15,15,5,,0.00,7,,148
1991-3-20,71,64,57,65,61,56,97,88,78,29.96,29.87,29.78,15,8,3,15,9,22,0.00,8,Fog,170
1991-3-21,79,72,66,69,68,65,97,86,72,29.88,29.74,29.64,10,7,3,17,10,26,0.01,7,Fog,170
1991-3-22,73,67,57,68,43,25,90,47,17,30.02,29.79,29.61,20,12,4,21,11,33,0.00,8,Fog-Rain,253
1991-3-23,75,63,51,46,33,23,62,34,14,30.18,30.10,30.02,20,17,15,13,6,,0.00,6,,248
1991-3-24,80,66,53,50,42,34,77,44,20,30.14,30.07,30.00,15,15,15,13,4,,0.00,4,,150
1991-3-25,81,72,62,68,63,44,97,76,50,30.01,29.94,29.83,15,7,0,14,7,21,0.00,7,Fog,151
1991-3-26,79,74,70,69,68,67,91,82,66,29.91,29.81,29.71,10,8,7,18,13,25,0.00,8,,162
1991-3-27,79,71,63,67,48,28,90,49,18,29.88,29.78,29.65,15,10,7,22,12,28,0.00,7,Rain,299
1991-3-28,81,69,57,67,49,25,87,59,20,29.82,29.62,29.39,15,9,4,20,6,36,0.16,6,Rain-Thunderstorm,318
1991-3-29,66,60,53,43,38,19,69,45,16,29.98,29.76,29.60,15,15,15,28,16,38,0.00,2,,325
1991-3-30,66,56,45,45,40,34,83,59,42,30.36,30.11,29.95,15,14,10,17,10,25,0.00,2,Rain,45
1991-3-31,68,56,45,38,35,32,71,47,31,30.51,30.41,30.34,15,15,15,12,7,,0.00,1,,24
1991-4-1,73,57,41,52,42,38,93,55,29,30.40,30.31,30.18,15,15,10,13,6,,0.00,1,,166
1991-4-2,73,64,54,59,56,53,97,76,55,30.17,30.03,29.92,10,8,3,21,9,32,0.00,7,Fog,155
1991-4-3,80,70,60,63,61,58,96,78,56,30.07,30.00,29.95,10,8,5,13,8,,0.00,6,,176
1991-4-4,80,70,61,66,63,60,100,82,52,30.17,30.10,30.04,10,6,2,18,6,25,1.65,8,Fog-Rain-Thunderstorm,75
1991-4-5,69,64,60,61,60,58,100,89,73,30.16,30.09,30.04,8,6,3,21,11,29,1.28,8,Fog-Rain-Thunderstorm,42
1991-4-6,72,66,61,64,62,59,100,90,73,30.07,30.01,29.95,10,5,0,10,6,,0.24,8,Fog-Rain-Thunderstorm,136
1991-4-7,79,70,62,67,64,60,100,86,64,29.94,29.85,29.73,15,9,3,14,8,20,0.05,7,Fog-Rain-Thunderstorm,168
1991-4-8,84,76,68,70,67,65,96,79,56,29.87,29.79,29.73,15,9,4,14,12,22,0.00,5,Fog,181
1991-4-9,81,75,66,70,62,53,97,71,42,30.05,29.94,29.84,15,9,2,21,10,26,0.00,5,Fog,190
1991-4-10,78,70,63,67,55,47,90,61,47,30.06,29.94,29.81,15,13,7,14,9,,0.00,6,Rain,74
1991-4-11,78,73,68,71,68,63,97,86,71,29.87,29.80,29.72,15,9,3,15,10,23,0.03,7,Fog-Rain-Thunderstorm,163
1991-4-12,84,78,73,73,72,70,96,84,67,29.81,29.77,29.71,8,7,5,15,11,23,0.00,7,Fog,157
1991-4-13,86,79,72,73,72,69,97,87,57,29.83,29.75,29.65,10,6,2,14,10,21,0.10,7,Fog-Rain,139
1991-4-14,84,74,62,69,53,31,97,60,15,29.88,29.79,29.71,20,11,0,20,8,37,1.15,4,Fog-Rain-Thunderstorm,342
1991-4-15,82,66,51,59,51,47,92,60,30,30.03,29.96,29.89,20,16,10,12,4,,0.00,2,,159
1991-4-16,82,72,62,71,64,53,97,79,65,29.98,29.93,29.86,15,8,0,15,5,,0.00,7,Fog,82
1991-4-17,80,74,68,71,70,66,100,90,71,29.95,29.85,29.70,10,6,0,13,8,,0.02,8,Fog-Rain-Thunderstorm,127
1991-4-18,84,75,66,73,70,65,100,88,67,29.79,29.70,29.61,10,6,1,13,6,22,0.20,7,Fog-Rain-Thunderstorm,189
1991-4-19,84,77,69,72,70,57,100,84,59,29.97,29.77,29.68,10,7,1,18,7,25,0.01,7,Fog-Rain,61
1991-4-20,75,65,55,57,51,48,78,62,42,30.17,30.08,29.98,15,13,10,18,12,25,0.00,2,,25
1991-4-21,75,64,54,65,57,51,90,75,60,30.04,29.87,29.68,15,11,10,14,8,24,0.00,5,,124
1991-4-22,86,76,62,70,64,55,97,75,38,29.81,29.68,29.62,15,9,4,21,10,25,0.00,6,Fog,211
1991-4-23,79,66,54,63,57,52,93,73,52,29.86,29.81,29.77,15,11,7,10,7,,0.00,4,,56
1991-4-24,78,72,66,68,66,64,97,83,66,29.95,29.86,29.77,10,5,2,13,7,22,0.00,8,Fog,117
1991-4-25,88,77,66,72,69,66,97,78,53,29.87,29.80,29.71,10,8,3,13,6,,0.00,7,Fog,153
1991-4-26,87,80,73,76,73,70,93,82,65,29.77,29.66,29.55,10,5,2,13,8,,0.00,7,Fog,166
1991-4-27,82,78,73,76,60,43,100,63,30,29.73,29.64,29.57,10,7,1,17,9,23,0.00,7,Fog,6
1991-4-28,84,74,64,70,60,52,87,66,49,29.66,29.58,29.50,10,8,4,21,6,33,0.05,6,Rain-Thunderstorm,305
1991-4-29,80,70,59,59,47,35,90,49,24,29.92,29.80,29.63,20,15,10,13,8,,0.00,1,,1
1991-4-30,84,70,55,61,53,46,75,56,34,30.01,29.95,29.89,20,17,15,12,5,,0.00,3,,151
1991-5-1,84,74,64,64,59,53,84,61,42,30.03,29.96,29.90,15,13,7,17,8,25,0.00,4,,46
1991-5-2,78,74,70,70,67,64,93,84,66,29.96,29.88,29.75,10,7,4,20,9,20,0.26,8,Rain-Thunderstorm,132
1991-5-3,82,75,68,74,70,62,94,85,71,29.81,29.75,29.69,10,7,5,23,10,39,0.05,8,Fog-Rain-Thunderstorm,143
1991-5-4,81,72,64,74,69,63,100,89,76,29.85,29.78,29.74,10,5,0,16,6,,0.27,7,Fog-Rain-Thunderstorm,136
1991-5-5,73,68,62,67,58,50,97,75,46,30.16,30.00,29.83,20,11,4,18,8,26,0.00,5,Fog,354
1991-5-6,75,64,52,51,46,40,83,54,30,30.28,30.18,30.09,20,19,15,15,10,,0.00,2,,56
1991-5-7,81,69,57,69,59,47,93,73,60,30.12,30.03,29.91,20,13,7,14,8,,0.00,6,,97
1991-5-8,73,67,61,67,63,59,97,89,73,30.02,29.95,29.88,10,7,0,28,9,38,1.75,7,Fog-Rain-Thunderstorm,82
1991-5-9,84,74,63,66,64,61,100,75,52,29.94,29.90,29.85,15,12,6,13,4,,0.00,4,Fog,113
1991-5-10,84,75,66,75,70,66,100,87,74,30.02,29.94,29.90,10,6,0,12,7,,0.00,7,Fog-Rain,107
1991-5-11,87,80,73,75,73,70,97,81,63,30.07,30.02,29.97,15,8,3,15,9,22,0.00,7,Fog-Rain,138
1991-5-12,88,80,73,73,72,70,97,78,57,30.06,30.00,29.88,10,8,4,15,9,,0.00,6,Fog,154
1991-5-13,84,77,69,72,70,65,93,81,63,29.98,29.92,29.83,15,10,0,20,10,37,0.79,8,Fog-Rain-Thunderstorm,159
1991-5-14,82,74,66,72,69,66,100,85,63,29.89,29.81,29.71,15,8,0,14,7,,0.00,7,Fog-Rain,132
1991-5-15,86,78,70,75,71,67,97,86,63,29.82,29.76,29.69,10,6,1,13,8,,0.03,7,Fog-Rain,156
1991-5-16,82,77,72,74,67,56,94,73,47,29.93,29.82,29.73,10,8,5,20,9,,0.03,7,Fog-Rain-Thunderstorm,200
1991-5-17,80,73,66,71,66,60,97,81,66,29.89,29.86,29.81,10,10,7,8,6,,0.00,8,,143
1991-5-18,88,77,66,71,68,64,100,78,53,29.96,29.92,29.87,15,7,0,14,6,21,0.02,6,Fog-Rain-Thunderstorm,41
1991-5-19,82,76,70,71,68,66,91,79,60,29.95,29.91,29.84,10,10,5,16,10,21,0.06,6,Rain,21
1991-5-20,86,78,70,69,68,65,93,74,51,29.94,29.89,29.83,15,12,7,15,10,,0.00,4,,42
1991-5-21,84,76,69,71,69,66,97,79,56,29.95,29.89,29.82,15,11,5,14,7,,0.00,4,Fog,55
1991-5-22,87,80,72,72,70,69,93,80,57,29.94,29.87,29.83,15,10,4,13,6,,0.04,6,Fog-Rain,90
1991-5-23,88,80,73,72,71,69,96,77,53,29.95,29.90,29.83,15,9,4,12,5,,0.00,5,Fog-Rain,81
1991-5-24,90,82,75,73,71,62,90,73,54,29.94,29.88,29.80,15,10,6,15,5,,0.15,6,Fog,87
1991-5-25,89,78,66,74,69,64,97,76,52,29.96,29.87,29.79,20,12,5,22,8,32,0.06,4,Rain-Thunderstorm,92
1991-5-26,93,83,73,72,70,67,90,68,44,29.86,29.82,29.78,15,15,15,10,6,,0.00,0,,167
1991-5-27,91,82,72,72,69,63,97,69,39,29.95,29.91,29.86,15,11,4,13,7,,0.00,2,Fog,153
1991-5-28,91,82,72,73,71,68,97,74,48,30.01,29.95,29.86,15,9,1,10,6,,0.00,4,Fog,152
1991-5-29,89,82,75,75,73,69,97,80,59,29.95,29.88,29.81,15,11,6,16,7,,0.12,6,Fog-Rain,145
1991-5-30,91,83,75,74,72,68,94,74,48,29.82,29.75,29.63,15,12,6,17,11,23,0.00,6,Fog-Rain,153
1991-5-31,90,82,75,74,73,70,94,74,54,29.75,29.72,29.69,15,11,5,18,12,29,0.00,7,Fog,157
1991-6-1,91,84,78,75,74,72,87,74,54,29.83,29.76,29.73,15,13,8,16,12,23,0.00,6,,148
1991-6-2,93,85,77,75,74,71,94,74,51,29.87,29.81,29.74,15,11,6,15,10,23,0.00,6,Fog,141
1991-6-3,89,78,66,75,70,63,96,83,59,29.96,29.89,29.83,15,8,0,34,10,41,0.85,7,Rain-Thunderstorm,78
1991-6-4,91,80,68,75,70,64,93,76,55,29.91,29.86,29.79,20,13,10,14,7,,0.00,2,,180
1991-6-5,91,83,75,76,73,71,97,72,50,29.93,29.87,29.80,15,10,4,12,7,,0.00,4,Fog,157
1991-6-6,93,83,73,74,70,65,82,65,48,29.99,29.95,29.89,15,13,10,15,7,,0.00,6,,62
1991-6-7,82,76,69,73,70,66,97,81,65,30.08,30.01,29.96,15,10,4,16,8,25,0.63,7,Fog-Rain-Hail-Thunderstorm,65
1991-6-8,84,77,70,70,68,66,97,76,56,30.06,30.01,29.97,15,10,4,13,5,,0.00,6,Fog,94
1991-6-9,82,76,71,70,69,68,93,83,65,30.08,30.02,29.97,15,9,4,17,8,23,0.12,7,Rain,63
1991-6-10,82,76,70,70,68,67,97,78,60,30.02,29.98,29.92,10,9,6,16,9,,0.00,7,Rain,16
1991-6-11,89,79,69,71,69,68,97,79,51,30.01,29.97,29.90,15,11,4,21,5,28,0.27,5,Rain-Thunderstorm,218
1991-6-12,90,80,69,73,69,67,96,74,50,30.00,29.94,29.88,15,12,7,10,7,,0.06,5,Rain-Thunderstorm,174
1991-6-13,91,82,73,75,73,69,97,74,48,29.98,29.94,29.85,15,12,5,14,8,,0.00,5,Fog,162
1991-6-14,91,83,75,75,74,73,97,77,57,29.95,29.90,29.83,15,13,7,13,9,24,0.00,6,Rain-Thunderstorm,166
1991-6-15,89,80,70,76,72,67,94,77,59,29.98,29.92,29.87,15,13,7,18,8,28,0.01,5,Rain,153
1991-6-16,93,83,73,76,73,69,94,78,52,30.05,29.95,29.85,15,9,1,20,9,36,1.15,6,Fog-Rain-Thunderstorm,168
1991-6-17,90,80,69,72,69,65,93,71,50,30.01,29.91,29.86,15,15,10,12,7,,0.01,4,Rain,142
1991-6-18,93,82,71,73,71,70,100,69,46,29.96,29.91,29.88,15,15,10,9,3,,0.00,1,,119
1991-6-19,93,84,75,73,71,68,90,65,44,30.01,29.96,29.92,15,11,8,9,6,,0.00,3,,56
1991-6-20,93,83,73,73,70,66,91,67,41,30.00,29.94,29.86,10,9,7,8,4,,0.00,1,,140
1991-6-21,93,83,73,75,72,68,96,70,45,29.95,29.90,29.80,15,9,3,13,7,,0.00,3,Fog,165
1991-6-22,96,86,73,76,73,67,93,74,46,29.92,29.87,29.80,15,9,7,21,9,28,0.01,6,Rain-Thunderstorm,167
1991-6-23,93,82,71,74,70,68,90,74,47,29.98,29.92,29.84,15,12,7,14,7,,0.02,6,Rain-Thunderstorm,173
1991-6-24,91,81,71,73,69,67,90,69,46,30.02,29.98,29.94,15,14,10,13,6,20,0.00,3,,153
1991-6-25,91,82,72,74,71,70,93,76,50,30.05,30.00,29.96,15,13,9,20,6,26,0.00,4,,169
1991-6-26,95,84,73,75,71,65,97,71,41,30.03,29.97,29.88,15,8,1,15,7,,0.00,4,Fog,157
1991-6-27,95,84,73,74,72,67,97,70,41,30.01,29.95,29.88,15,12,6,13,8,,0.00,4,Fog,172
1991-6-28,90,82,73,75,72,68,97,75,53,30.05,29.99,29.96,15,11,7,21,9,30,0.00,5,,139
1991-6-29,80,75,70,71,70,69,97,87,74,30.12,30.04,29.99,10,8,0,17,8,20,1.03,6,Fog-Rain,146
1991-6-30,89,81,73,76,72,69,93,77,55,30.02,29.98,29.92,15,13,10,14,6,,0.00,7,,101
1991-7-1,91,82,72,74,71,68,93,70,47,30.01,29.96,29.91,15,12,7,9,4,,0.00,4,,131
1991-7-2,93,83,73,75,72,69,97,71,45,30.01,29.96,29.89,15,11,3,10,6,,0.00,2,Fog,163
1991-7-3,93,83,73,74,71,69,93,76,49,29.96,29.93,29.86,10,9,5,17,6,24,0.00,5,Fog-Rain-Thunderstorm,180
1991-7-4,88,80,71,73,71,68,97,78,61,30.00,29.92,29.85,15,12,7,15,5,,0.28,7,Rain-Thunderstorm,205
1991-7-5,93,82,72,73,72,71,97,73,50,29.94,29.90,29.86,15,13,7,10,5,,0.00,3,,169
1991-7-6,93,83,73,75,73,70,97,74,47,29.97,29.91,29.86,15,11,10,10,6,,0.00,2,,150
1991-7-7,91,83,75,76,74,69,97,79,48,30.02,29.97,29.94,15,11,4,16,7,25,0.02,5,Fog-Rain,157
1991-7-8,89,81,73,75,73,70,100,85,61,30.14,30.04,29.99,15,8,0,13,6,22,0.84,6,Fog-Rain-Thunderstorm,149
1991-7-9,91,83,75,76,72,67,94,72,45,30.05,29.99,29.91,10,8,7,13,7,22,0.00,4,,169
1991-7-10,91,83,75,74,72,70,94,73,50,30.00,29.96,29.88,15,9,7,14,11,23,0.00,4,,180
1991-7-11,91,83,75,74,72,70,96,74,50,30.03,29.98,29.95,15,10,5,16,9,,0.00,4,Fog,174
1991-7-12,91,82,73,75,72,69,94,74,47,30.10,30.03,29.98,10,8,4,15,8,22,0.00,3,Fog-Rain,165
1991-7-13,91,82,73,73,72,69,97,72,47,30.11,30.05,29.98,15,10,5,12,7,,0.00,3,Fog,172
1991-7-14,93,84,75,74,71,68,94,69,44,30.10,30.04,29.99,15,12,7,10,7,,0.00,3,,182
1991-7-15,93,84,75,73,69,64,91,62,38,30.11,30.05,29.99,15,14,10,9,7,,0.00,1,,191
1991-7-16,97,86,75,71,68,64,82,62,35,30.10,30.06,30.01,15,14,10,29,6,38,0.00,2,,191
1991-7-17,93,83,73,73,71,69,90,69,47,30.06,30.00,29.93,15,12,10,10,4,,0.00,2,,151
1991-7-18,95,84,73,72,69,64,91,62,37,29.98,29.93,29.86,15,14,10,10,6,,0.00,1,,160
1991-7-19,95,83,71,73,71,68,96,70,44,30.00,29.94,29.88,15,10,3,16,9,20,0.00,2,Fog,159
1991-7-20,95,85,75,74,72,66,94,70,42,30.07,30.01,29.96,15,12,6,15,9,21,0.00,5,Fog,164
1991-7-21,95,85,75,76,73,69,94,75,45,30.12,30.08,30.03,15,12,6,13,7,,0.00,6,Fog,154
1991-7-22,93,83,73,73,71,67,93,77,42,30.14,30.09,30.04,15,14,10,15,4,23,0.00,6,Rain,147
1991-7-23,90,82,73,73,70,67,94,75,46,30.16,30.08,30.00,15,12,10,15,5,,0.00,6,Rain,169
1991-7-24,93,82,72,73,69,63,94,68,37,30.06,29.99,29.88,15,11,7,14,7,22,0.00,6,,173
1991-7-25,95,86,77,74,71,67,88,66,43,30.01,29.97,29.91,10,10,10,13,9,,0.00,5,,185
1991-7-26,93,84,75,74,71,69,94,71,44,30.12,30.05,30.00,15,11,10,12,6,,0.00,5,,149
1991-7-27,93,84,75,75,72,69,97,71,44,30.13,30.06,29.99,15,12,5,13,7,,0.00,4,Fog,178
1991-7-28,96,86,75,74,72,68,94,68,40,30.06,30.01,29.95,15,13,7,9,5,,0.00,5,,162
1991-7-29,96,86,75,74,72,69,94,74,44,30.05,30.01,29.95,15,12,8,15,6,,0.02,6,Rain-Thunderstorm,189
1991-7-30,102,88,73,73,66,54,97,57,21,30.02,29.98,29.91,15,12,10,10,5,,0.00,1,,324
1991-7-31,100,86,73,69,63,58,68,46,25,30.04,29.98,29.93,15,15,10,9,7,,0.00,1,,7
1991-8-1,100,88,77,73,67,61,74,53,31,30.01,29.96,29.89,15,11,7,12,7,,0.00,1,,54
1991-8-2,97,85,73,74,68,60,94,60,29,30.00,29.94,29.87,15,10,5,12,6,,0.00,1,Fog,140
1991-8-3,97,86,75,74,71,64,94,66,34,30.05,29.98,29.94,15,11,4,13,8,21,0.00,2,Fog,168
1991-8-4,96,86,75,75,72,67,94,71,40,30.05,30.01,29.96,15,11,7,17,8,,0.00,4,,171
1991-8-5,95,83,71,71,69,65,93,68,43,30.02,29.99,29.94,15,14,10,18,7,23,0.00,3,Thunderstorm,164
1991-8-6,98,86,73,75,71,61,97,70,29,30.11,30.04,29.97,15,13,8,14,6,15,0.00,4,,153
1991-8-7,93,84,75,75,72,70,94,72,47,30.14,30.09,30.05,15,14,10,9,5,,0.00,4,Rain-Thunderstorm,163
1991-8-8,97,84,72,74,71,65,97,67,36,30.10,30.04,29.94,15,13,10,17,6,,0.00,3,,176
1991-8-9,98,86,75,73,70,63,90,67,31,30.02,29.97,29.87,15,15,10,17,8,22,0.00,3,,187
1991-8-10,100,86,73,74,70,66,93,63,34,30.04,29.98,29.92,15,13,10,20,5,34,0.00,3,Rain-Thunderstorm,131
1991-8-11,99,88,77,76,71,66,94,64,34,30.12,30.04,29.98,15,12,10,13,6,18,0.00,4,,143
1991-8-12,100,88,77,75,70,60,94,63,27,30.10,30.04,29.96,15,11,8,14,9,18,0.00,5,Rain,163
1991-8-13,99,88,78,74,70,62,87,63,32,30.03,29.96,29.85,15,12,10,14,10,21,0.00,7,Rain,162
1991-8-14,91,83,75,77,74,69,100,82,50,30.03,29.95,29.88,15,8,4,14,9,,0.51,8,Fog-Rain-Thunderstorm,132
1991-8-15,88,80,71,75,73,70,100,81,59,30.04,29.99,29.94,10,8,1,17,7,26,1.27,7,Fog-Rain-Thunderstorm,94
1991-8-16,93,83,73,74,72,69,91,70,45,30.03,29.97,29.88,15,11,9,12,7,,0.00,4,,157
1991-8-17,95,85,75,75,73,70,97,71,46,29.99,29.94,29.88,10,10,7,12,7,,0.00,7,,153
1991-8-18,97,86,75,74,72,70,91,66,43,29.98,29.93,29.88,15,13,10,14,6,,0.00,4,,185
1991-8-19,98,88,77,73,69,60,88,58,28,29.99,29.94,29.90,15,14,10,12,6,,0.00,4,,38
1991-8-20,96,84,73,72,68,65,87,58,38,30.01,29.97,29.92,15,12,7,8,4,,0.00,1,,121
1991-8-21,97,86,75,74,70,64,91,63,34,30.03,29.98,29.91,15,12,8,10,6,,0.00,1,,172
1991-8-22,95,86,75,76,73,69,94,76,44,30.01,29.96,29.89,15,14,10,17,7,25,0.00,5,Rain-Thunderstorm,137
1991-8-23,91,82,73,74,71,69,91,73,48,30.09,30.02,29.96,15,9,4,10,6,,0.00,6,Fog,65
1991-8-24,93,83,73,73,69,64,93,66,39,30.15,30.08,30.03,10,8,4,9,5,,0.00,3,,77
1991-8-25,93,83,73,73,68,64,87,62,41,30.14,30.08,30.01,10,6,3,10,5,,0.00,3,,87
1991-8-26,93,82,71,69,66,64,87,60,39,30.06,30.02,29.95,9,6,4,13,4,,0.00,1,,111
1991-8-27,93,83,73,73,70,64,93,69,38,30.05,30.01,29.92,10,6,3,13,5,,0.00,3,Fog,120
1991-8-28,93,83,73,74,72,69,91,72,46,30.08,30.02,29.94,15,10,7,14,5,30,0.00,4,,157
1991-8-29,96,86,75,75,72,68,94,68,41,30.12,30.06,29.96,15,10,6,13,7,18,0.00,5,Fog,163
1991-8-30,93,84,73,75,73,71,96,76,49,30.02,29.93,29.81,15,10,7,12,8,,0.12,5,Rain-Thunderstorm,140
1991-8-31,90,82,73,73,71,69,100,75,50,29.93,29.87,29.81,15,12,5,13,6,,0.31,6,Rain-Thunderstorm,357
1991-9-1,90,82,73,76,72,70,94,79,57,30.00,29.93,29.88,15,10,0,14,7,,0.41,5,Rain-Thunderstorm,46
1991-9-2,86,78,71,77,73,70,100,92,70,30.07,30.01,29.97,10,7,3,13,5,,0.51,7,Fog-Rain-Thunderstorm,160
1991-9-3,84,78,73,75,73,72,97,91,69,30.06,30.01,29.95,15,8,6,13,4,,0.24,7,Fog-Rain-Thunderstorm,50
1991-9-4,89,80,72,73,72,71,97,83,55,30.02,29.96,29.88,15,9,5,12,6,,0.00,6,Fog,27
1991-9-5,86,80,73,75,73,71,97,89,67,29.99,29.93,29.88,15,8,1,17,8,25,0.36,7,Fog-Rain,36
1991-9-6,87,80,73,77,74,72,97,88,65,30.06,30.00,29.95,15,10,2,15,8,,0.23,7,Fog-Rain,73
1991-9-7,88,82,75,76,74,70,97,83,55,30.14,30.06,30.02,15,11,8,14,7,20,0.01,7,Rain,152
1991-9-8,89,82,75,76,74,70,97,82,53,30.11,30.04,30.00,10,10,7,13,7,16,0.00,7,Rain,157
1991-9-9,91,83,75,75,73,68,96,76,48,30.13,30.06,30.01,10,8,6,10,7,,0.00,5,Fog,147
1991-9-10,91,82,73,75,73,71,100,79,52,30.17,30.09,30.01,10,7,0,12,6,,0.00,5,Fog,107
1991-9-11,91,80,70,73,69,62,97,71,38,30.12,30.05,29.98,15,10,5,12,4,,0.00,2,Fog,128
1991-9-12,91,82,72,75,72,69,93,77,50,30.09,30.01,29.95,15,11,5,10,5,,0.00,6,Fog,122
1991-9-13,87,82,77,78,74,71,94,81,61,30.05,29.98,29.89,15,12,7,12,7,,0.05,7,Rain-Thunderstorm,168
1991-9-14,89,81,73,76,74,72,100,85,57,29.98,29.93,29.84,15,10,3,15,7,,0.06,7,Fog,152
1991-9-15,91,83,75,76,74,72,100,79,59,30.01,29.96,29.91,15,11,4,13,8,,0.00,6,Fog,166
1991-9-16,91,83,75,76,73,67,100,80,44,30.10,30.05,29.98,15,10,1,13,6,,0.04,6,Fog-Rain-Thunderstorm,168
1991-9-17,91,81,71,73,71,67,97,76,44,30.08,30.03,29.95,15,14,10,9,4,,0.00,3,,116
1991-9-18,91,80,68,74,70,62,93,74,47,30.13,30.00,29.91,15,12,8,20,4,30,0.00,6,Rain,128
1991-9-19,66,60,55,60,54,51,93,85,78,30.28,30.19,30.11,15,9,3,18,15,26,0.15,8,Fog-Rain,8
1991-9-20,68,62,55,53,50,48,90,67,55,30.30,30.23,30.19,15,13,10,17,12,22,0.00,8,,12
1991-9-21,81,71,61,61,54,48,75,59,42,30.21,30.12,30.04,15,15,15,9,7,,0.00,4,,57
1991-9-22,87,76,66,72,65,60,90,71,55,30.15,30.08,30.03,15,13,10,10,4,,0.00,5,,136
1991-9-23,80,76,73,74,72,70,97,89,74,30.19,30.13,30.06,10,8,2,12,4,,0.10,7,Fog-Rain,131
1991-9-24,90,80,66,77,69,54,100,81,50,30.13,30.04,29.91,15,8,1,31,6,47,0.08,7,Fog-Rain-Thunderstorm,170
1991-9-25,80,70,59,54,47,41,72,49,27,30.14,30.08,30.01,20,19,15,16,11,24,0.00,0,,354
1991-9-26,88,74,59,56,51,45,81,52,23,30.10,30.04,29.98,20,18,15,10,5,,0.00,0,,333
1991-9-27,84,73,62,56,52,49,70,52,31,30.14,30.08,30.04,20,19,15,9,8,,0.00,3,,71
1991-9-28,82,70,57,53,50,45,81,55,28,30.19,30.14,30.09,20,17,15,9,5,,0.00,3,,70
1991-9-29,82,68,55,63,53,47,83,60,30,30.25,30.19,30.13,15,15,15,10,5,,0.00,1,,64
1991-9-30,84,74,64,64,62,60,90,66,46,30.21,30.15,30.07,10,9,6,8,4,,0.00,4,,55
1991-10-1,86,77,68,67,65,63,93,72,49,30.11,30.04,29.93,15,10,6,15,7,,0.87,6,Rain-Thunderstorm,51
1991-10-2,88,76,64,65,63,62,97,71,42,29.97,29.91,29.83,10,9,7,9,4,,0.00,0,,144
1991-10-3,89,78,66,70,67,64,96,73,43,29.96,29.89,29.82,15,11,4,15,8,,0.00,3,Fog,180
1991-10-4,91,82,73,71,70,67,91,73,45,29.97,29.84,29.75,15,11,7,25,10,26,0.00,5,Rain,182
1991-10-5,75,68,62,63,49,43,87,52,34,30.23,30.13,29.99,20,19,7,25,15,29,0.03,6,Rain-Thunderstorm,10
1991-10-6,75,65,55,47,44,41,67,50,29,30.38,30.28,30.22,20,20,20,15,10,,0.00,6,,43
1991-10-7,79,66,53,49,45,42,80,52,28,30.35,30.28,30.18,20,20,15,12,5,,0.00,3,,127
1991-10-8,79,67,55,53,50,46,87,59,34,30.23,30.17,30.10,20,20,20,13,6,,0.00,4,,167
1991-10-9,82,68,54,59,53,50,93,64,33,30.23,30.16,30.11,20,16,10,8,4,,0.00,0,,134
1991-10-10,89,74,59,60,56,50,93,60,30,30.25,30.15,30.07,15,13,7,9,4,,0.00,1,,246
1991-10-11,93,76,60,59,56,53,90,54,25,30.07,29.99,29.90,15,15,15,15,5,,0.00,0,,257
1991-10-12,98,83,68,55,50,46,55,36,19,29.95,29.90,29.87,15,15,15,12,7,,0.00,0,,334
1991-10-13,97,82,66,60,54,49,63,44,20,29.97,29.91,29.83,15,14,10,9,6,,0.00,0,,181
1991-10-14,90,76,62,62,53,39,87,51,27,29.99,29.92,29.86,15,14,10,17,7,,0.00,1,,62
1991-10-15,88,74,60,47,42,38,51,34,20,30.04,29.99,29.94,15,15,15,12,8,,0.00,3,,342
1991-10-16,86,72,59,49,46,44,60,44,27,30.14,30.05,29.97,15,15,15,12,6,,0.00,0,,103
1991-10-17,87,72,57,64,59,49,96,68,41,30.08,30.02,29.97,15,12,7,13,6,21,0.00,0,,169
1991-10-18,86,74,61,65,61,56,100,73,36,30.16,30.10,30.05,15,8,0,10,6,,0.00,3,Fog,156
1991-10-19,81,70,60,63,60,57,96,70,45,30.23,30.14,30.06,15,12,8,10,4,,0.00,4,,351
1991-10-20,82,72,62,59,53,51,68,55,36,30.12,30.07,30.01,15,14,10,13,8,,0.00,4,,34
1991-10-21,82,68,54,57,52,50,90,59,34,30.09,30.01,29.93,15,10,7,8,3,,0.00,0,,115
1991-10-22,86,75,64,70,66,55,96,76,51,30.01,29.95,29.89,15,10,3,14,7,,0.00,6,Fog,163
1991-10-23,90,82,73,71,70,66,93,75,45,29.98,29.92,29.79,15,12,7,14,9,20,0.00,6,,168
1991-10-24,91,82,73,73,70,66,93,73,45,29.93,29.88,29.80,15,14,10,15,11,25,0.00,6,,164
1991-10-25,87,80,73,71,69,65,93,75,48,29.94,29.87,29.81,15,13,7,15,10,18,0.01,6,Rain,157
1991-10-26,86,77,68,71,69,64,97,79,53,29.94,29.87,29.81,15,13,7,21,11,23,0.01,7,Rain,138
1991-10-27,84,76,69,71,69,66,93,79,58,29.88,29.80,29.69,15,12,7,15,7,22,0.00,7,Rain,118
1991-10-28,84,78,73,74,72,70,91,81,67,29.78,29.72,29.68,15,9,1,20,12,34,0.02,6,Rain-Thunderstorm,159
1991-10-29,80,64,48,74,61,46,100,91,79,30.09,29.94,29.75,10,7,1,24,11,34,0.59,7,Fog-Rain-Thunderstorm,21
1991-10-30,54,51,48,50,48,46,97,91,83,30.19,30.11,30.06,10,6,4,15,12,,0.03,8,Fog-Rain,359
1991-10-31,50,44,39,45,39,31,97,83,58,30.14,30.03,29.96,15,8,2,21,12,31,0.36,6,Fog-Rain-Thunderstorm,342
1991-11-1,57,48,39,32,29,26,73,52,34,30.33,30.24,30.14,20,17,15,16,13,26,0.00,0,,337
1991-11-2,52,44,36,32,28,25,73,57,39,30.52,30.40,30.33,15,15,10,16,11,24,0.00,2,,17
1991-11-3,46,40,33,26,19,12,65,50,30,30.73,30.63,30.55,15,15,15,20,15,29,0.00,4,,7
1991-11-4,52,40,28,25,18,12,69,44,20,30.61,30.50,30.39,15,15,15,10,5,,0.00,0,,45
1991-11-5,55,42,30,42,31,22,92,61,39,30.35,30.22,30.13,15,15,10,10,4,,0.00,6,,184
1991-11-6,70,60,50,58,51,43,86,73,59,30.17,30.08,29.99,15,12,10,10,5,16,0.00,7,,163
1991-11-7,63,54,46,60,50,34,96,82,58,30.43,30.15,30.02,15,5,0,20,9,32,0.00,8,Fog-Rain,25
1991-11-8,55,44,33,33,27,23,78,55,31,30.60,30.49,30.43,15,14,10,18,14,25,0.00,1,,360
1991-11-9,59,44,30,29,27,23,79,53,27,30.45,30.32,30.19,15,15,15,9,4,,0.00,0,,160
1991-11-10,68,51,34,45,37,28,85,63,38,30.21,30.15,30.09,15,15,15,9,4,,0.00,3,,125
1991-11-11,71,60,48,52,49,45,93,72,49,30.28,30.20,30.16,15,12,8,12,5,,0.00,7,,49
1991-11-12,68,61,54,52,45,40,72,60,43,30.38,30.31,30.28,15,11,10,12,7,,0.00,8,,25
1991-11-13,72,62,53,56,49,45,83,65,46,30.30,30.16,30.04,10,10,9,12,5,,0.00,8,,170
1991-11-14,73,65,57,65,60,55,93,82,68,30.02,29.93,29.83,10,8,4,20,8,28,0.00,8,Fog,150
1991-11-15,75,72,68,69,67,65,100,87,71,30.05,29.99,29.93,10,7,1,15,8,22,0.04,8,Fog-Rain,158
1991-11-16,75,72,69,70,69,67,97,91,84,30.02,29.95,29.86,10,6,1,15,10,20,0.08,8,Fog-Rain,156
1991-11-17,70,61,50,68,52,48,96,81,54,30.02,29.94,29.87,20,13,3,26,10,37,0.75,5,Rain-Thunderstorm,299
1991-11-18,79,62,46,67,55,45,97,78,52,29.88,29.80,29.71,15,11,4,20,5,22,0.00,2,Fog,165
1991-11-19,77,67,57,69,57,35,97,71,28,30.12,29.83,29.72,20,10,2,23,10,25,0.02,5,Fog,212
1991-11-20,64,58,50,43,33,24,66,44,22,30.25,30.19,30.11,20,20,20,20,15,31,0.00,1,,323
1991-11-21,70,54,39,35,31,28,77,44,22,30.23,30.11,29.99,20,20,20,14,7,20,0.00,0,,223
1991-11-22,77,59,41,46,40,32,86,54,31,30.17,29.99,29.90,20,20,20,20,8,25,0.00,0,,171
1991-11-23,57,50,41,39,26,17,65,43,23,30.53,30.42,30.20,20,20,20,23,16,33,0.00,0,,345
1991-11-24,61,48,34,27,20,16,75,37,17,30.52,30.44,30.34,20,20,20,10,8,,0.00,0,,218
1991-11-25,63,46,30,32,27,19,79,45,30,30.36,30.29,30.20,20,17,15,13,6,23,0.00,3,,167
1991-11-26,64,58,52,60,50,30,93,75,40,30.23,30.15,30.07,15,11,7,12,7,,0.00,8,Rain,132
1991-11-27,75,68,61,64,61,60,100,86,60,30.20,30.14,30.06,15,8,0,13,8,20,0.00,7,Fog,168
1991-11-28,79,72,66,64,62,57,87,75,48,30.09,30.01,29.92,15,11,7,22,15,34,0.00,7,Rain,170
1991-11-29,84,75,66,67,62,57,90,71,40,29.91,29.78,29.68,15,12,7,26,16,36,0.00,6,,168
1991-11-30,73,60,46,68,56,40,96,81,58,30.04,29.89,29.80,10,9,7,17,10,24,0.02,8,Rain,39
1991-12-1,46,42,39,40,37,34,86,80,71,30.11,30.06,30.02,10,8,5,18,15,28,0.00,8,Fog-Rain,352
1991-12-2,55,46,36,35,33,30,93,69,37,30.07,30.01,29.90,15,10,4,15,11,23,0.05,5,Fog-Rain,319
1991-12-3,59,50,41,35,28,24,79,48,27,30.42,30.23,29.99,20,16,15,17,9,29,0.00,0,,339
1991-12-4,61,48,34,35,26,15,86,51,17,30.53,30.42,30.33,20,18,15,12,6,,0.00,2,,201
1991-12-5,69,54,39,49,40,27,83,62,42,30.32,30.23,30.12,20,17,15,15,6,26,0.00,4,,157
1991-12-6,71,62,52,57,54,50,93,79,59,30.20,30.13,30.07,15,12,4,15,7,23,0.00,8,Fog,138
1991-12-7,73,66,60,68,63,57,96,87,78,30.08,30.01,29.94,10,7,5,17,8,,0.01,8,Fog-Rain,178
1991-12-8,78,74,69,69,67,65,100,86,66,30.05,29.99,29.95,15,8,1,16,10,23,0.97,8,Fog-Rain-Thunderstorm,174
1991-12-9,75,68,59,68,59,54,96,78,53,30.18,30.10,30.01,15,12,3,14,9,22,0.21,4,Fog-Rain,353
1991-12-10,75,64,53,60,52,47,96,71,37,30.19,30.12,30.04,15,12,5,10,7,,0.11,4,Rain,62
1991-12-11,69,64,59,67,63,58,100,97,90,30.10,30.00,29.90,10,3,0,16,7,23,0.06,8,Fog-Rain,126
1991-12-12,72,68,62,68,65,61,96,89,84,29.97,29.92,29.89,10,8,4,12,8,18,0.15,8,Fog-Rain,207
1991-12-13,69,63,57,61,58,54,97,85,58,30.16,30.03,29.96,15,11,5,9,5,,0.36,8,Fog-Rain,249
1991-12-14,64,56,46,49,34,26,58,46,33,30.56,30.44,30.20,15,15,15,20,15,28,0.00,7,,14
1991-12-15,55,47,39,34,27,24,65,47,30,30.57,30.52,30.46,15,14,10,14,7,,0.00,5,,13
1991-12-16,62,50,39,40,31,21,89,54,23,30.51,30.43,30.36,15,14,10,8,4,,0.00,5,,213
1991-12-17,55,50,45,54,46,34,97,86,65,30.38,30.33,30.29,15,8,1,8,2,,0.25,8,Fog-Rain,58
1991-12-18,57,56,54,57,55,53,100,97,96,30.32,30.27,30.22,10,5,1,15,9,,1.40,8,Fog-Rain,44
1991-12-19,59,56,52,58,54,51,100,96,93,30.25,30.17,30.10,10,6,1,20,15,25,1.09,8,Fog-Rain,106
1991-12-20,69,64,59,67,63,58,100,94,90,30.26,30.13,30.05,10,4,1,22,14,34,4.19,8,Fog-Rain-Thunderstorm,145
1991-12-21,59,54,48,57,50,48,100,96,92,30.35,30.26,30.18,10,5,1,22,15,33,2.57,8,Fog-Rain-Thunderstorm,10
1991-12-22,57,52,48,55,51,48,100,96,83,30.19,30.04,29.98,15,6,0,15,7,,1.81,7,Fog-Rain-Thunderstorm,337
1991-12-23,62,54,45,50,42,36,100,69,44,30.24,30.06,29.97,15,10,0,23,9,30,0.00,3,Fog,307
1991-12-24,54,48,41,38,36,34,82,69,53,30.30,30.23,30.19,15,15,15,17,13,25,0.00,3,,11
1991-12-25,48,42,37,44,37,31,90,78,66,30.25,30.18,30.12,15,12,5,12,6,,0.12,6,Rain-Thunderstorm,25
1991-12-26,46,45,44,44,42,41,96,92,80,30.25,30.18,30.14,10,6,4,14,9,,0.41,8,Fog-Rain,16
1991-12-27,51,47,43,41,41,40,93,80,68,30.32,30.26,30.23,15,10,4,15,10,18,0.03,8,Rain,348
1991-12-28,57,49,41,41,39,36,93,73,47,30.27,30.21,30.14,15,15,15,10,7,,0.00,4,,331
1991-12-29,55,46,36,43,40,35,97,82,59,30.19,30.13,30.07,15,12,5,8,3,,0.00,5,Fog,183
1991-12-30,63,52,42,51,46,40,93,79,63,30.22,30.15,30.10,15,11,7,8,3,,0.00,5,,123
1991-12-31,59,55,51,51,49,45,96,82,67,30.26,30.19,30.14,10,7,4,10,6,,0.00,8,Fog-Rain,98
