
CST,Max TemperatureF,Mean TemperatureF,Min TemperatureF,Max Dew PointF,MeanDew PointF,Min DewpointF,Max Humidity, Mean Humidity, Min Humidity, Max Sea Level PressureIn, Mean Sea Level PressureIn, Min Sea Level PressureIn, Max VisibilityMiles, Mean VisibilityMiles, Min VisibilityMiles, Max Wind SpeedMPH, Mean Wind SpeedMPH, Max Gust SpeedMPH,PrecipitationIn, CloudCover, Events, WindDirDegrees
1957-1-1,64,55,46,43,37,32,71,52,40,30.30,30.16,30.02,15,12,10,24,11,,0.00,0,,348
1957-1-2,55,52,48,35,32,30,56,47,40,30.38,30.30,30.23,15,15,15,20,12,,0.00,,,79
1957-1-3,66,59,52,58,47,34,80,67,48,30.20,30.07,29.95,10,9,8,9,5,,0.00,,,153
1957-1-4,77,66,52,62,53,43,93,67,31,30.09,29.99,29.89,15,12,10,18,12,,0.00,0,Rain,260
1957-1-5,64,55,46,49,47,45,100,78,56,30.27,30.17,30.09,15,8,1,21,11,,0.00,0,Fog,26
1957-1-6,75,64,53,61,55,48,100,81,57,30.17,30.13,30.08,15,8,0,12,5,,0.00,,Fog,87
1957-1-7,69,58,48,63,53,45,96,82,65,30.22,30.12,30.01,10,7,1,17,10,,0.00,0,Fog,83
1957-1-8,78,71,64,64,62,61,100,80,58,29.98,29.90,29.83,10,9,1,20,13,,0.00,,Fog,208
1957-1-9,81,72,64,64,63,60,93,77,54,29.99,29.89,29.84,10,10,10,22,15,,0.00,,,199
1957-1-10,55,46,36,44,23,15,64,45,31,30.51,30.42,30.11,15,11,5,34,24,,0.00,0,,12
1957-1-11,50,42,35,33,26,20,62,53,44,30.52,30.43,30.33,10,10,10,14,10,,0.00,0,,65
1957-1-12,70,59,48,55,46,33,89,68,54,30.33,30.20,30.09,10,10,10,18,8,,0.00,0,,183
1957-1-13,72,60,48,59,54,47,97,79,56,30.12,30.02,29.92,10,9,5,17,7,,0.00,0,Fog,208
1957-1-14,60,50,39,56,41,33,97,76,61,30.13,30.03,29.92,10,8,5,25,11,,0.00,,,28
1957-1-15,39,37,34,37,29,21,100,74,53,30.27,30.15,30.03,10,7,1,24,15,,0.00,,Fog,11
1957-1-16,34,30,25,25,14,2,79,52,33,30.54,30.40,30.27,10,10,10,25,21,,0.00,,,6
1957-1-17,48,34,21,21,12,6,69,44,18,30.67,30.59,30.55,15,13,10,17,11,,0.00,0,,321
1957-1-18,57,42,27,20,16,13,66,40,18,30.71,30.60,30.54,15,13,10,12,7,,0.00,0,,226
1957-1-19,57,46,36,54,35,17,93,60,40,30.53,30.39,30.25,10,10,10,20,7,,0.00,0,,140
1957-1-20,69,62,55,63,58,54,97,88,75,30.25,30.14,30.06,15,8,2,17,8,,0.01,,Fog-Rain,182
1957-1-21,70,68,66,67,65,63,93,89,81,30.06,29.95,29.85,15,10,6,22,15,,0.08,,Rain,176
1957-1-22,72,58,39,66,44,23,93,56,17,30.38,30.02,29.83,15,12,5,25,17,,0.05,,Rain,295
1957-1-23,39,36,34,31,25,21,85,67,49,30.47,30.41,30.36,15,12,10,22,16,,0.00,,,14
1957-1-24,51,44,36,45,36,28,89,76,68,30.35,30.22,30.11,15,12,8,9,4,,0.01,,Rain,147
1957-1-25,57,47,36,46,42,35,100,88,58,30.27,30.19,30.11,10,6,0,23,9,,0.00,0,Fog,6
1957-1-26,37,35,33,37,35,33,100,98,93,30.29,30.24,30.19,10,4,1,18,14,,0.03,,Fog-Rain,10
1957-1-27,36,36,35,36,35,34,100,96,93,30.31,30.23,30.16,10,5,3,21,13,,0.19,,Fog-Rain-Thunderstorm,357
1957-1-28,53,44,36,53,43,34,100,97,93,30.16,30.03,29.94,6,2,0,9,5,,0.03,,Fog,88
1957-1-29,62,52,43,61,51,39,100,95,85,30.19,30.07,29.92,10,4,0,23,10,,0.03,,Fog-Rain,12
1957-1-30,45,41,37,44,40,36,100,96,89,30.23,30.15,30.09,10,4,2,17,12,,0.03,,Fog-Rain,12
1957-1-31,53,48,43,52,47,42,100,96,89,30.09,29.99,29.90,9,4,1,9,6,,0.07,,Fog-Rain,20
1957-2-1,66,59,51,55,52,50,100,85,59,30.18,30.06,29.90,15,10,1,18,10,,0.10,,Fog-Rain,24
1957-2-2,62,55,48,53,49,47,96,86,70,30.21,30.11,30.01,15,10,3,14,10,,0.00,0,Fog,64
1957-2-3,73,60,48,65,58,49,100,90,71,29.99,29.93,29.87,15,8,1,16,9,,0.00,0,Fog,201
1957-2-4,81,72,64,65,64,61,100,78,50,30.10,30.02,29.95,15,11,6,17,10,,0.00,,Fog,168
1957-2-5,78,66,55,66,60,53,97,84,60,30.18,30.13,30.08,10,7,1,17,8,,0.00,,Fog,78
1957-2-6,66,60,55,58,56,54,100,89,73,30.24,30.18,30.14,15,8,0,14,9,,0.00,0,Fog,42
1957-2-7,79,68,57,64,61,56,100,81,54,30.19,30.14,30.09,15,9,0,14,7,,0.00,0,Fog-Rain,111
1957-2-8,82,73,64,65,61,58,93,73,45,30.20,30.12,30.06,15,11,7,17,8,,0.00,0,,192
1957-2-9,84,72,61,61,60,57,97,68,43,30.05,29.97,29.89,15,11,7,21,11,,0.00,0,,200
1957-2-10,88,74,59,61,58,54,96,67,35,30.08,29.98,29.92,15,12,10,18,8,,0.00,0,,116
1957-2-11,78,70,61,61,55,47,84,66,46,30.22,30.12,30.06,15,13,10,20,12,,0.00,0,,70
1957-2-12,79,72,64,67,63,56,100,79,60,30.15,30.09,30.05,15,9,1,16,9,,0.01,0,Fog,109
1957-2-13,64,62,59,62,59,57,100,92,78,30.21,30.16,30.12,10,6,1,14,8,,1.09,,Fog-Rain,78
1957-2-14,75,68,62,64,62,60,100,87,66,30.14,30.05,29.95,10,7,1,12,5,,0.00,0,Fog,159
1957-2-15,81,72,64,64,62,60,97,76,49,30.03,29.95,29.89,15,11,7,20,11,,0.00,,,184
1957-2-16,69,58,48,60,47,38,96,78,66,30.28,30.21,30.04,15,10,1,29,20,,0.03,,Fog-Rain,26
1957-2-17,60,53,46,45,36,29,96,58,35,30.27,30.16,30.04,15,11,4,14,10,,0.32,,Rain,74
1957-2-18,54,50,45,48,46,44,100,89,77,30.02,29.93,29.89,15,11,5,15,10,,0.30,,Rain,17
1957-2-19,51,48,46,47,45,43,100,89,74,30.12,30.03,29.95,15,10,3,16,11,,0.18,,Fog-Rain,34
1957-2-20,51,48,46,45,44,41,93,83,71,30.23,30.17,30.10,10,10,9,15,11,,0.00,,,12
1957-2-21,62,50,39,49,44,38,97,77,58,30.21,30.14,30.06,15,10,5,16,7,,0.00,0,Fog,165
1957-2-22,62,54,45,58,52,44,100,91,72,30.17,30.13,30.11,10,6,0,12,6,,0.11,0,Fog-Rain,118
1957-2-23,57,51,45,57,48,43,100,91,83,30.29,30.20,30.14,10,8,5,17,9,,0.89,,Rain-Thunderstorm,353
1957-2-24,62,55,48,56,51,46,96,88,78,30.16,29.98,29.81,10,9,5,15,6,,0.00,0,Fog,145
1957-2-25,71,60,48,55,52,47,97,78,53,29.83,29.75,29.68,10,10,10,15,8,,0.00,0,,339
1957-2-26,66,59,52,51,44,36,93,63,37,29.95,29.85,29.74,15,13,10,32,13,,0.00,0,,317
1957-2-27,63,52,42,39,32,27,74,48,26,30.04,29.97,29.91,15,15,15,20,11,,0.00,0,,342
1957-2-28,71,54,37,43,39,35,89,59,31,30.02,29.96,29.91,15,12,9,9,5,,0.00,0,,119
1957-3-1,72,60,48,44,41,39,80,55,34,30.17,30.08,30.03,15,14,10,14,10,,0.00,0,,44
1957-3-2,75,65,55,64,57,44,93,80,62,30.04,29.92,29.81,15,10,3,18,7,,0.00,0,Fog,173
1957-3-3,57,54,52,54,51,48,97,93,86,29.92,29.83,29.75,10,7,2,21,14,,0.01,,Fog-Rain,23
1957-3-4,77,64,50,52,43,32,100,58,21,29.76,29.70,29.59,15,11,0,18,7,,0.00,,Fog,252
1957-3-5,64,57,48,43,39,33,71,52,36,29.95,29.87,29.71,15,13,6,20,11,,0.00,0,,315
1957-3-6,57,51,45,46,42,40,93,76,60,30.17,29.96,29.88,15,10,7,22,6,,0.02,,Rain,59
1957-3-7,53,45,37,38,31,28,79,61,43,30.34,30.24,30.16,15,12,10,20,15,,0.00,0,,353
1957-3-8,61,46,30,42,32,24,92,63,40,30.26,30.16,30.03,15,15,6,20,7,,0.00,0,,142
1957-3-9,71,56,42,59,49,39,93,79,57,30.17,30.06,29.99,15,10,4,17,6,,0.00,0,Fog,99
1957-3-10,77,70,62,63,61,59,93,78,54,29.99,29.85,29.74,10,9,7,23,16,,0.00,,,173
1957-3-11,79,68,57,66,60,54,100,82,52,29.89,29.79,29.73,10,8,4,13,7,,1.04,0,Fog-Rain-Thunderstorm,16
1957-3-12,71,64,57,59,55,49,96,75,63,29.96,29.91,29.87,15,11,8,20,13,,0.00,0,,40
1957-3-13,71,64,57,61,58,56,100,88,68,29.90,29.83,29.75,15,8,0,20,9,,0.00,,Fog,182
1957-3-14,68,62,52,59,48,31,100,66,38,30.25,29.98,29.79,15,9,1,30,13,,0.00,0,,334
1957-3-15,66,55,44,38,30,26,55,40,22,30.39,30.30,30.25,15,13,10,20,13,,0.00,0,,44
1957-3-16,70,61,52,59,48,37,93,61,45,30.23,30.13,30.02,10,10,8,15,7,,0.01,,Rain,99
1957-3-17,79,70,59,67,62,58,100,89,58,29.99,29.82,29.68,15,7,0,14,9,,0.48,0,Fog-Rain-Thunderstorm,148
1957-3-18,81,69,57,60,57,52,100,74,36,29.90,29.80,29.73,15,11,0,20,6,,0.00,0,Fog,354
1957-3-19,68,60,51,54,48,42,93,69,47,30.02,29.94,29.89,15,12,10,21,12,,0.00,0,,33
1957-3-20,73,64,55,68,57,50,100,87,68,30.01,29.81,29.60,15,7,1,23,9,,1.64,,Fog-Rain-Thunderstorm,115
1957-3-21,77,66,55,58,53,47,100,73,38,29.78,29.73,29.67,15,10,0,23,7,,0.00,0,Fog,297
1957-3-22,82,66,50,60,53,47,93,69,42,29.77,29.66,29.54,15,13,8,21,8,,0.00,0,,134
1957-3-23,68,60,52,59,37,20,93,46,19,29.77,29.63,29.51,15,9,5,23,13,,0.03,0,Rain,278
1957-3-24,55,50,46,31,29,27,51,45,38,29.82,29.74,29.69,10,6,3,29,20,,0.00,0,,277
1957-3-25,62,54,46,36,32,30,68,49,30,30.08,29.95,29.82,15,12,10,22,17,,0.00,0,,298
1957-3-26,66,52,37,44,36,31,86,58,30,30.20,30.10,30.02,10,10,7,13,7,,0.00,0,,100
1957-3-27,75,62,48,62,53,43,100,78,54,30.21,30.07,29.99,10,8,4,23,10,,0.69,0,Rain-Thunderstorm,150
1957-3-28,60,53,46,48,46,44,96,83,62,30.35,30.28,30.22,10,10,8,23,16,,0.00,0,,16
1957-3-29,68,55,42,53,49,42,100,80,56,30.28,30.18,30.07,10,10,7,14,5,,0.00,0,,209
1957-3-30,66,60,54,62,57,52,97,90,76,30.07,29.95,29.85,10,6,3,17,8,,0.01,,Fog-Rain,152
1957-3-31,66,60,53,62,56,52,100,88,60,29.85,29.78,29.70,15,10,1,29,8,,0.65,0,Fog-Rain-Thunderstorm,249
1957-4-1,82,65,48,64,56,47,97,73,42,29.79,29.72,29.62,15,13,10,16,7,,0.00,0,,191
1957-4-2,80,74,68,69,67,64,91,83,69,29.68,29.65,29.60,10,10,9,21,15,,0.00,,Rain,152
1957-4-3,75,68,60,69,59,50,93,74,41,29.72,29.63,29.56,15,11,5,20,13,,0.10,0,Rain,268
1957-4-4,81,66,50,53,47,42,97,62,25,29.95,29.76,29.66,15,10,8,25,9,,0.00,0,Rain,273
1957-4-5,70,59,48,44,37,30,77,50,25,30.17,30.07,29.95,15,12,10,17,7,,0.00,0,,307
1957-4-6,75,62,48,59,49,39,87,63,43,30.08,29.97,29.84,10,9,8,25,12,,0.00,0,,183
1957-4-7,82,73,64,69,64,59,93,79,54,29.82,29.76,29.69,10,9,7,21,15,,0.00,,,184
1957-4-8,71,60,48,69,39,33,93,55,36,30.31,30.18,29.76,15,9,7,31,18,,0.00,0,,356
1957-4-9,66,54,42,45,39,36,82,58,38,30.33,30.22,30.09,15,15,15,14,10,,0.00,0,,89
1957-4-10,75,63,51,61,54,46,100,75,50,30.10,29.97,29.86,15,13,4,16,8,,0.00,,Fog-Rain,141
1957-4-11,69,64,60,65,62,60,100,93,87,29.95,29.88,29.84,10,5,0,12,7,,0.02,,Fog,98
1957-4-12,66,54,39,63,48,34,96,78,62,30.29,30.13,29.95,10,9,4,26,12,,0.00,,Fog-Rain,31
1957-4-13,46,42,37,37,35,33,89,80,71,30.36,30.31,30.27,10,9,8,22,16,,0.00,,,8
1957-4-14,57,49,41,47,42,38,96,76,58,30.41,30.33,30.25,10,8,4,22,12,,0.00,,Fog,12
1957-4-15,64,60,55,62,55,46,100,85,69,30.25,30.08,29.95,10,6,1,17,6,,0.31,,Fog-Rain-Thunderstorm,108
1957-4-16,71,67,63,68,64,63,100,94,84,29.95,29.91,29.88,10,7,1,17,10,,0.06,,Fog-Rain,148
1957-4-17,82,73,64,71,67,63,100,89,65,30.02,29.97,29.92,10,8,0,18,9,,0.00,0,Fog,166
1957-4-18,84,78,71,72,69,64,97,81,53,30.05,29.99,29.92,10,8,4,21,12,,0.01,,Fog-Rain,164
1957-4-19,80,71,62,70,66,61,100,86,67,30.05,29.97,29.92,15,10,6,22,14,,0.91,,Rain-Thunderstorm,166
1957-4-20,82,76,71,71,69,68,97,82,60,30.04,29.97,29.92,10,10,7,23,13,,0.01,,Rain,141
1957-4-21,78,71,64,69,65,62,100,85,64,30.13,30.04,29.96,15,11,7,17,10,,0.15,,Rain-Thunderstorm,111
1957-4-22,84,72,61,70,67,60,100,86,63,30.04,29.94,29.86,10,9,4,23,11,,1.40,,Rain-Thunderstorm,145
1957-4-23,73,68,63,73,66,63,100,90,78,29.93,29.88,29.82,15,10,0,18,13,,1.05,,Rain-Thunderstorm,88
1957-4-24,73,68,64,70,67,63,100,96,84,29.92,29.88,29.83,15,8,0,25,8,,1.16,,Fog-Rain-Thunderstorm,121
1957-4-25,82,74,66,72,69,66,100,88,65,29.97,29.93,29.88,15,9,1,22,8,,0.00,,Fog,150
1957-4-26,80,70,57,70,66,58,100,86,67,30.01,29.93,29.84,10,9,0,44,15,,2.02,,Rain-Thunderstorm,148
1957-4-27,71,65,59,66,62,59,100,91,76,30.02,29.94,29.88,15,10,7,17,11,,0.91,,Rain,14
1957-4-28,75,68,61,67,64,59,100,91,71,29.95,29.92,29.86,15,9,3,17,7,,1.63,,Rain-Thunderstorm,52
1957-4-29,75,68,61,64,62,60,100,84,60,29.98,29.93,29.90,15,10,4,8,3,,0.00,,Fog,56
1957-4-30,75,69,63,65,63,62,100,84,64,29.96,29.91,29.83,15,12,8,17,6,,0.00,0,,357
1957-5-1,75,70,64,64,63,61,93,80,60,29.87,29.83,29.79,15,12,10,20,10,,0.00,0,,323
1957-5-2,79,70,62,65,62,59,96,78,52,29.84,29.78,29.71,15,11,9,13,8,,0.00,0,Rain,300
1957-5-3,75,70,64,68,63,61,96,82,64,29.79,29.74,29.69,15,11,9,17,8,,0.25,,,325
1957-5-4,66,62,55,64,60,54,97,89,78,30.12,29.93,29.79,10,8,4,22,13,,0.06,,Fog-Rain,1
1957-5-5,70,60,51,53,47,43,93,65,42,30.26,30.19,30.12,15,10,8,15,11,,0.00,0,,12
1957-5-6,73,62,51,58,49,44,86,65,38,30.33,30.28,30.23,15,12,9,16,8,,0.00,0,,65
1957-5-7,66,60,53,59,54,50,93,75,63,30.26,30.20,30.11,15,9,5,9,2,,0.00,,,127
1957-5-8,80,72,64,69,64,58,97,82,48,30.10,29.99,29.88,10,8,1,22,9,,0.00,0,Fog-Rain,132
1957-5-9,77,70,62,69,66,61,100,87,66,29.96,29.90,29.84,10,10,7,20,12,,0.13,,Rain,107
1957-5-10,84,75,66,68,66,63,100,76,53,29.92,29.85,29.79,10,8,0,16,7,,0.00,0,Fog,155
1957-5-11,82,75,68,72,69,67,100,82,62,29.88,29.83,29.76,10,9,3,20,10,,0.00,,Fog,163
1957-5-12,84,78,71,73,71,69,97,83,63,29.88,29.84,29.75,15,9,5,20,10,,0.00,,Fog-Rain,148
1957-5-13,82,73,62,73,65,52,100,82,36,29.88,29.81,29.72,15,11,3,15,8,,0.62,0,Rain-Thunderstorm,144
1957-5-14,87,72,57,73,66,57,100,80,51,29.93,29.86,29.79,10,8,0,17,7,,0.00,0,Fog,190
1957-5-15,86,79,72,72,71,68,97,79,55,29.88,29.83,29.76,10,10,9,21,11,,0.00,0,,166
1957-5-16,86,80,73,72,72,70,96,80,61,29.88,29.84,29.76,10,10,10,20,12,,0.00,,Rain,163
1957-5-17,86,78,71,71,69,66,96,77,51,29.92,29.86,29.77,15,12,10,18,12,,0.00,,,147
1957-5-18,73,66,60,69,63,60,100,90,68,29.96,29.87,29.73,10,8,3,25,10,,1.58,0,Rain-Thunderstorm,8
1957-5-19,82,70,57,67,62,58,100,78,54,29.90,29.83,29.73,15,12,6,9,5,,0.00,0,Fog,135
1957-5-20,87,76,66,74,70,65,100,82,61,29.74,29.66,29.57,15,8,3,20,11,,0.00,0,Fog,182
1957-5-21,89,82,75,77,74,72,94,80,63,29.66,29.61,29.57,10,8,7,16,12,,0.00,,,173
1957-5-22,89,83,77,78,75,72,90,79,65,29.71,29.64,29.60,10,9,7,20,12,,0.00,,Rain,174
1957-5-23,87,80,73,76,73,68,94,79,59,29.88,29.79,29.71,10,9,4,20,13,,0.00,,,137
1957-5-24,90,82,75,75,73,70,97,78,55,29.94,29.88,29.80,10,9,6,22,11,,0.01,,Fog-Rain,144
1957-5-25,90,82,73,74,72,70,94,75,53,29.92,29.87,29.83,10,10,8,21,13,,0.00,,,167
1957-5-26,79,72,64,74,70,65,100,91,79,30.06,29.98,29.91,15,9,1,16,7,,1.54,,Rain-Thunderstorm,169
1957-5-27,73,70,66,72,68,65,100,93,84,30.10,30.05,29.98,10,9,5,18,7,,0.92,,Rain-Thunderstorm,358
1957-5-28,82,73,64,69,65,63,100,77,54,30.11,30.07,30.01,15,10,7,12,5,,0.00,,,79
1957-5-29,87,78,68,70,67,63,100,76,48,30.10,30.04,29.97,15,11,3,15,5,,0.00,0,Fog,148
1957-5-30,88,79,70,72,70,66,100,79,48,30.05,29.99,29.90,15,10,0,14,6,,0.00,0,Fog,167
1957-5-31,78,72,66,73,70,64,100,87,68,30.00,29.93,29.87,15,12,5,15,8,,0.47,,Rain,156
1957-6-1,84,75,66,71,68,62,100,87,56,29.94,29.90,29.80,15,7,0,20,6,,0.67,,Fog-Rain-Thunderstorm,51
1957-6-2,79,71,63,66,64,62,97,83,62,29.91,29.88,29.83,15,10,9,15,7,,0.00,,Rain,343
1957-6-3,73,68,64,69,66,64,100,93,81,29.95,29.90,29.88,15,8,3,15,8,,1.09,,Fog-Rain,322
1957-6-4,80,73,66,70,66,64,100,84,58,29.97,29.92,29.87,15,11,6,12,7,,0.16,,Rain,307
1957-6-5,81,74,68,71,68,65,100,85,60,29.95,29.90,29.86,10,10,8,15,5,,0.23,,Rain-Thunderstorm,38
1957-6-6,87,76,64,69,67,65,100,74,48,29.93,29.88,29.82,15,12,8,12,4,,0.00,0,,140
1957-6-7,84,77,70,73,71,68,100,82,62,29.85,29.80,29.73,15,11,3,15,6,,0.00,0,Fog,166
1957-6-8,91,82,72,74,72,69,100,78,48,29.81,29.77,29.72,15,11,1,13,5,,0.00,0,Fog,170
1957-6-9,90,82,73,74,72,70,97,76,52,29.86,29.81,29.77,15,13,10,16,9,,0.00,0,,189
1957-6-10,91,83,75,76,74,73,94,77,55,29.88,29.83,29.78,10,10,9,17,12,,0.00,0,,183
1957-6-11,93,86,78,76,75,74,93,76,55,29.91,29.86,29.81,15,11,9,18,14,,0.00,,,174
1957-6-12,86,77,68,77,73,68,100,89,69,29.89,29.82,29.76,10,8,0,16,11,,3.03,,Rain-Thunderstorm,178
1957-6-13,91,81,71,77,75,70,100,83,61,29.82,29.74,29.65,15,10,4,17,11,,0.00,0,Fog,180
1957-6-14,91,83,75,77,74,73,100,78,55,29.79,29.74,29.69,10,10,8,18,13,,0.00,0,,181
1957-6-15,91,83,75,75,72,69,97,74,48,29.89,29.85,29.80,10,10,10,23,15,,0.00,0,,163
1957-6-16,91,83,75,74,72,69,94,73,50,29.95,29.90,29.87,15,12,10,23,13,,0.00,,,155
1957-6-17,91,83,75,74,73,70,96,77,50,30.02,29.99,29.95,15,13,10,14,9,,0.00,,Rain,136
1957-6-18,91,82,72,73,71,68,100,75,47,30.12,30.06,30.01,15,15,15,14,6,,0.00,0,,50
1957-6-19,91,82,73,71,68,66,87,70,45,30.08,30.01,29.93,15,14,10,16,10,,0.00,,,16
1957-6-20,90,80,70,71,69,66,97,73,46,29.96,29.89,29.81,15,12,7,12,4,,0.00,0,,118
1957-6-21,88,80,73,74,72,68,97,77,51,29.84,29.80,29.74,15,12,7,17,9,,0.00,,,171
1957-6-22,93,85,77,75,73,70,90,72,46,29.97,29.88,29.83,15,12,6,17,12,,0.00,0,Rain,167
1957-6-23,93,84,75,75,72,68,96,73,44,30.06,30.02,29.99,15,12,3,13,6,,0.00,0,Fog,122
1957-6-24,88,80,73,71,68,63,91,70,43,30.13,30.05,29.97,15,12,10,20,10,,0.00,0,,29
1957-6-25,91,80,68,69,67,65,90,66,42,29.99,29.91,29.83,15,12,10,10,5,,0.00,0,,97
1957-6-26,91,80,69,72,67,62,93,67,37,29.86,29.79,29.69,15,11,4,18,5,,0.00,0,Fog,96
1957-6-27,93,83,73,73,70,66,90,68,40,29.70,29.61,29.54,15,11,8,14,7,,0.00,,,3
1957-6-28,96,86,75,76,74,72,94,72,47,29.79,29.71,29.62,10,10,8,16,8,,0.00,,,148
1957-6-29,96,87,78,77,74,73,90,71,49,29.90,29.86,29.80,15,12,10,24,13,,0.00,0,,177
1957-6-30,96,88,80,76,74,72,85,68,46,29.99,29.92,29.87,15,11,10,18,14,,0.00,0,,182
1957-7-1,96,86,75,75,73,69,97,69,44,30.00,29.95,29.89,15,11,10,17,13,,0.00,,,177
1957-7-2,97,88,79,74,72,68,84,65,39,30.04,29.98,29.92,15,12,10,17,12,,0.00,0,,188
1957-7-3,97,85,73,75,71,67,100,67,37,30.06,30.00,29.93,15,14,10,14,10,,0.00,0,,198
1957-7-4,98,86,73,72,70,65,93,64,36,30.00,29.95,29.89,15,12,10,15,10,,0.00,0,,190
1957-7-5,99,86,73,75,71,65,97,65,34,30.05,29.99,29.94,15,13,10,10,7,,0.00,0,,158
1957-7-6,100,86,73,71,68,65,90,56,33,30.03,29.97,29.91,15,12,10,12,5,,0.00,0,,187
1957-7-7,98,86,73,71,67,64,79,55,34,30.00,29.94,29.88,15,11,10,16,7,,0.00,0,,176
1957-7-8,96,86,75,73,70,66,94,64,37,30.04,29.98,29.94,15,10,7,15,8,,0.00,0,,161
1957-7-9,91,82,73,76,72,68,100,73,45,30.11,30.05,30.00,10,9,3,15,6,,0.78,0,Rain,166
1957-7-10,95,84,73,73,70,63,97,67,34,30.16,30.10,30.05,15,12,10,12,6,,0.00,0,,173
1957-7-11,97,85,73,71,69,67,90,60,37,30.13,30.06,29.96,15,12,10,13,5,,0.00,0,,200
1957-7-12,98,86,73,70,67,62,85,55,31,30.02,29.96,29.87,15,12,9,14,7,,0.00,0,,176
1957-7-13,97,85,73,71,68,66,90,57,36,29.96,29.92,29.87,15,12,10,12,7,,0.00,0,,177
1957-7-14,96,86,75,74,69,64,87,61,35,30.02,29.96,29.90,15,10,4,14,7,,0.00,0,,166
1957-7-15,96,84,73,72,68,64,87,60,37,30.03,29.98,29.90,15,11,7,14,7,,0.00,0,,170
1957-7-16,97,85,73,73,69,64,90,61,34,30.04,29.98,29.91,15,13,10,14,7,,0.00,0,,181
1957-7-17,97,86,75,73,69,65,94,61,36,30.04,29.97,29.88,15,14,10,17,8,,0.00,0,,182
1957-7-18,97,86,75,72,69,66,90,59,36,30.00,29.95,29.87,15,15,15,14,7,,0.00,0,,186
1957-7-19,99,87,75,70,69,67,82,57,36,30.00,29.93,29.86,15,15,10,12,6,,0.00,0,,167
1957-7-20,100,88,75,72,69,65,82,56,33,29.96,29.90,29.82,15,14,10,17,7,,0.00,0,,176
1957-7-21,100,88,77,73,71,67,88,63,35,29.90,29.86,29.81,15,14,10,14,8,,0.00,0,,186
1957-7-22,93,86,78,75,71,66,87,66,40,29.97,29.90,29.87,15,12,10,25,8,,0.00,0,Rain,161
1957-7-23,96,86,75,76,71,65,94,71,36,30.01,29.94,29.87,15,12,6,14,7,,0.09,0,Rain,166
1957-7-24,96,86,75,74,70,64,94,64,35,30.00,29.94,29.88,15,13,10,14,8,,0.00,0,,172
1957-7-25,97,85,73,73,69,64,97,63,35,30.03,29.97,29.89,15,14,8,13,8,,0.00,0,,172
1957-7-26,97,86,75,73,69,64,88,59,34,30.03,29.97,29.91,15,14,8,14,8,,0.00,0,,177
1957-7-27,99,87,75,72,67,62,85,55,30,30.04,29.98,29.92,15,14,10,13,7,,0.00,0,,173
1957-7-28,102,88,75,70,66,60,82,51,26,30.02,29.96,29.88,15,15,10,12,7,,0.00,0,,178
1957-7-29,102,88,73,68,64,60,76,46,26,29.93,29.88,29.80,15,15,15,12,7,,0.00,0,,182
1957-7-30,104,90,77,72,65,62,81,46,26,29.87,29.82,29.73,15,13,10,14,8,,0.00,0,,193
1957-7-31,98,88,77,77,71,65,94,64,35,29.88,29.82,29.77,15,14,5,16,11,,0.23,0,Rain,184
1957-8-1,99,88,77,77,73,67,94,65,38,29.92,29.87,29.82,15,15,10,15,8,,0.00,0,,175
1957-8-2,100,88,77,74,70,64,90,60,31,29.92,29.88,29.82,15,15,15,14,10,,0.00,0,,183
1957-8-3,99,87,75,74,70,64,91,62,33,29.94,29.88,29.81,15,14,10,17,12,,0.00,0,,183
1957-8-4,100,88,75,73,68,61,91,59,28,29.95,29.89,29.82,15,14,10,14,9,,0.00,0,,185
1957-8-5,98,86,75,72,69,64,87,60,33,30.00,29.93,29.87,15,14,10,13,7,,0.00,0,Rain,159
1957-8-6,89,82,75,73,71,69,87,71,55,30.02,29.98,29.94,15,10,10,14,11,,0.00,0,,61
1957-8-7,96,84,72,71,68,62,91,66,36,30.07,30.02,29.94,10,10,7,12,4,,0.00,0,,73
1957-8-8,97,85,73,74,69,63,93,63,34,30.09,30.03,29.95,15,12,8,10,6,,0.00,0,,140
1957-8-9,97,84,72,71,67,62,91,60,31,30.03,29.96,29.87,15,12,7,17,5,,0.00,0,,112
1957-8-10,93,84,75,72,69,65,82,61,38,29.90,29.86,29.79,15,12,10,20,5,,0.00,,Rain,312
1957-8-11,100,88,75,73,69,63,88,57,31,29.93,29.88,29.85,15,13,10,15,8,,0.00,0,,183
1957-8-12,99,88,77,74,70,64,90,60,32,30.03,29.97,29.89,15,15,10,16,11,,0.00,0,,186
1957-8-13,99,86,73,74,70,65,91,59,33,30.05,29.98,29.89,15,13,10,16,10,,0.00,0,,185
1957-8-14,100,88,75,73,69,62,91,58,28,30.03,29.96,29.89,15,13,10,16,11,,0.00,0,,183
1957-8-15,98,86,75,74,69,63,91,58,33,30.04,29.98,29.91,15,13,10,18,10,,0.00,0,,182
1957-8-16,100,88,75,73,68,63,94,58,29,30.05,29.99,29.91,15,14,10,15,9,,0.00,0,,186
1957-8-17,100,88,75,73,68,60,91,56,27,30.03,29.97,29.89,15,15,15,10,7,,0.00,0,,189
1957-8-18,97,88,78,72,70,66,76,59,39,30.02,29.97,29.92,15,12,10,18,7,,0.00,0,Rain-Thunderstorm,320
1957-8-19,93,84,75,73,68,65,82,60,39,30.06,30.01,29.94,15,12,10,15,7,,0.00,0,,26
1957-8-20,96,84,72,66,62,58,78,51,29,30.10,30.05,29.99,10,10,9,12,7,,0.00,0,,57
1957-8-21,95,82,70,67,62,58,87,51,30,30.14,30.09,30.05,10,10,7,14,6,,0.00,0,,117
1957-8-22,96,84,71,66,63,59,81,53,32,30.22,30.16,30.10,15,10,7,13,5,,0.00,0,,82
1957-8-23,97,84,72,68,64,60,81,52,30,30.16,30.09,29.99,10,10,7,9,4,,0.00,0,,194
1957-8-24,98,86,73,70,63,59,84,51,28,30.03,29.96,29.87,10,10,7,12,6,,0.00,0,,184
1957-8-25,99,86,73,66,62,56,76,47,28,29.99,29.93,29.89,10,10,8,12,9,,0.00,0,,195
1957-8-26,99,87,75,72,67,62,84,54,30,30.11,30.04,29.97,15,11,10,17,9,,0.00,0,,172
1957-8-27,100,88,75,75,70,62,94,61,30,30.10,30.04,29.94,15,12,10,14,8,,0.00,0,,173
1957-8-28,97,86,75,74,68,61,91,60,30,30.05,30.00,29.92,15,12,10,14,8,,0.00,0,,156
1957-8-29,93,83,73,71,67,61,87,59,34,30.08,30.03,29.96,15,12,10,17,7,,0.00,0,,143
1957-8-30,96,84,72,72,68,63,91,66,35,30.12,30.07,29.99,15,10,5,15,6,,0.00,0,Rain-Thunderstorm,136
1957-8-31,96,84,71,72,69,65,90,67,36,30.15,30.08,30.00,15,11,8,12,4,,0.00,0,,110
1957-9-1,97,85,73,74,70,63,94,64,34,30.12,30.05,29.95,15,12,10,10,6,,0.00,0,,174
1957-9-2,100,88,73,72,68,64,93,57,31,30.05,29.98,29.88,15,12,10,15,8,,0.17,0,Rain-Thunderstorm,191
1957-9-3,93,82,72,73,70,65,96,73,39,30.02,29.95,29.87,15,10,8,14,9,,0.09,,Rain-Thunderstorm,52
1957-9-4,93,82,71,72,68,64,97,68,38,30.01,29.97,29.92,15,11,10,17,7,,0.00,0,,55
1957-9-5,96,82,69,69,65,61,93,61,31,30.04,30.00,29.93,15,11,8,17,6,,0.00,0,,51
1957-9-6,96,83,70,71,66,60,93,61,31,30.04,29.98,29.88,15,13,8,16,4,,0.00,0,,168
1957-9-7,81,74,66,67,65,63,100,80,58,30.06,29.98,29.93,15,12,6,21,8,,0.44,0,Rain-Thunderstorm,9
1957-9-8,79,70,60,68,59,53,93,73,40,29.98,29.93,29.85,15,11,8,13,8,,0.00,0,,2
1957-9-9,87,72,57,58,55,50,96,63,31,29.92,29.88,29.83,10,9,8,10,4,,0.00,0,,48
1957-9-10,89,76,63,63,59,57,87,59,34,30.04,29.98,29.91,15,11,8,14,7,,0.00,0,,120
1957-9-11,91,78,66,70,63,55,93,62,33,30.02,29.95,29.85,15,12,7,14,7,,0.00,,,151
1957-9-12,90,77,64,71,66,63,100,72,46,30.00,29.91,29.85,15,10,2,21,9,,0.62,,Rain-Thunderstorm,188
1957-9-13,93,82,70,70,68,66,97,69,44,30.02,29.95,29.91,15,13,8,9,4,,0.00,0,,131
1957-9-14,93,82,71,72,69,66,96,70,41,29.96,29.89,29.80,15,11,7,12,7,,0.00,0,,160
1957-9-15,91,82,73,73,69,62,97,70,42,29.88,29.83,29.79,15,11,7,12,5,,0.00,0,,235
1957-9-16,87,76,64,63,61,58,84,61,40,29.96,29.90,29.86,15,12,10,18,10,,0.00,0,,12
1957-9-17,89,76,64,68,64,62,90,65,40,29.96,29.91,29.86,15,13,10,10,5,,0.00,0,,18
1957-9-18,93,82,70,72,66,61,93,64,33,29.92,29.85,29.77,15,10,7,7,4,,0.00,0,,64
1957-9-19,95,82,69,72,66,63,100,65,34,29.86,29.80,29.74,10,9,0,16,5,,0.00,0,Fog,152
1957-9-20,96,86,77,75,73,67,94,70,44,29.85,29.79,29.70,15,13,9,20,10,,0.00,0,Rain,155
1957-9-21,96,87,78,75,72,68,90,68,41,29.83,29.79,29.72,15,12,9,20,14,,0.00,,Rain,168
1957-9-22,81,74,64,76,69,63,100,96,79,30.05,29.95,29.80,10,6,0,20,13,,2.79,,Fog-Rain-Thunderstorm,16
1957-9-23,68,65,62,63,62,60,100,93,81,30.13,30.08,30.03,15,7,3,20,16,,1.40,,Fog-Rain,6
1957-9-24,79,71,63,60,58,53,84,65,48,30.16,30.11,30.05,15,13,10,15,11,,0.00,,,15
1957-9-25,70,66,62,63,61,55,100,89,59,30.09,30.03,29.97,15,8,4,18,10,,0.72,,Fog-Rain,15
1957-9-26,79,70,62,64,62,59,100,80,54,30.02,29.98,29.95,15,9,2,15,9,,0.04,0,Fog-Rain,350
1957-9-27,82,73,64,63,59,57,84,67,42,30.12,30.07,30.02,15,12,10,18,9,,0.00,0,,358
1957-9-28,80,71,62,59,57,54,84,64,40,30.20,30.14,30.10,15,12,10,12,8,,0.00,0,,1
1957-9-29,79,70,61,58,55,51,83,63,38,30.22,30.15,30.10,15,10,7,16,7,,0.00,0,,359
1957-9-30,80,68,57,56,52,46,90,62,30,30.15,30.08,30.02,15,11,6,12,5,,0.00,0,Fog,344
1957-10-1,82,68,55,58,52,48,93,60,32,30.06,30.01,29.96,15,11,8,12,5,,0.00,0,,313
1957-10-2,86,70,55,60,57,52,100,67,31,29.99,29.94,29.87,15,12,7,7,4,,0.00,0,,212
1957-10-3,84,72,61,65,62,58,93,72,46,29.97,29.92,29.87,10,9,5,12,3,,0.00,0,Fog,167
1957-10-4,87,74,61,67,63,60,100,72,40,29.98,29.93,29.89,10,9,3,12,4,,0.00,0,Fog,165
1957-10-5,87,75,63,65,63,60,97,70,41,30.06,30.00,29.96,15,11,5,14,4,,0.00,0,Fog,152
1957-10-6,84,73,62,68,63,60,100,75,44,30.03,29.96,29.90,10,8,0,13,4,,0.00,0,Fog,125
1957-10-7,80,72,63,66,64,63,100,77,58,29.98,29.93,29.89,10,9,4,12,6,,0.00,0,Fog,134
1957-10-8,84,74,63,66,64,62,97,77,51,30.09,30.02,29.94,15,11,8,10,5,,0.00,0,,132
1957-10-9,71,68,66,64,62,60,90,79,70,30.20,30.14,30.08,15,10,10,15,7,,0.00,,Rain,349
1957-10-10,66,63,60,60,57,55,90,78,70,30.27,30.23,30.19,10,10,8,13,10,,0.00,,,351
1957-10-11,77,66,55,58,56,53,96,75,50,30.25,30.19,30.14,10,8,3,10,6,,0.00,0,Fog,14
1957-10-12,79,68,57,65,59,54,93,75,56,30.17,30.11,30.02,10,6,3,17,7,,0.00,0,Fog,85
1957-10-13,80,73,64,69,66,64,100,78,62,30.03,29.96,29.88,10,8,3,17,13,,0.24,,Rain-Thunderstorm,140
1957-10-14,70,66,62,69,64,61,100,98,90,29.90,29.83,29.74,15,8,0,21,8,,3.73,0,Fog-Rain-Thunderstorm,32
1957-10-15,69,65,61,65,63,61,100,98,84,29.85,29.80,29.76,15,9,2,17,4,,2.09,0,Fog-Rain-Thunderstorm,25
1957-10-16,84,70,57,68,63,57,100,83,49,30.03,29.91,29.82,15,10,0,12,4,,0.00,0,Fog,326
1957-10-17,79,71,63,64,63,61,97,80,58,30.17,30.11,30.03,10,10,8,13,7,,0.00,0,,358
1957-10-18,73,65,57,60,56,52,86,72,51,30.25,30.19,30.15,15,13,10,15,11,,0.00,0,,11
1957-10-19,68,60,53,51,47,43,83,64,43,30.24,30.18,30.13,15,15,15,13,7,,0.00,0,,38
1957-10-20,64,57,50,50,47,45,86,70,50,30.27,30.20,30.15,15,13,10,10,6,,0.00,0,,45
1957-10-21,66,62,57,65,58,51,100,87,72,30.18,30.12,30.05,15,9,2,10,6,,0.62,,Fog-Rain,70
1957-10-22,80,73,66,72,69,65,100,91,69,30.04,29.96,29.89,15,10,2,12,8,,1.16,0,Fog-Rain,151
1957-10-23,79,72,64,68,54,43,96,58,34,30.14,30.05,29.98,15,13,10,17,7,,0.00,0,,285
1957-10-24,64,59,54,54,50,48,84,71,58,30.16,30.10,30.04,15,15,15,17,10,,0.00,0,,343
1957-10-25,57,54,48,48,44,38,77,70,62,30.33,30.17,30.09,15,15,15,18,12,,0.00,,,357
1957-10-26,51,45,39,36,32,29,86,63,46,30.49,30.43,30.35,15,15,15,16,13,,0.00,0,,343
1957-10-27,55,46,36,34,31,26,82,60,39,30.64,30.56,30.51,15,15,15,15,7,,0.00,0,,354
1957-10-28,63,48,32,44,36,28,93,68,35,30.56,30.47,30.36,15,13,7,15,3,,0.00,0,,139
1957-10-29,70,58,45,57,51,45,100,80,57,30.35,30.24,30.14,15,10,8,13,3,,0.00,,,171
1957-10-30,82,62,41,66,59,32,100,77,49,30.11,30.04,29.96,15,12,8,10,3,,0.00,0,,198
1957-10-31,82,68,55,64,61,55,100,76,47,30.00,29.95,29.88,15,11,4,14,4,,0.00,0,Fog,168
1957-11-1,81,74,66,68,65,63,97,82,54,29.92,29.86,29.80,15,11,4,17,8,,0.00,,Fog-Rain,165
1957-11-2,84,74,62,69,67,60,97,83,54,30.09,29.95,29.88,15,11,3,16,7,,0.07,,Fog-Rain,167
1957-11-3,62,58,55,61,55,51,97,91,83,30.22,30.15,30.09,15,8,3,15,12,,0.01,,Fog-Rain,7
1957-11-4,62,58,55,62,58,54,100,99,93,30.16,30.10,30.04,10,2,0,10,7,,0.12,,Fog-Rain-Thunderstorm,15
1957-11-5,75,66,55,68,60,54,100,94,79,30.13,30.04,29.96,15,6,0,13,7,,0.05,,Fog-Rain,2
1957-11-6,57,55,53,58,54,51,100,93,83,30.17,30.09,29.98,15,7,0,15,11,,0.00,,Fog-Rain,6
1957-11-7,70,64,57,68,59,41,100,89,49,29.97,29.87,29.79,15,8,0,12,6,,0.07,0,Fog-Rain,258
1957-11-8,61,54,48,44,42,39,80,64,46,30.35,30.20,29.97,15,15,15,21,11,,0.00,0,,343
1957-11-9,62,52,43,46,37,33,83,59,35,30.48,30.40,30.34,15,14,10,15,9,,0.04,0,Rain,41
1957-11-10,51,47,43,43,41,39,89,82,69,30.51,30.45,30.40,15,11,6,10,7,,0.31,,Fog-Rain,37
1957-11-11,48,46,43,46,42,39,97,88,74,30.45,30.36,30.25,15,8,2,12,7,,0.51,,Fog-Rain,16
1957-11-12,57,52,46,58,53,46,100,100,96,30.21,30.02,29.90,6,2,0,10,5,,0.17,,Fog-Rain,13
1957-11-13,68,60,50,59,55,50,100,92,63,29.89,29.80,29.72,15,8,1,12,5,,0.03,0,Fog-Rain,199
1957-11-14,75,60,46,51,47,42,100,67,32,29.88,29.80,29.72,15,12,7,12,5,,0.00,0,,220
1957-11-15,75,64,52,66,59,47,100,87,71,29.84,29.76,29.72,15,9,4,10,5,,0.00,0,Fog,185
1957-11-16,79,69,59,70,65,58,100,88,64,29.90,29.85,29.82,15,8,0,14,4,,0.00,,Fog,153
1957-11-17,78,74,70,72,70,70,100,91,76,29.88,29.80,29.71,15,9,0,16,9,,0.00,,Fog-Rain,154
1957-11-18,73,60,46,70,45,37,100,69,41,30.06,29.92,29.70,15,14,10,18,11,,0.23,0,Rain,317
1957-11-19,66,52,37,45,41,38,100,72,38,30.09,30.01,29.91,15,13,7,12,4,,0.00,0,,229
1957-11-20,72,59,46,61,53,44,100,82,61,30.12,30.02,29.98,15,14,7,14,5,,0.00,0,,240
1957-11-21,55,50,46,46,41,34,93,76,56,30.24,30.19,30.13,15,12,5,20,16,,0.22,0,Fog-Rain,8
1957-11-22,46,41,35,44,37,32,97,94,89,30.30,30.24,30.18,10,7,3,25,20,,0.15,,Fog-Rain,353
1957-11-23,43,38,34,39,32,28,100,79,58,30.26,30.19,30.09,15,11,5,15,11,,0.68,,Rain-Snow,329
1957-11-24,46,39,34,38,36,33,100,87,73,30.25,30.16,30.09,15,14,2,17,8,,0.13,,Rain-Snow,284
1957-11-25,70,54,37,46,41,36,97,72,31,30.29,30.22,30.15,15,12,10,8,5,,0.00,0,,281
1957-11-26,66,52,37,48,43,37,100,76,44,30.16,30.07,29.97,15,12,10,13,3,,0.00,0,,176
1957-11-27,70,58,46,58,52,45,100,84,63,30.02,29.92,29.86,15,9,0,17,6,,0.00,0,Fog,187
1957-11-28,59,50,41,44,38,34,93,63,39,30.15,30.06,29.99,15,15,15,17,9,,0.00,0,,329
1957-11-29,62,50,39,43,35,26,93,63,38,30.49,30.12,29.93,15,13,10,23,7,,0.00,0,,310
1957-11-30,57,46,35,31,24,20,76,49,26,30.65,30.55,30.49,15,15,10,16,9,,0.00,0,,278
1957-12-1,60,44,28,29,24,17,92,54,20,30.49,30.43,30.35,15,15,10,18,5,,0.00,0,,203
1957-12-2,68,52,35,56,43,27,93,71,55,30.35,30.19,30.05,15,13,7,20,5,,0.00,0,,197
1957-12-3,61,54,48,57,39,27,97,58,28,30.37,30.19,30.02,15,13,9,23,9,,0.00,0,,313
1957-12-4,70,54,39,34,31,27,70,47,20,30.45,30.37,30.31,15,15,10,8,6,,0.00,0,,252
1957-12-5,68,52,36,53,41,30,82,66,48,30.32,30.20,30.07,15,15,10,21,8,,0.00,0,,166
1957-12-6,66,62,59,60,57,53,93,85,73,30.05,29.96,29.89,15,11,4,17,10,,0.08,,Rain,200
1957-12-7,66,58,50,55,41,37,87,58,36,30.14,30.04,29.96,15,12,8,12,6,,0.00,0,,269
1957-12-8,57,51,45,38,25,17,61,38,22,30.45,30.34,30.04,15,15,15,21,12,,0.00,0,,310
1957-12-9,66,51,36,35,29,21,73,46,24,30.48,30.37,30.20,15,14,10,10,5,,0.00,0,,242
1957-12-10,78,60,43,38,33,21,76,45,21,30.41,30.13,29.98,15,14,10,23,7,,0.00,0,,298
1957-12-11,44,36,28,28,14,1,79,43,18,30.64,30.51,30.40,15,15,15,25,14,,0.00,0,,338
1957-12-12,55,39,23,32,20,10,68,49,28,30.39,30.27,30.15,15,15,15,17,6,,0.00,0,,171
1957-12-13,71,56,41,54,46,34,93,71,47,30.18,30.10,30.04,15,12,10,24,8,,0.00,0,,173
1957-12-14,71,63,55,58,56,54,100,85,57,30.18,30.12,30.07,15,9,2,12,8,,0.00,0,Fog,174
1957-12-15,75,68,61,62,61,58,97,84,60,30.23,30.17,30.14,15,10,3,14,8,,0.00,0,Fog,183
1957-12-16,72,66,60,63,62,59,96,86,70,30.22,30.15,30.10,15,12,8,15,10,,0.00,0,,178
1957-12-17,70,66,62,64,62,61,97,89,76,30.10,30.00,29.90,15,10,4,16,10,,0.00,,Fog,182
1957-12-18,75,70,64,64,62,59,93,82,56,29.92,29.85,29.78,15,11,6,13,9,,0.00,,,183
1957-12-19,77,69,57,64,44,17,93,54,15,29.91,29.75,29.64,15,10,1,20,12,,0.00,0,Rain,232
1957-12-20,70,58,45,33,27,17,52,35,13,30.12,30.04,29.91,10,7,3,8,4,,0.00,0,,248
1957-12-21,71,55,39,41,33,29,68,49,22,30.25,30.18,30.12,10,8,4,14,3,,0.00,0,,139
1957-12-22,70,57,44,57,50,39,93,76,57,30.23,30.16,30.09,10,10,8,10,3,,0.00,0,,149
1957-12-23,66,63,60,64,61,57,100,94,87,30.31,30.23,30.15,10,7,0,7,4,,0.01,,Fog-Rain,102
1957-12-24,64,60,57,60,57,54,100,91,80,30.37,30.28,30.19,10,6,2,10,6,,0.04,,Fog-Rain,22
1957-12-25,72,63,53,57,51,41,100,77,38,30.28,30.13,30.05,15,10,1,12,5,,0.48,0,Fog-Rain,297
1957-12-26,66,54,43,42,37,29,86,57,27,30.33,30.22,30.08,15,15,15,10,7,,0.00,0,,16
1957-12-27,62,55,48,58,46,34,100,79,51,30.05,29.96,29.86,15,11,2,12,4,,0.55,0,Fog-Rain-Thunderstorm,233
1957-12-28,59,50,39,37,32,26,89,56,34,30.20,30.10,30.06,15,13,8,15,8,,0.00,0,,5
1957-12-29,64,50,35,48,40,33,96,73,47,30.06,29.99,29.91,15,12,10,15,4,,0.00,0,,186
1957-12-30,71,58,45,62,56,44,100,89,68,30.00,29.95,29.89,10,7,0,15,4,,0.00,0,Fog,169
1957-12-31,64,54,43,62,42,25,93,65,41,30.39,30.19,29.97,15,10,10,21,12,,0.00,,Rain,338
