
CST,Max TemperatureF,Mean TemperatureF,Min TemperatureF,Max Dew PointF,MeanDew PointF,Min DewpointF,Max Humidity, Mean Humidity, Min Humidity, Max Sea Level PressureIn, Mean Sea Level PressureIn, Min Sea Level PressureIn, Max VisibilityMiles, Mean VisibilityMiles, Min VisibilityMiles, Max Wind SpeedMPH, Mean Wind SpeedMPH, Max Gust SpeedMPH,PrecipitationIn, CloudCover, Events, WindDirDegrees
1983-1-1,39,38,36,35,34,33,93,86,79,30.28,30.23,30.17,15,9,3,20,14,23,0.70,8,Fog-Rain,348
1983-1-2,45,40,36,35,32,30,83,75,65,30.36,30.31,30.26,20,17,15,18,13,25,0.00,5,,339
1983-1-3,46,38,30,36,31,27,96,79,61,30.46,30.38,30.34,20,14,3,14,11,,0.00,2,Fog,18
1983-1-4,41,36,30,39,34,30,100,96,89,30.38,30.32,30.25,6,2,0,9,4,,0.00,8,Fog,125
1983-1-5,57,48,39,49,44,38,97,87,67,30.34,30.26,30.22,10,7,0,8,2,,0.00,5,Fog,167
1983-1-6,60,50,39,49,46,39,100,87,64,30.25,30.19,30.09,10,5,0,15,4,21,0.00,4,Fog,199
1983-1-7,68,54,39,56,50,39,97,87,65,30.09,30.01,29.92,15,8,0,12,4,18,0.00,2,Fog,193
1983-1-8,52,48,45,49,46,44,100,89,74,30.07,29.99,29.93,10,6,0,17,7,,0.00,7,Fog,346
1983-1-9,64,52,39,48,44,39,97,77,52,29.99,29.90,29.78,15,10,4,12,7,,0.00,0,Fog,246
1983-1-10,61,54,43,44,30,25,77,45,26,30.17,30.07,29.93,20,18,10,17,10,,0.00,0,,357
1983-1-11,66,52,37,38,34,31,77,54,33,30.38,30.23,30.14,20,19,15,15,6,,0.00,3,,306
1983-1-12,61,50,39,34,30,23,65,47,30,30.50,30.41,30.35,20,20,20,15,8,,0.00,0,,4
1983-1-13,70,54,39,46,38,33,79,58,30,30.35,30.25,30.17,20,20,20,17,6,21,0.00,1,,208
1983-1-14,71,57,43,53,45,25,97,66,30,30.33,30.23,30.17,20,17,7,20,5,26,0.00,4,,350
1983-1-15,53,45,37,27,24,20,55,42,29,30.47,30.36,30.29,20,20,20,16,13,25,0.00,4,,7
1983-1-16,54,46,39,29,28,26,60,50,37,30.28,30.17,30.07,20,20,20,7,4,,0.00,5,,95
1983-1-17,54,46,39,45,38,30,80,67,52,30.11,30.06,30.02,20,14,10,7,3,,0.00,8,Rain,108
1983-1-18,51,47,43,45,43,41,97,87,74,30.16,30.10,30.06,10,6,1,13,8,,0.70,8,Fog-Rain,71
1983-1-19,41,38,35,41,35,33,100,95,89,30.09,30.03,29.97,10,5,1,16,12,23,0.21,8,Fog-Rain,31
1983-1-20,37,35,33,37,34,32,100,95,92,29.97,29.88,29.81,10,4,1,16,12,23,0.02,8,Fog-Rain,26
1983-1-21,41,38,36,37,35,33,97,89,79,30.01,29.89,29.81,15,9,2,14,8,,0.18,8,Fog-Rain,360
1983-1-22,51,43,35,35,33,31,89,74,52,30.07,30.01,29.96,20,15,10,13,9,,0.00,5,,291
1983-1-23,57,44,30,40,34,29,96,73,47,30.13,30.05,29.99,20,13,6,13,4,,0.00,0,Fog,195
1983-1-24,66,52,37,48,39,35,97,67,37,30.14,30.05,29.99,20,15,3,17,7,26,0.00,1,Fog,238
1983-1-25,60,50,39,43,38,34,86,67,42,30.14,30.05,29.90,20,15,9,13,8,,0.00,2,,143
1983-1-26,55,48,41,43,34,28,93,63,40,30.19,30.05,29.95,20,17,8,22,10,33,0.00,1,,312
1983-1-27,44,37,30,35,30,26,92,78,65,30.29,30.20,30.13,20,12,7,16,12,,0.00,3,,21
1983-1-28,66,49,32,52,43,30,97,81,57,30.12,29.94,29.78,15,8,2,18,4,25,0.00,5,Fog,160
1983-1-29,73,62,50,53,42,35,96,57,26,30.02,29.93,29.83,20,17,10,17,8,,0.00,0,,275
1983-1-30,69,56,43,55,44,36,81,65,40,30.04,29.91,29.77,20,14,7,15,8,,0.00,6,Rain,102
1983-1-31,75,66,54,63,55,47,100,75,43,29.78,29.63,29.45,20,9,0,18,11,26,0.05,7,Fog-Rain,144
1983-2-1,54,50,43,46,34,26,80,58,37,29.75,29.68,29.62,20,17,15,24,15,34,0.00,2,,301
1983-2-2,55,47,39,28,26,25,65,49,33,30.05,29.90,29.75,20,20,20,21,15,30,0.00,1,,309
1983-2-3,52,43,34,29,26,25,82,52,35,30.21,30.14,30.05,20,20,20,15,9,,0.00,5,,18
1983-2-4,45,41,37,37,31,26,96,64,49,30.19,30.13,30.06,20,15,3,15,11,,0.21,8,Fog-Rain,57
1983-2-5,46,41,36,42,38,35,97,91,83,30.06,29.97,29.90,15,8,2,16,11,,0.97,7,Fog-Rain-Thunderstorm,357
1983-2-6,46,42,37,38,35,32,97,79,61,30.19,30.09,29.96,20,11,5,16,8,,0.00,7,Fog,356
1983-2-7,48,40,32,38,32,28,86,78,66,30.26,30.15,30.08,15,11,8,10,7,,0.00,5,,136
1983-2-8,64,50,37,59,47,35,93,86,75,30.11,29.99,29.86,10,7,2,13,3,,0.00,7,Fog,169
1983-2-9,70,62,52,61,55,45,93,81,47,29.84,29.77,29.68,20,10,0,22,9,30,0.78,6,Fog-Rain-Thunderstorm,215
1983-2-10,62,54,46,47,45,44,90,75,53,29.94,29.86,29.81,20,13,7,14,10,,0.00,4,,350
1983-2-11,57,51,45,47,45,43,93,83,65,30.18,30.05,29.93,15,9,5,12,5,,0.00,6,Fog,20
1983-2-12,52,47,42,43,39,35,92,81,66,30.37,30.30,30.19,15,10,5,15,11,18,0.00,3,Fog,5
1983-2-13,62,48,35,45,40,33,93,75,48,30.33,30.19,30.03,15,8,5,10,6,,0.00,0,Fog,192
1983-2-14,68,54,39,52,46,39,100,79,49,30.01,29.88,29.74,15,7,0,18,7,25,0.00,4,Fog,153
1983-2-15,57,52,48,51,48,40,96,83,57,29.97,29.87,29.77,15,7,3,17,10,,0.82,7,Fog-Rain-Thunderstorm,17
1983-2-16,63,56,48,46,44,41,86,70,52,30.01,29.96,29.90,20,16,10,17,13,22,0.00,2,,354
1983-2-17,66,54,42,46,42,39,92,66,43,30.08,30.02,29.97,15,14,8,12,6,,0.00,2,,239
1983-2-18,63,56,48,47,43,37,89,66,52,30.07,30.00,29.93,20,16,10,15,9,,0.00,3,,291
1983-2-19,75,58,42,57,51,41,100,81,50,29.91,29.76,29.64,10,6,0,17,7,28,0.00,5,Fog,172
1983-2-20,70,62,53,59,53,41,97,81,37,29.94,29.83,29.70,15,11,6,15,8,21,0.05,7,Fog-Rain-Thunderstorm,317
1983-2-21,53,49,45,48,41,37,89,73,61,30.00,29.96,29.93,20,16,10,20,14,28,0.01,4,Rain,305
1983-2-22,61,53,45,46,43,40,86,71,58,30.03,29.98,29.94,15,15,15,18,12,29,0.00,5,,312
1983-2-23,70,58,46,48,46,42,90,68,36,30.05,29.96,29.86,15,11,7,12,8,,0.00,1,,311
1983-2-24,75,60,45,51,47,43,93,62,35,29.93,29.88,29.81,15,14,7,16,4,,0.00,2,,222
1983-2-25,60,52,44,47,43,39,82,71,60,30.05,29.99,29.92,15,9,5,18,14,28,0.00,7,,28
1983-2-26,50,46,43,41,35,31,71,62,52,30.12,30.05,29.99,20,13,10,16,12,,0.00,8,,27
1983-2-27,63,53,43,32,30,28,65,46,28,30.06,30.00,29.91,20,20,20,10,8,,0.00,3,,27
1983-2-28,75,57,39,48,40,31,77,55,35,30.00,29.93,29.84,20,15,10,13,5,,0.00,0,,180
1983-3-1,82,65,48,56,50,46,96,63,33,29.96,29.90,29.83,15,12,4,20,8,26,0.00,0,Fog,177
1983-3-2,79,70,60,59,58,55,93,72,47,29.98,29.88,29.78,15,10,7,17,10,25,0.00,5,,174
1983-3-3,71,68,64,64,61,58,87,80,68,29.79,29.68,29.57,15,11,8,18,14,32,0.00,8,,152
1983-3-4,71,64,57,66,58,46,97,78,44,29.64,29.48,29.36,20,10,2,18,10,32,0.80,8,Fog-Rain-Thunderstorm,188
1983-3-5,73,64,54,49,40,35,74,44,25,29.50,29.44,29.40,20,20,20,21,9,32,0.00,3,,240
1983-3-6,79,68,57,42,37,33,44,33,24,29.73,29.64,29.51,20,20,20,22,10,30,0.00,0,Rain,261
1983-3-7,71,63,55,43,40,37,60,45,33,29.86,29.78,29.69,20,20,20,15,9,,0.00,0,,358
1983-3-8,69,60,50,48,43,38,74,58,32,29.97,29.89,29.83,20,16,15,12,6,,0.00,4,Rain,5
1983-3-9,63,56,50,50,40,26,93,60,27,30.18,30.11,30.02,20,15,5,21,12,34,0.33,4,Rain,344
1983-3-10,73,57,41,40,34,29,70,47,28,30.15,30.08,29.98,20,19,15,16,8,23,0.00,1,,308
1983-3-11,57,47,37,34,26,21,56,44,30,30.31,30.20,30.12,20,18,15,15,10,23,0.00,0,,38
1983-3-12,64,52,39,42,35,30,73,53,35,30.16,30.06,29.93,20,16,10,9,4,,0.00,4,,171
1983-3-13,66,59,52,58,52,45,90,80,72,29.95,29.86,29.79,15,12,7,12,7,,0.00,8,,162
1983-3-14,73,65,57,59,56,54,96,80,53,29.84,29.78,29.69,15,10,3,14,7,,0.00,6,Fog,166
1983-3-15,66,62,55,58,56,54,93,85,68,29.71,29.60,29.49,15,10,4,13,7,,1.15,7,Fog-Rain-Thunderstorm,158
1983-3-16,60,56,50,56,52,44,96,87,67,29.70,29.56,29.49,15,10,3,26,10,38,0.65,8,Fog-Rain,301
1983-3-17,57,50,44,44,41,39,83,73,58,29.83,29.76,29.70,15,14,7,29,22,38,0.00,5,,329
1983-3-18,64,53,42,49,43,38,86,73,56,29.82,29.76,29.71,15,13,7,14,9,,0.00,0,,19
1983-3-19,66,56,46,61,52,45,97,90,77,29.73,29.65,29.54,15,5,0,17,4,38,0.19,6,Fog-Rain-Thunderstorm,100
1983-3-20,54,48,43,50,37,31,93,70,53,30.00,29.88,29.70,20,18,7,24,15,34,0.16,5,Rain,335
1983-3-21,54,44,34,33,27,23,65,53,37,30.19,30.10,30.01,20,20,20,18,12,26,0.00,0,,6
1983-3-22,52,44,37,47,37,31,96,71,52,30.12,30.04,29.98,20,11,2,13,7,,0.00,7,Fog-Rain,83
1983-3-23,55,50,46,51,48,46,97,92,83,29.99,29.89,29.81,15,5,1,17,10,,1.63,8,Fog-Rain-Thunderstorm,35
1983-3-24,55,50,46,47,46,45,97,85,74,30.04,29.97,29.90,15,10,6,13,8,,0.00,8,Fog,87
1983-3-25,66,58,51,57,52,47,92,79,63,29.94,29.80,29.58,15,11,5,23,12,33,0.00,8,Fog-Rain,148
1983-3-26,73,62,51,58,39,27,96,52,19,29.83,29.71,29.60,20,16,2,25,13,38,0.81,4,Rain-Thunderstorm,256
1983-3-27,68,57,46,36,32,30,63,39,24,30.13,30.04,29.88,20,20,20,22,13,24,0.00,0,,323
1983-3-28,64,54,43,43,38,34,71,57,39,30.27,30.14,30.03,20,20,20,14,7,,0.00,0,,86
1983-3-29,72,58,44,57,50,43,96,74,51,30.08,30.02,29.93,20,12,3,16,6,23,0.00,5,Fog-Rain,150
1983-3-30,71,65,59,61,57,53,97,79,53,30.06,29.99,29.94,15,8,0,16,7,,0.23,6,Fog-Rain-Thunderstorm,298
1983-3-31,80,66,53,62,57,51,97,74,52,29.99,29.80,29.57,15,11,5,22,8,28,0.00,2,Fog,194
1983-4-1,78,68,55,61,44,26,90,52,15,29.93,29.62,29.47,15,9,0,40,17,56,0.00,2,,268
1983-4-2,69,58,48,37,27,24,59,34,18,30.01,29.93,29.85,20,17,10,21,13,34,0.00,0,,301
1983-4-3,75,58,42,56,44,35,79,58,29,29.85,29.69,29.55,20,14,10,23,8,39,0.00,4,,161
1983-4-4,79,71,63,65,62,57,90,78,56,29.60,29.55,29.50,10,8,4,16,12,23,0.01,6,Fog-Rain,143
1983-4-5,68,58,48,65,45,39,90,65,47,29.92,29.80,29.56,20,15,7,24,15,34,0.00,5,Rain,349
1983-4-6,64,54,45,39,36,32,71,53,38,29.99,29.94,29.89,20,15,10,23,16,34,0.00,4,,351
1983-4-7,63,54,44,43,35,32,66,51,37,30.01,29.92,29.79,20,18,15,24,16,31,0.00,1,,360
1983-4-8,57,50,44,40,36,32,76,55,42,29.99,29.92,29.86,20,18,15,16,14,22,0.00,5,,321
1983-4-9,70,56,41,36,34,33,73,49,26,30.08,30.00,29.91,20,20,20,12,7,23,0.00,1,,243
1983-4-10,82,64,46,43,37,32,63,38,19,30.09,30.01,29.94,20,20,20,15,7,23,0.00,0,,198
1983-4-11,80,66,51,58,48,33,80,51,35,29.96,29.85,29.70,20,20,15,20,11,31,0.00,1,,181
1983-4-12,82,73,64,64,61,57,93,73,42,29.79,29.70,29.61,15,11,3,16,10,25,0.01,5,Fog-Rain,158
1983-4-13,80,73,61,64,48,29,87,51,21,29.84,29.64,29.55,20,15,5,28,12,36,0.02,4,Fog-Rain,288
1983-4-14,66,58,50,38,29,27,49,36,24,30.15,30.04,29.89,20,20,20,26,14,28,0.00,2,,3
1983-4-15,66,55,44,28,24,21,49,31,18,30.27,30.19,30.13,20,20,20,16,11,,0.00,0,,36
1983-4-16,73,59,45,37,30,26,52,36,21,30.30,30.22,30.13,20,20,20,9,6,,0.00,0,,122
1983-4-17,77,62,46,53,44,38,83,54,32,30.20,30.03,29.83,20,20,10,17,9,28,0.00,0,,190
1983-4-18,84,70,55,56,48,38,93,53,20,29.89,29.80,29.70,20,18,10,12,7,,0.00,0,,114
1983-4-19,81,69,57,61,56,46,90,64,45,29.70,29.64,29.55,20,13,5,14,7,20,0.00,3,Fog,157
1983-4-20,68,62,57,64,59,55,97,87,78,29.90,29.80,29.69,15,6,2,16,10,23,0.02,8,Fog-Rain,68
1983-4-21,73,66,60,66,62,58,97,89,76,29.89,29.81,29.74,7,4,0,13,10,,0.08,7,Fog-Rain,126
1983-4-22,82,74,66,65,56,37,93,64,21,29.77,29.71,29.60,20,10,3,14,7,,0.00,5,Fog-Rain,217
1983-4-23,78,69,60,48,44,37,62,43,29,30.02,29.87,29.68,20,18,15,28,16,38,0.00,1,,333
1983-4-24,78,65,52,42,38,34,63,38,20,30.12,30.03,29.96,20,20,20,16,11,21,0.00,0,,1
1983-4-25,79,65,51,50,41,34,71,43,26,30.01,29.92,29.81,20,17,15,14,5,20,0.00,0,,144
1983-4-26,75,64,54,60,55,49,90,72,57,29.91,29.85,29.82,15,10,5,14,8,21,0.00,6,Fog,160
1983-4-27,84,73,62,65,62,57,93,73,46,29.95,29.90,29.81,15,6,1,13,7,18,0.00,6,Fog,175
1983-4-28,84,77,70,67,65,64,84,69,49,29.91,29.86,29.79,8,6,3,14,11,21,0.00,7,,171
1983-4-29,79,74,69,70,68,66,93,84,74,29.88,29.83,29.76,10,5,1,14,12,21,0.02,8,Fog,167
1983-4-30,80,76,72,70,69,67,91,80,71,29.85,29.79,29.73,10,6,2,15,9,23,0.00,8,Fog,163
1983-5-1,84,78,73,70,69,67,85,73,60,29.76,29.70,29.66,10,7,4,17,13,30,0.00,8,,167
1983-5-2,90,81,71,70,67,57,85,70,50,29.78,29.67,29.56,15,8,4,17,11,25,0.00,7,,173
1983-5-3,80,70,60,59,47,37,87,50,22,30.04,29.95,29.81,20,18,10,18,11,25,0.07,3,Rain-Thunderstorm,7
1983-5-4,82,68,54,48,46,43,72,45,26,30.06,30.00,29.90,20,20,20,12,4,,0.00,0,,160
1983-5-5,82,68,55,55,50,44,84,53,25,29.99,29.94,29.85,20,19,10,18,10,28,0.00,0,,178
1983-5-6,84,72,61,67,60,56,87,70,46,29.92,29.86,29.77,20,13,8,18,13,30,0.00,5,,170
1983-5-7,91,81,71,68,60,42,87,57,19,29.98,29.87,29.79,15,11,7,15,12,23,0.00,4,,175
1983-5-8,82,72,62,49,44,39,62,38,27,30.12,30.02,29.94,20,18,15,18,13,25,0.00,2,,36
1983-5-9,69,64,60,60,53,42,81,67,40,30.12,29.96,29.90,15,12,7,15,6,,0.13,8,Rain-Thunderstorm,69
1983-5-10,82,73,64,67,64,60,96,76,52,29.95,29.88,29.80,20,10,2,21,9,28,0.54,7,Fog-Rain-Thunderstorm,122
1983-5-11,82,72,63,68,65,61,97,79,53,29.95,29.89,29.81,15,8,1,15,6,23,0.52,7,Fog-Rain-Thunderstorm,124
1983-5-12,81,76,72,69,68,64,91,77,60,29.91,29.86,29.80,10,7,3,15,8,,0.00,6,Fog-Rain,147
1983-5-13,84,77,70,71,68,66,93,78,60,29.87,29.80,29.72,10,7,3,16,8,24,0.00,7,Fog,147
1983-5-14,80,72,63,71,67,58,91,81,67,29.89,29.79,29.73,15,9,5,21,11,26,0.01,8,Fog-Rain,165
1983-5-15,70,62,54,57,54,51,93,80,59,30.01,29.94,29.88,20,15,5,18,14,29,0.63,6,Fog-Rain-Thunderstorm,2
1983-5-16,77,65,53,59,55,50,93,72,50,30.08,29.99,29.89,20,18,10,13,6,,0.00,0,,72
1983-5-17,71,64,57,69,63,56,96,89,75,29.93,29.85,29.76,20,6,1,13,6,,0.08,7,Fog-Rain,135
1983-5-18,79,74,66,73,68,61,93,84,64,29.88,29.80,29.75,15,7,1,9,7,,0.07,6,Fog-Rain-Thunderstorm,118
1983-5-19,80,68,57,62,58,55,93,69,43,29.93,29.87,29.79,20,16,10,13,5,,0.00,5,Thunderstorm,82
1983-5-20,70,67,64,67,63,60,97,90,78,29.90,29.82,29.71,20,8,0,16,10,,1.45,8,Fog-Rain-Thunderstorm,74
1983-5-21,82,73,64,67,63,60,97,81,52,29.88,29.81,29.75,20,11,0,31,11,45,0.60,6,Fog-Rain-Thunderstorm,108
1983-5-22,88,75,62,68,63,59,97,70,43,29.91,29.85,29.78,20,14,0,13,6,,0.00,3,Fog,179
1983-5-23,84,75,66,66,63,59,87,67,43,30.02,29.95,29.83,20,16,10,14,9,,0.00,5,,81
1983-5-24,84,75,66,65,62,58,79,63,49,30.06,30.01,29.95,20,16,15,10,8,,0.00,3,,62
1983-5-25,87,76,66,66,63,60,90,65,40,29.99,29.94,29.87,20,14,10,12,5,,0.00,4,,98
1983-5-26,86,78,69,68,64,59,90,66,40,29.99,29.94,29.87,15,10,4,13,6,,0.00,4,Fog,141
1983-5-27,86,78,69,67,63,58,93,67,40,30.00,29.94,29.88,15,9,1,14,5,,0.00,6,Fog,146
1983-5-28,84,77,70,68,65,61,90,68,46,30.00,29.94,29.86,15,8,2,17,5,,0.00,6,Fog,155
1983-5-29,90,80,69,67,64,59,90,61,35,29.91,29.86,29.78,20,14,6,12,5,,0.00,3,,93
1983-5-30,89,78,68,66,64,60,87,61,42,29.82,29.72,29.57,20,10,5,20,6,28,0.00,3,Rain,163
1983-5-31,70,64,57,65,57,55,93,82,70,29.92,29.82,29.69,15,10,4,18,13,26,0.13,8,Fog-Rain,12
1983-6-1,75,68,60,64,58,55,83,74,60,29.98,29.91,29.83,15,10,6,12,8,,0.00,6,Fog,74
1983-6-2,89,78,68,68,67,64,90,70,50,29.88,29.82,29.74,20,12,6,15,9,24,0.00,4,Fog,166
1983-6-3,90,82,75,72,70,68,82,71,52,29.89,29.82,29.73,15,12,7,14,10,,0.00,6,,179
1983-6-4,91,82,73,73,71,63,91,71,50,29.93,29.83,29.75,15,10,1,21,6,39,0.00,5,Fog-Rain-Thunderstorm,151
1983-6-5,87,76,66,71,67,60,90,73,55,29.95,29.81,29.70,20,16,5,15,8,24,0.43,4,Rain-Thunderstorm,126
1983-6-6,78,71,64,72,66,61,90,85,76,29.97,29.86,29.75,15,10,2,20,9,31,0.59,7,Fog-Rain-Thunderstorm,19
1983-6-7,80,70,61,60,57,55,84,65,46,30.02,29.97,29.91,20,17,15,15,11,,0.00,1,,358
1983-6-8,84,74,63,63,60,58,84,64,47,30.00,29.95,29.90,20,18,10,12,4,,0.00,1,,64
1983-6-9,84,74,64,67,64,61,87,68,49,30.01,29.96,29.91,20,11,5,12,6,,0.00,1,,135
1983-6-10,84,75,66,68,64,63,93,69,51,30.03,29.97,29.89,10,8,2,15,8,22,0.00,3,Fog,148
1983-6-11,84,77,70,69,66,63,90,70,51,29.99,29.92,29.84,15,8,2,17,9,24,0.00,6,Fog-Rain-Thunderstorm,153
1983-6-12,87,80,72,69,67,64,87,69,48,29.95,29.89,29.80,15,11,5,16,9,22,0.00,4,,151
1983-6-13,89,80,70,70,68,64,91,70,48,29.89,29.84,29.77,20,15,7,15,9,,0.00,4,,156
1983-6-14,86,80,73,72,71,70,90,80,61,29.96,29.91,29.85,15,10,2,17,8,24,0.27,7,Rain-Thunderstorm,141
1983-6-15,80,76,71,69,66,62,85,71,60,30.02,29.97,29.88,20,17,10,12,7,,0.00,8,Rain-Thunderstorm,358
1983-6-16,77,73,69,70,67,65,90,83,69,30.02,29.96,29.92,20,12,3,9,5,,0.38,7,Rain-Thunderstorm,7
1983-6-17,86,76,66,70,67,65,93,76,53,29.99,29.93,29.87,20,15,4,16,6,23,0.00,4,Fog,154
1983-6-18,87,78,69,68,67,67,93,74,51,29.93,29.86,29.79,20,14,2,12,5,,0.00,5,Fog,143
1983-6-19,88,78,69,70,68,66,93,71,49,29.90,29.85,29.80,20,14,4,10,4,,0.00,3,Fog,128
1983-6-20,89,80,70,70,68,65,91,70,46,29.92,29.86,29.83,20,12,3,9,4,,0.00,2,Fog,119
1983-6-21,90,82,73,70,68,65,87,65,45,29.94,29.89,29.85,15,13,7,10,4,,0.00,2,,126
1983-6-22,88,80,71,72,68,66,87,68,48,29.99,29.92,29.87,15,11,5,16,6,,0.00,2,,53
1983-6-23,89,80,72,71,67,66,84,68,46,29.98,29.93,29.87,15,13,8,13,8,,0.05,3,Rain,38
1983-6-24,89,80,71,71,67,65,81,67,48,29.94,29.88,29.80,15,10,5,13,8,,0.01,3,,29
1983-6-25,82,77,72,72,70,68,91,80,67,29.86,29.82,29.77,15,9,1,18,6,25,0.76,6,Fog-Rain-Thunderstorm,32
1983-6-26,91,80,70,75,71,68,93,74,52,29.84,29.81,29.74,15,9,3,10,5,,0.00,3,Fog,168
1983-6-27,93,84,75,75,73,72,91,70,50,29.90,29.83,29.76,15,13,4,17,9,,0.00,3,Fog,163
1983-6-28,91,80,70,73,70,64,84,67,48,29.96,29.84,29.75,20,17,7,23,10,32,0.00,4,Rain-Thunderstorm,160
1983-6-29,93,85,77,73,72,71,88,68,50,29.90,29.83,29.77,20,15,7,16,12,28,0.00,3,,181
1983-6-30,93,85,77,75,72,67,90,67,42,29.96,29.91,29.85,20,16,7,16,8,20,0.00,4,,165
1983-7-1,93,85,77,75,72,67,90,66,44,29.99,29.93,29.84,20,12,7,15,10,24,0.02,4,,166
1983-7-2,93,86,79,74,71,67,84,63,41,29.97,29.92,29.84,15,10,7,16,12,23,0.00,4,,172
1983-7-3,95,86,78,73,70,66,84,63,43,29.97,29.92,29.85,15,10,7,15,12,26,0.00,4,,172
1983-7-4,95,86,77,73,71,69,84,64,43,29.97,29.92,29.88,20,14,7,16,12,25,0.00,3,,177
1983-7-5,91,82,73,74,71,69,87,70,48,30.14,30.03,29.96,20,13,7,23,9,46,0.10,6,Rain-Thunderstorm,123
1983-7-6,91,83,75,72,67,61,82,63,38,30.11,30.05,29.99,20,17,10,14,8,,0.01,5,Rain,40
1983-7-7,89,81,73,66,64,62,73,57,42,30.15,30.09,30.04,15,14,10,12,9,,0.00,3,,72
1983-7-8,90,80,71,67,63,60,73,56,37,30.15,30.10,30.04,15,11,8,10,8,,0.00,3,,62
1983-7-9,91,82,73,71,67,64,73,62,44,30.11,30.06,29.97,15,10,5,15,7,,0.00,3,,92
1983-7-10,93,82,72,72,67,61,87,62,36,30.05,29.99,29.91,15,12,7,13,5,,0.00,2,,145
1983-7-11,91,82,73,72,67,62,87,63,41,30.04,29.99,29.95,15,10,5,10,5,,0.00,4,,152
1983-7-12,88,80,73,69,67,65,82,63,46,30.07,30.03,29.99,15,7,4,15,6,,0.00,8,,99
1983-7-13,84,78,73,71,68,66,85,74,63,30.08,30.03,29.98,15,9,2,18,10,,0.03,7,Rain,81
1983-7-14,82,77,72,72,70,68,93,87,67,30.06,30.00,29.94,15,8,2,16,10,,0.89,8,Fog-Rain,109
1983-7-15,79,76,72,71,70,69,93,89,77,30.00,29.90,29.83,10,7,2,17,10,24,0.69,8,Fog-Rain,121
1983-7-16,82,78,73,72,71,70,93,85,69,29.98,29.90,29.85,15,10,1,15,8,,1.05,8,Fog-Rain,129
1983-7-17,90,82,75,74,72,67,91,73,49,30.03,29.98,29.94,15,13,7,10,7,,0.00,6,Rain,143
1983-7-18,88,80,73,75,71,69,91,77,61,30.10,30.05,30.00,20,12,7,12,4,18,0.05,4,Rain-Thunderstorm,156
1983-7-19,88,80,72,73,71,68,91,76,58,30.15,30.10,30.07,15,12,7,10,4,,0.00,4,Rain,152
1983-7-20,90,80,71,73,70,68,91,70,48,30.22,30.13,30.06,15,10,6,9,4,,0.00,3,Fog,173
1983-7-21,91,82,72,72,69,63,91,67,38,30.15,30.09,30.02,10,8,4,8,4,,0.00,2,Fog,172
1983-7-22,91,82,73,72,70,68,87,67,50,30.08,30.03,29.96,10,6,3,13,4,,0.00,2,,146
1983-7-23,93,83,73,71,68,63,87,62,38,30.08,30.02,29.97,10,9,7,12,7,,0.00,0,,179
1983-7-24,93,83,73,72,71,69,90,67,44,30.06,30.00,29.93,15,12,7,16,9,,0.00,2,,184
1983-7-25,93,84,75,72,71,70,87,68,47,30.04,29.98,29.93,15,10,7,14,8,20,0.00,3,,176
1983-7-26,93,84,75,72,69,65,87,63,39,30.03,29.98,29.91,15,10,7,14,9,16,0.00,2,,187
1983-7-27,93,84,75,72,70,67,87,65,45,30.04,29.97,29.91,15,11,7,17,10,,0.00,3,,183
1983-7-28,95,85,75,72,71,68,87,66,44,30.05,29.99,29.92,15,13,9,13,8,,0.00,3,,171
1983-7-29,95,84,73,72,69,63,87,64,36,30.07,30.02,29.98,15,12,8,13,7,22,0.00,2,,167
1983-7-30,93,84,75,74,69,64,87,64,41,30.10,30.05,30.00,20,12,5,12,7,17,0.00,3,Fog,92
1983-7-31,95,85,75,70,67,63,76,55,34,30.07,30.01,29.94,15,15,10,13,5,,0.00,1,,76
1983-8-1,96,86,75,71,67,63,79,56,33,30.08,30.02,29.96,15,15,15,10,6,,0.00,2,,150
1983-8-2,97,86,75,70,67,64,79,54,35,30.07,30.02,29.93,15,12,10,14,6,,0.00,1,,43
1983-8-3,91,82,73,68,65,62,79,58,38,30.03,29.98,29.92,20,17,15,17,9,20,0.01,3,Rain,24
1983-8-4,91,83,75,72,69,67,84,70,44,30.06,29.99,29.94,20,17,10,13,7,,0.15,6,Rain-Thunderstorm,209
1983-8-5,91,82,73,73,70,67,91,69,44,30.19,30.10,30.04,20,15,1,9,5,,0.00,6,Fog,128
1983-8-6,96,86,75,73,70,68,84,65,40,30.14,30.08,30.01,20,13,8,13,5,,0.07,2,Rain-Thunderstorm,187
1983-8-7,96,84,73,73,70,67,87,69,38,30.05,29.96,29.88,20,15,10,25,7,39,0.00,4,Thunderstorm,170
1983-8-8,82,76,71,73,69,67,91,83,72,30.02,29.93,29.89,15,9,1,17,6,30,1.19,7,Rain-Thunderstorm,99
1983-8-9,89,80,72,78,71,68,91,79,57,30.05,29.99,29.94,15,9,2,15,4,,0.00,7,Fog,125
1983-8-10,91,82,73,73,72,68,91,74,47,30.06,30.02,29.97,20,13,5,12,6,,0.00,5,Fog,166
1983-8-11,93,84,75,74,72,69,91,72,45,30.08,30.00,29.93,20,13,3,13,7,,0.00,5,Fog,173
1983-8-12,93,85,75,74,72,66,88,74,49,30.00,29.95,29.89,20,14,7,13,7,24,0.00,6,Rain-Thunderstorm,186
1983-8-13,93,83,73,74,70,67,90,71,47,30.06,29.98,29.92,15,13,7,13,5,,0.00,3,,189
1983-8-14,93,84,75,73,71,68,87,66,44,30.04,30.00,29.94,20,18,15,9,5,,0.00,1,,208
1983-8-15,96,86,77,71,70,66,82,61,37,30.05,29.99,29.93,20,19,10,10,6,,0.00,1,,191
1983-8-16,97,86,75,71,69,67,82,59,39,30.03,29.98,29.91,20,18,10,14,5,,0.00,1,,134
1983-8-17,95,84,73,70,67,64,85,59,36,30.00,29.94,29.85,20,17,7,13,6,,0.00,2,,78
1983-8-18,89,83,77,68,65,60,66,58,43,29.90,29.81,29.73,20,19,15,20,11,28,0.00,5,Rain,346
1983-8-19,82,78,75,75,70,64,90,76,60,30.02,29.93,29.85,15,11,1,12,6,,0.74,8,Rain-Thunderstorm,139
1983-8-20,93,85,77,74,72,68,90,68,44,30.07,29.99,29.94,15,13,8,12,9,,0.59,6,,163
1983-8-21,95,85,75,74,71,66,91,68,38,30.08,30.01,29.94,20,16,7,13,7,,0.00,4,,174
1983-8-22,93,84,75,73,70,64,87,64,37,30.05,29.99,29.92,20,16,10,10,7,,0.00,3,,174
1983-8-23,95,85,75,74,70,65,94,66,37,30.08,30.00,29.95,20,15,2,13,6,,0.00,3,Fog,158
1983-8-24,95,85,75,73,71,68,88,66,43,30.13,30.08,30.04,20,16,10,14,6,,0.00,2,,147
1983-8-25,95,84,73,74,71,67,91,71,41,30.17,30.12,30.07,20,16,7,12,4,,0.01,3,Rain-Thunderstorm,147
1983-8-26,93,84,75,72,69,65,87,63,38,30.12,30.07,29.98,20,17,10,9,5,,0.00,1,,140
1983-8-27,96,86,75,71,69,65,82,61,36,30.05,29.99,29.93,20,11,7,12,4,,0.00,1,,70
1983-8-28,91,83,75,76,72,70,87,70,48,30.05,29.98,29.94,15,9,3,9,6,,0.04,3,Rain-Thunderstorm,96
1983-8-29,95,85,75,73,70,68,87,66,41,30.07,29.99,29.90,15,12,6,13,4,,0.00,3,,149
1983-8-30,97,86,75,72,69,64,87,59,34,29.99,29.94,29.87,20,18,15,12,6,,0.00,1,,192
1983-8-31,100,86,73,70,67,63,85,54,31,29.92,29.87,29.81,20,18,10,10,5,,0.00,1,,176
1983-9-1,90,82,75,73,69,67,87,67,52,29.95,29.88,29.84,20,15,2,16,6,,0.13,3,Rain,81
1983-9-2,93,84,75,70,66,60,84,58,34,29.92,29.88,29.83,15,8,5,18,8,,0.00,2,,18
1983-9-3,93,82,72,69,66,63,84,58,37,29.93,29.87,29.80,8,6,4,13,4,,0.00,1,,103
1983-9-4,95,84,73,71,67,62,87,60,36,29.92,29.84,29.77,10,6,2,14,8,,0.00,1,,171
1983-9-5,96,84,72,71,66,60,87,60,31,29.87,29.80,29.70,15,11,2,17,8,22,0.00,3,Fog,161
1983-9-6,97,87,77,74,70,64,88,63,34,29.91,29.83,29.77,20,13,6,16,9,23,0.00,5,,164
1983-9-7,91,84,75,74,71,68,84,73,50,30.05,29.96,29.89,15,11,0,15,9,33,0.17,5,Rain,153
1983-9-8,88,80,73,70,69,66,90,73,51,30.10,30.04,29.99,20,12,7,13,7,21,0.00,6,Rain,133
1983-9-9,88,79,70,73,69,66,91,80,55,30.11,30.05,29.99,15,9,0,9,6,,0.30,6,Fog-Rain,116
1983-9-10,89,81,73,72,70,68,90,76,50,30.09,30.02,29.94,20,12,7,12,7,,0.03,7,Rain,151
1983-9-11,90,81,72,71,69,65,93,73,43,30.03,29.96,29.84,15,12,4,10,3,,0.00,4,Fog,138
1983-9-12,93,82,70,69,67,64,90,64,38,29.94,29.90,29.84,20,17,15,10,6,,0.00,1,,144
1983-9-13,93,83,73,69,66,64,81,60,37,30.05,29.99,29.95,15,14,7,16,7,23,0.00,2,,37
1983-9-14,87,80,72,71,66,60,82,67,49,30.12,30.05,29.99,15,11,6,14,8,,0.08,2,Rain-Thunderstorm,40
1983-9-15,91,78,66,69,65,62,87,66,38,30.05,29.98,29.85,15,8,3,13,4,,0.00,2,Fog,160
1983-9-16,93,84,75,72,69,64,87,67,38,30.01,29.95,29.87,15,10,4,12,6,,0.00,5,Fog,152
1983-9-17,93,84,75,72,70,66,90,68,41,29.98,29.91,29.81,15,14,7,15,7,20,0.00,5,,172
1983-9-18,82,76,70,74,71,66,91,85,62,29.95,29.91,29.87,15,9,2,14,8,,1.02,7,Fog-Rain-Thunderstorm,138
1983-9-19,89,80,71,75,71,68,93,83,57,29.93,29.87,29.78,15,8,1,15,7,,1.09,7,Fog-Rain,141
1983-9-20,86,74,62,75,65,48,88,74,58,30.20,29.97,29.86,15,12,8,29,11,38,0.00,7,Rain-Thunderstorm,258
1983-9-21,71,62,53,45,38,34,57,43,28,30.38,30.28,30.20,15,15,15,23,17,34,0.00,4,,21
1983-9-22,75,62,50,47,42,39,71,49,29,30.32,30.25,30.17,20,17,15,9,5,,0.00,0,,101
1983-9-23,80,66,53,50,47,44,77,53,28,30.32,30.25,30.19,20,17,10,10,3,,0.00,0,,114
1983-9-24,82,68,55,58,54,50,84,61,39,30.26,30.21,30.14,20,16,10,13,5,,0.00,0,,136
1983-9-25,84,72,60,66,62,57,93,72,51,30.22,30.15,30.08,15,10,3,9,4,,0.00,3,Fog,98
1983-9-26,84,78,71,68,66,63,87,71,49,30.21,30.15,30.09,15,10,3,8,4,,0.00,5,Fog,107
1983-9-27,84,76,68,68,66,63,93,74,48,30.19,30.11,30.02,15,10,2,13,4,,0.00,4,Fog,139
1983-9-28,86,76,66,67,64,60,90,70,41,30.14,30.09,30.03,15,8,2,15,5,,0.00,5,Fog,125
1983-9-29,84,74,63,63,60,57,87,64,41,30.15,30.10,30.04,10,9,3,13,5,,0.00,2,Fog,106
1983-9-30,82,72,62,60,56,53,84,58,36,30.18,30.12,30.07,10,8,4,13,4,,0.00,0,,98
1983-10-1,84,72,61,62,57,54,87,59,35,30.15,30.10,30.03,15,8,3,10,3,,0.00,1,Fog,157
1983-10-2,88,77,66,67,63,58,84,66,44,30.08,30.02,29.94,15,9,1,15,6,21,0.00,4,Fog,171
1983-10-3,87,78,69,67,65,62,87,65,44,30.03,29.97,29.88,10,7,1,15,7,20,0.00,4,Fog,179
1983-10-4,91,82,72,69,66,64,84,63,42,29.96,29.90,29.82,15,10,3,14,9,,0.00,3,,188
1983-10-5,91,82,73,69,65,58,84,60,41,30.06,29.98,29.91,15,13,10,13,7,,0.00,3,,73
1983-10-6,89,80,72,70,65,60,76,62,50,30.15,30.06,29.97,15,12,8,14,8,23,0.00,6,,130
1983-10-7,84,78,71,68,65,59,76,66,55,30.06,30.01,29.92,15,12,10,13,8,,0.00,6,Rain,150
1983-10-8,84,78,72,69,67,66,84,70,55,30.09,30.02,29.96,20,12,5,14,8,,0.01,8,Rain,130
1983-10-9,75,72,68,68,65,63,90,83,79,30.13,30.09,30.04,15,4,1,13,8,,1.67,7,Fog-Rain-Thunderstorm,21
1983-10-10,82,73,64,62,60,58,84,67,45,30.12,30.04,29.95,10,7,4,9,7,,0.00,1,,11
1983-10-11,84,73,62,65,62,58,87,69,46,29.95,29.83,29.71,10,7,2,22,5,28,0.39,3,Fog-Rain-Thunderstorm,211
1983-10-12,73,66,59,60,45,33,76,51,26,30.14,30.02,29.85,20,18,15,24,17,32,0.00,2,,3
1983-10-13,77,64,51,48,44,42,77,52,32,30.18,30.11,30.03,20,20,20,13,6,,0.00,0,,214
1983-10-14,81,68,54,57,52,47,83,63,38,30.11,30.03,29.95,20,20,15,15,7,25,0.00,0,,161
1983-10-15,82,70,57,61,57,53,87,69,44,30.05,30.00,29.94,20,17,5,13,5,18,0.00,1,,153
1983-10-16,86,77,68,69,65,60,87,71,44,30.09,30.02,29.95,20,15,6,14,4,,0.00,6,Fog,144
1983-10-17,86,76,66,69,66,63,90,74,55,30.09,30.01,29.93,20,16,1,9,5,,0.00,3,Fog,102
1983-10-18,84,78,71,73,70,66,93,84,63,30.06,29.98,29.90,20,10,0,15,4,23,0.27,7,Fog-Rain-Thunderstorm,116
1983-10-19,86,80,73,71,70,68,87,75,57,29.94,29.87,29.79,15,11,3,14,8,23,0.00,7,Fog,139
1983-10-20,81,76,69,71,69,57,87,80,65,29.97,29.85,29.79,15,12,2,14,9,24,0.36,7,Fog-Rain,163
1983-10-21,78,68,59,56,53,51,75,60,42,30.09,30.03,29.97,20,18,15,15,11,,0.00,2,,317
1983-10-22,79,67,55,54,51,48,80,59,39,30.14,30.07,30.01,20,20,20,13,6,,0.00,0,,335
1983-10-23,79,66,54,55,51,47,83,64,42,30.09,30.02,29.93,20,20,15,12,5,,0.00,0,,38
1983-10-24,75,65,55,61,56,52,87,73,60,30.12,30.02,29.98,20,11,6,12,4,,0.00,3,,126
1983-10-25,75,67,59,57,53,49,81,65,41,30.35,30.26,30.15,20,16,8,18,10,23,0.00,0,,9
1983-10-26,73,63,53,49,44,38,80,54,27,30.36,30.28,30.20,20,18,15,13,9,,0.00,0,,358
1983-10-27,75,62,50,46,43,39,80,52,27,30.29,30.24,30.19,15,15,15,8,4,,0.00,0,,265
1983-10-28,77,62,48,56,51,43,83,65,47,30.30,30.25,30.21,15,11,7,10,4,,0.00,2,,170
1983-10-29,80,68,57,61,57,55,90,70,43,30.34,30.27,30.21,15,10,0,8,3,,0.00,3,Fog,63
1983-10-30,79,70,61,62,57,55,90,70,45,30.31,30.24,30.17,15,9,0,7,3,,0.00,5,Fog,90
1983-10-31,78,68,59,64,60,55,90,77,60,30.24,30.17,30.10,15,6,2,14,3,,0.00,4,Fog,79
1983-11-1,82,74,66,66,63,61,90,72,50,30.21,30.14,30.08,20,11,0,13,6,,0.00,5,Fog,128
1983-11-2,82,75,68,69,66,63,87,75,54,30.21,30.14,30.09,20,12,6,13,6,,0.01,6,Fog-Rain,132
1983-11-3,80,75,70,69,67,66,90,80,64,30.19,30.12,30.03,15,8,2,14,6,,0.11,7,Fog-Rain,123
1983-11-4,79,74,70,70,68,66,91,84,66,30.10,30.03,29.94,15,8,2,12,4,,0.43,7,Fog-Rain,107
1983-11-5,72,69,66,67,65,63,93,87,78,30.05,29.99,29.88,15,6,0,15,6,,0.50,7,Fog-Rain-Thunderstorm,70
1983-11-6,80,73,66,66,64,61,97,81,54,29.99,29.93,29.85,20,8,0,14,5,,0.02,7,Fog-Rain-Thunderstorm,66
1983-11-7,75,69,62,64,61,58,93,80,62,30.04,29.97,29.92,15,9,2,10,8,,0.00,7,Fog,51
1983-11-8,73,65,57,62,59,55,93,78,64,30.01,29.94,29.87,15,9,2,12,5,,0.00,6,Fog,157
1983-11-9,73,62,52,64,52,36,90,68,38,30.16,29.98,29.90,20,12,2,25,9,34,0.02,5,Fog,253
1983-11-10,64,54,45,35,30,25,61,43,24,30.22,30.15,30.09,20,20,20,18,12,25,0.00,0,,323
1983-11-11,66,54,43,34,29,25,56,42,22,30.22,30.11,30.02,20,20,20,10,8,,0.00,0,,13
1983-11-12,75,58,41,55,45,33,79,63,45,30.02,29.89,29.76,20,20,20,16,7,26,0.00,0,,178
1983-11-13,79,66,54,56,52,48,93,68,39,29.88,29.81,29.77,20,18,10,10,4,,0.00,0,,354
1983-11-14,87,70,52,61,50,41,93,60,21,29.86,29.73,29.63,20,18,7,20,5,31,0.00,0,,233
1983-11-15,70,60,51,48,36,27,67,43,20,30.25,30.15,29.94,20,20,20,17,14,25,0.00,0,,343
1983-11-16,72,58,44,40,35,30,76,48,21,30.27,30.18,30.09,20,20,20,13,7,,0.00,0,,219
1983-11-17,75,60,46,62,51,38,84,69,51,30.09,29.97,29.85,20,18,10,20,8,30,0.00,3,,189
1983-11-18,78,72,66,66,64,62,87,77,58,29.86,29.72,29.60,15,13,9,18,12,30,0.00,7,Rain,168
1983-11-19,75,65,54,66,49,28,84,55,20,29.85,29.62,29.53,20,14,9,30,14,46,0.12,5,Rain,252
1983-11-20,73,56,39,40,36,34,83,49,24,29.91,29.83,29.75,20,20,20,14,8,23,0.00,0,,207
1983-11-21,78,64,50,67,56,42,89,73,58,29.86,29.79,29.70,20,16,10,17,9,32,0.00,3,,166
1983-11-22,86,79,72,71,68,64,87,76,49,29.76,29.64,29.50,15,9,2,36,13,56,0.00,6,Fog-Rain,165
1983-11-23,62,54,46,52,40,31,89,60,32,30.04,29.85,29.68,20,16,4,25,16,32,0.03,4,Rain-Thunderstorm,339
1983-11-24,63,51,39,39,37,33,86,64,35,30.19,30.11,30.05,20,19,15,9,4,,0.00,1,,28
1983-11-25,71,55,39,52,42,35,86,64,36,30.13,30.00,29.83,20,19,15,20,7,28,0.00,0,,185
1983-11-26,79,67,55,65,55,37,84,69,47,29.83,29.70,29.55,20,14,1,30,14,45,0.73,8,Rain-Thunderstorm,188
1983-11-27,52,46,37,44,34,22,93,65,33,29.98,29.90,29.83,20,16,10,17,10,23,0.30,4,Rain,301
1983-11-28,57,46,36,33,28,24,77,51,31,30.14,30.05,29.97,20,20,20,21,9,30,0.00,0,,290
1983-11-29,61,47,33,48,38,30,89,67,48,30.12,30.03,29.94,20,17,15,14,3,,0.00,5,Rain,142
1983-11-30,68,58,46,58,47,36,84,71,63,30.28,30.10,29.99,15,13,7,16,6,23,0.00,7,,11
1983-12-1,48,46,43,46,39,34,90,76,68,30.29,30.19,30.07,15,11,1,17,12,21,0.01,8,Fog-Rain,19
1983-12-2,62,55,48,61,52,46,97,96,93,30.06,29.88,29.75,10,2,0,9,4,,0.04,8,Fog-Rain,356
1983-12-3,73,62,50,61,52,43,97,70,37,29.96,29.78,29.66,20,14,3,18,7,29,0.31,3,Fog-Rain-Thunderstorm,281
1983-12-4,73,56,39,53,46,37,93,72,48,29.96,29.87,29.78,20,18,10,13,6,20,0.00,0,,166
1983-12-5,78,65,48,64,52,33,97,68,27,30.06,29.82,29.73,20,10,0,21,7,30,0.06,5,Fog-Rain,279
1983-12-6,54,46,37,31,26,23,68,52,31,30.37,30.28,30.09,20,20,20,21,14,28,0.00,0,,359
1983-12-7,62,45,28,32,29,25,85,56,29,30.37,30.23,30.12,20,18,10,16,5,25,0.00,1,,197
1983-12-8,71,54,37,56,45,32,86,69,51,30.18,30.11,30.04,20,18,7,17,4,24,0.00,2,,189
1983-12-9,73,65,57,64,60,55,97,87,71,30.10,30.04,29.98,10,6,0,12,6,,0.00,7,Fog,166
1983-12-10,81,72,64,68,63,47,97,76,52,30.01,29.91,29.78,15,9,0,21,8,30,0.00,6,Fog,212
1983-12-11,75,67,59,40,34,29,40,32,22,30.14,30.02,29.86,20,20,15,16,10,21,0.00,0,,300
1983-12-12,68,54,41,47,36,30,77,52,32,30.16,30.00,29.78,20,20,20,16,9,18,0.00,2,,120
1983-12-13,63,53,43,51,39,29,100,60,38,29.80,29.75,29.71,20,13,0,26,10,40,0.00,3,Fog,304
1983-12-14,59,52,45,34,31,29,58,47,33,29.99,29.86,29.76,20,20,20,10,7,,0.00,5,,311
1983-12-15,66,51,36,39,32,29,79,53,25,30.06,29.98,29.90,20,20,20,15,6,22,0.00,2,,173
1983-12-16,48,42,36,34,31,28,86,76,51,30.42,30.29,30.05,20,14,5,22,18,32,0.09,8,Rain,8
1983-12-17,45,40,36,37,32,30,86,78,68,30.46,30.37,30.28,15,12,10,13,8,,0.00,7,,35
1983-12-18,41,32,23,37,28,15,89,80,69,30.50,30.40,30.31,15,9,7,29,17,32,0.00,8,,7
1983-12-19,30,26,21,20,17,15,78,70,59,30.46,30.36,30.27,15,14,10,23,17,,0.00,8,,4
1983-12-20,36,30,25,30,22,18,79,74,69,30.33,30.18,30.06,15,10,7,15,9,,0.00,8,,43
1983-12-21,36,30,23,35,28,17,97,88,78,30.29,30.09,29.98,15,6,1,21,11,26,0.01,8,Fog-Rain,12
1983-12-22,26,19,12,17,8,3,78,63,47,30.49,30.39,30.30,20,19,10,20,16,28,0.00,5,Snow,2
1983-12-23,30,23,16,15,11,9,77,64,50,30.55,30.35,30.28,20,17,6,21,10,29,0.00,6,,23
1983-12-24,23,18,12,9,-2,-9,65,45,28,30.97,30.84,30.57,20,20,15,29,22,39,0.00,5,,2
1983-12-25,25,18,10,-4,-9,-13,39,33,23,30.91,30.75,30.60,20,20,20,15,13,,0.00,5,,17
1983-12-26,28,21,14,25,6,-4,96,54,31,30.58,30.26,30.04,20,18,3,14,6,,0.00,7,Fog,144
1983-12-27,57,42,27,37,30,25,96,74,40,30.04,29.84,29.67,20,10,0,16,6,,0.00,5,Fog,168
1983-12-28,39,32,24,35,23,11,89,66,48,30.48,30.07,29.71,20,13,3,29,17,41,0.00,7,Fog,354
1983-12-29,33,25,17,11,1,-5,57,38,21,30.80,30.68,30.47,20,18,15,24,19,37,0.00,1,,345
1983-12-30,37,27,17,5,2,-2,52,36,22,30.85,30.75,30.64,20,20,20,12,7,,0.00,0,,46
1983-12-31,51,35,19,39,18,-2,66,48,34,30.66,30.53,30.42,20,20,20,15,5,21,0.00,4,,170
