
CST,Max TemperatureF,Mean TemperatureF,Min TemperatureF,Max Dew PointF,MeanDew PointF,Min DewpointF,Max Humidity, Mean Humidity, Min Humidity, Max Sea Level PressureIn, Mean Sea Level PressureIn, Min Sea Level PressureIn, Max VisibilityMiles, Mean VisibilityMiles, Min VisibilityMiles, Max Wind SpeedMPH, Mean Wind SpeedMPH, Max Gust SpeedMPH,PrecipitationIn, CloudCover, Events, WindDirDegrees
1961-1-1,46,40,34,40,37,34,100,91,76,30.16,30.11,30.06,15,13,6,17,6,,0.00,,Fog,210
1961-1-2,51,44,36,38,34,31,100,76,50,30.39,30.30,30.15,15,14,10,20,8,,0.00,0,,357
1961-1-3,52,43,34,35,31,25,82,67,47,30.56,30.49,30.39,15,15,15,15,10,,0.00,0,,9
1961-1-4,55,45,35,38,32,27,89,60,34,30.53,30.45,30.33,15,13,10,14,6,,0.00,,Rain,120
1961-1-5,52,50,48,50,45,37,100,86,64,30.31,30.22,30.17,15,9,3,8,4,,0.00,,Fog,69
1961-1-6,55,52,50,54,51,49,100,99,96,30.18,30.08,29.97,10,4,0,15,8,,0.50,,Fog-Rain,18
1961-1-7,55,52,48,54,51,44,100,92,77,30.09,29.98,29.92,15,9,2,17,11,,0.46,,Fog-Rain,304
1961-1-8,53,46,39,53,40,34,100,84,61,30.49,30.34,30.10,15,10,2,32,22,,0.01,0,Fog-Rain,358
1961-1-9,53,43,33,37,31,27,100,71,38,30.54,30.45,30.37,15,15,15,12,9,,0.00,0,,354
1961-1-10,57,42,28,40,32,25,100,72,29,30.35,30.25,30.15,15,15,15,9,5,,0.00,0,,288
1961-1-11,48,46,44,47,45,41,97,93,86,30.26,30.21,30.18,15,9,3,9,6,,0.12,,Fog-Rain,356
1961-1-12,51,48,45,49,46,44,100,92,86,30.19,30.10,30.03,10,9,4,14,9,,0.00,,Fog-Rain,312
1961-1-13,64,56,46,49,47,45,100,84,50,30.02,29.94,29.85,15,12,8,13,9,,0.00,0,,310
1961-1-14,62,52,42,44,39,36,100,69,38,30.03,29.93,29.86,15,14,8,17,8,,0.00,0,,280
1961-1-15,66,54,41,42,37,35,82,61,36,30.15,30.07,30.01,15,15,15,17,9,,0.00,0,,292
1961-1-16,70,54,39,41,38,35,86,61,30,30.24,30.18,30.15,15,15,15,12,6,,0.00,0,,288
1961-1-17,73,55,37,52,45,36,93,67,44,30.30,30.23,30.17,15,15,15,14,6,,0.00,0,,195
1961-1-18,70,60,50,58,54,49,96,82,65,30.21,30.07,29.94,15,11,1,21,7,,0.00,0,Fog-Rain,188
1961-1-19,62,50,37,58,29,18,86,52,30,30.46,30.33,29.98,15,14,10,23,16,,0.01,,Rain,326
1961-1-20,55,44,32,32,26,22,78,53,30,30.40,30.30,30.19,15,15,15,14,8,,0.00,0,,296
1961-1-21,48,39,30,26,21,16,66,50,30,30.51,30.40,30.31,15,15,15,20,11,,0.00,0,,23
1961-1-22,54,44,35,45,35,24,89,67,50,30.31,30.18,30.06,15,15,15,20,9,,0.00,0,,186
1961-1-23,66,52,39,53,45,38,100,78,47,30.20,30.11,30.06,15,11,7,8,4,,0.00,0,,165
1961-1-24,73,54,34,63,53,31,100,91,64,30.37,30.10,29.99,10,6,0,32,8,,0.06,,Fog-Rain,68
1961-1-25,33,30,26,29,24,21,96,87,81,30.44,30.37,30.28,10,9,2,23,16,,0.05,,Fog-Rain,345
1961-1-26,41,34,28,30,27,24,100,80,55,30.40,30.31,30.24,15,11,2,22,9,,0.00,0,Fog,13
1961-1-27,32,29,26,25,19,14,92,67,50,30.39,30.33,30.28,15,12,10,20,11,,0.00,0,,5
1961-1-28,37,31,25,27,22,15,82,72,60,30.33,30.27,30.19,10,10,10,15,11,,0.02,,Rain,1
1961-1-29,50,38,26,32,26,20,85,70,44,30.41,30.35,30.27,15,14,10,12,6,,0.00,0,,74
1961-1-30,59,43,27,38,32,26,96,69,42,30.49,30.41,30.35,15,13,10,20,6,,0.00,0,,173
1961-1-31,64,50,37,53,45,36,100,82,63,30.35,30.25,30.13,15,9,0,12,7,,0.00,,Fog,185
1961-2-1,72,62,52,56,54,50,97,78,49,30.11,29.97,29.87,15,12,7,18,9,,0.00,0,,196
1961-2-2,64,55,43,53,39,29,97,58,27,30.17,30.07,29.91,15,15,10,18,10,,0.00,0,,319
1961-2-3,70,52,35,35,31,27,96,54,20,30.19,30.12,30.06,15,15,15,14,7,,0.00,0,,211
1961-2-4,63,52,41,50,41,30,89,66,52,30.18,30.13,30.07,15,13,10,21,9,,0.00,,Rain,122
1961-2-5,53,45,37,46,40,37,100,92,63,30.27,30.17,30.09,10,6,1,18,13,,2.22,,Fog-Rain-Thunderstorm,23
1961-2-6,37,36,34,36,34,30,100,93,85,30.21,30.11,30.04,10,6,3,17,14,,0.31,,Fog-Rain-Snow,329
1961-2-7,48,39,30,32,29,26,89,73,46,30.24,30.14,30.06,15,10,10,20,12,,0.00,0,,303
1961-2-8,54,42,30,41,34,29,96,75,55,30.32,30.24,30.16,10,9,8,13,6,,0.00,0,,196
1961-2-9,64,52,39,52,45,38,100,81,58,30.20,30.15,30.08,10,9,3,13,6,,0.00,0,Fog,34
1961-2-10,68,56,43,46,41,33,97,68,29,30.26,30.19,30.14,15,12,6,14,6,,0.00,0,Fog,307
1961-2-11,75,56,37,45,40,35,97,62,27,30.23,30.16,30.09,15,12,10,17,7,,0.00,0,,214
1961-2-12,79,62,44,56,48,42,97,68,35,30.10,30.04,29.96,15,13,6,18,9,,0.00,0,Fog,171
1961-2-13,77,66,55,57,56,54,100,77,48,30.08,30.02,29.97,15,12,4,18,12,,0.00,0,Fog,177
1961-2-14,75,66,57,61,57,56,100,80,53,30.13,30.08,30.03,15,10,0,18,9,,0.00,0,Fog,168
1961-2-15,73,67,61,64,62,60,100,86,66,30.19,30.13,30.08,10,9,3,14,9,,0.00,,Fog-Rain,130
1961-2-16,75,68,60,65,63,60,100,89,66,30.12,30.02,29.93,10,8,3,15,8,,2.03,,Fog-Rain-Thunderstorm,141
1961-2-17,80,72,64,68,66,64,100,87,58,29.92,29.77,29.64,15,9,3,17,12,,0.00,,Fog-Rain,169
1961-2-18,75,65,53,68,50,36,100,64,27,29.96,29.86,29.72,15,11,2,17,9,,0.02,0,Fog-Rain,343
1961-2-19,51,46,41,44,38,31,100,79,62,30.13,30.05,29.97,15,10,3,22,17,,0.14,,Fog-Rain,8
1961-2-20,48,46,43,44,42,38,100,89,76,30.07,30.01,29.97,10,7,2,18,14,,0.06,,Fog-Rain,338
1961-2-21,48,46,43,40,38,35,80,73,61,30.09,30.05,30.00,15,15,10,17,11,,0.00,,,304
1961-2-22,72,56,39,42,39,36,93,61,27,30.00,29.87,29.74,15,14,10,15,7,,0.00,0,,221
1961-2-23,78,63,48,57,47,41,90,62,33,29.88,29.80,29.72,15,15,15,18,11,,0.00,0,,172
1961-2-24,62,54,42,60,39,27,100,67,43,30.22,30.03,29.73,15,11,4,28,15,,0.01,0,Fog-Rain,302
1961-2-25,72,54,37,35,29,25,65,43,19,30.22,30.12,30.01,15,15,15,16,8,,0.00,0,,271
1961-2-26,73,58,42,53,39,30,81,53,30,30.01,29.93,29.85,15,15,15,21,10,,0.00,0,,166
1961-2-27,66,58,48,56,48,30,87,67,43,30.17,29.94,29.81,15,12,10,23,16,,0.00,0,,241
1961-2-28,60,48,37,37,33,31,82,57,39,30.25,30.15,30.05,15,15,15,16,10,,0.00,0,,2
1961-3-1,68,56,43,40,38,34,76,53,33,30.31,30.21,30.16,15,15,15,12,8,,0.00,0,,21
1961-3-2,73,60,46,58,46,39,86,62,35,30.17,30.01,29.84,15,13,7,22,10,,0.00,0,,173
1961-3-3,73,68,62,66,63,59,100,84,71,29.85,29.73,29.62,15,11,5,21,16,,0.00,,Fog,170
1961-3-4,72,69,66,67,66,64,93,89,84,29.76,29.70,29.64,10,10,7,17,13,,0.02,,Fog,160
1961-3-5,80,73,66,67,65,64,100,81,60,29.74,29.69,29.61,15,12,6,22,15,,0.00,0,Fog,163
1961-3-6,84,74,63,67,63,52,100,75,39,29.88,29.80,29.73,15,10,0,16,8,,0.00,0,Fog,121
1961-3-7,82,73,64,68,58,33,97,68,28,30.00,29.82,29.72,15,11,6,21,8,,0.00,0,Rain,236
1961-3-8,68,60,51,30,26,21,44,30,19,30.38,30.24,30.02,15,12,7,24,13,,0.00,0,,330
1961-3-9,64,54,43,32,28,25,63,40,22,30.53,30.41,30.33,15,15,15,15,9,,0.00,0,,343
1961-3-10,70,53,36,50,38,28,82,59,31,30.32,30.17,30.04,15,15,15,23,9,,0.00,0,,173
1961-3-11,70,64,57,60,56,51,90,78,63,30.05,29.95,29.88,15,11,7,18,13,,0.00,,Rain,157
1961-3-12,82,73,64,62,60,57,90,71,44,29.92,29.87,29.80,15,12,7,18,12,,0.00,0,,182
1961-3-13,75,65,55,61,42,35,93,47,24,30.06,29.98,29.88,15,11,7,17,10,,0.00,0,,5
1961-3-14,82,66,50,49,42,36,63,44,25,30.15,30.05,29.96,15,13,10,15,7,,0.00,0,,148
1961-3-15,77,67,57,64,59,46,96,76,60,29.98,29.84,29.72,15,10,5,18,11,,0.00,0,Fog,183
1961-3-16,77,72,61,69,66,59,100,89,71,29.72,29.60,29.44,15,8,0,21,11,,0.45,,Fog-Rain,153
1961-3-17,73,64,54,59,46,38,96,61,28,29.73,29.58,29.49,15,12,8,20,11,,0.01,0,Rain,297
1961-3-18,69,58,46,50,46,43,86,67,47,30.00,29.90,29.74,15,13,10,15,9,,0.00,0,,350
1961-3-19,55,50,46,47,44,40,90,79,68,30.16,30.06,29.96,15,11,5,21,15,,0.06,0,Fog-Rain,4
1961-3-20,64,54,45,40,37,31,80,57,33,30.17,30.09,30.01,15,14,10,17,11,,0.00,0,,309
1961-3-21,80,60,39,49,42,36,93,54,27,30.04,29.92,29.82,15,12,10,21,7,,0.00,0,,193
1961-3-22,73,62,51,50,41,37,72,48,27,30.07,29.99,29.91,15,13,10,18,11,,0.00,0,,10
1961-3-23,78,62,46,46,39,32,83,47,21,30.12,30.04,29.96,15,14,10,10,7,,0.00,0,,5
1961-3-24,79,62,44,49,42,38,97,53,25,30.09,30.03,29.96,15,14,10,17,6,,0.00,0,,109
1961-3-25,71,63,55,64,57,42,90,80,53,30.03,29.96,29.87,15,10,6,18,10,,0.00,,Fog-Rain,134
1961-3-26,84,75,66,68,66,64,93,80,51,29.91,29.81,29.69,10,10,8,21,15,,0.00,,,164
1961-3-27,84,74,64,68,64,57,100,74,44,29.85,29.75,29.60,15,10,0,17,10,,0.13,0,Fog-Rain-Thunderstorm,164
1961-3-28,86,78,69,68,66,62,96,73,44,29.77,29.71,29.66,10,9,4,12,8,,0.00,0,Fog,147
1961-3-29,75,64,54,66,59,43,90,77,64,29.88,29.80,29.73,10,10,8,21,10,,0.00,,,20
1961-3-30,53,50,46,47,45,42,90,80,71,29.88,29.79,29.73,10,9,6,16,12,,0.00,,Fog-Rain,329
1961-3-31,62,52,43,43,40,36,93,68,45,30.05,29.84,29.74,15,15,10,23,11,,0.00,0,,294
1961-4-1,69,55,41,40,37,32,89,56,27,30.16,30.07,30.01,15,15,15,10,6,,0.00,0,,284
1961-4-2,77,59,41,43,38,35,89,50,23,30.13,30.03,29.90,15,14,10,15,6,,0.00,0,,206
1961-4-3,80,66,53,51,43,36,90,47,23,30.04,29.98,29.90,15,14,10,21,9,,0.00,0,,308
1961-4-4,82,64,46,49,42,35,79,46,24,30.03,29.91,29.78,15,14,10,18,9,,0.00,0,,193
1961-4-5,72,61,48,64,53,40,97,76,48,29.99,29.85,29.78,15,9,5,32,12,,0.05,,Fog-Rain,89
1961-4-6,62,54,46,43,40,37,83,61,42,30.17,30.07,29.97,15,12,9,22,18,,0.00,0,Rain,12
1961-4-7,68,56,45,45,38,33,74,53,30,30.27,30.16,30.04,15,14,10,17,9,,0.00,0,,86
1961-4-8,75,63,51,63,56,47,93,80,62,30.02,29.76,29.60,15,11,3,16,11,,0.02,,Fog-Rain-Thunderstorm,174
1961-4-9,70,60,50,45,31,24,53,36,18,29.99,29.91,29.77,15,14,10,18,13,,0.00,0,,336
1961-4-10,73,56,39,53,42,37,93,60,29,30.03,29.94,29.84,15,15,15,21,8,,0.00,0,,158
1961-4-11,84,70,57,65,53,30,97,66,18,29.84,29.70,29.54,15,9,1,30,13,,0.00,0,Fog-Rain,197
1961-4-12,75,62,50,39,32,25,54,35,18,30.02,29.93,29.87,15,14,10,29,16,,0.00,0,,335
1961-4-13,80,61,42,50,44,37,85,55,31,29.90,29.77,29.60,15,15,15,23,8,,0.00,0,,169
1961-4-14,93,75,57,60,46,24,90,53,8,29.61,29.55,29.47,15,12,10,17,10,,0.00,0,,213
1961-4-15,66,58,50,60,32,17,81,40,15,30.13,29.94,29.56,15,11,8,30,17,,0.00,0,,323
1961-4-16,72,54,37,35,26,19,73,36,16,30.17,30.10,29.99,15,15,10,18,8,,0.00,0,,190
1961-4-17,79,62,46,51,44,36,74,51,27,30.10,30.04,29.97,15,15,15,15,8,,0.00,0,,179
1961-4-18,82,70,59,61,58,54,96,72,41,30.11,30.03,29.94,15,10,0,17,9,,0.00,0,Fog,160
1961-4-19,84,74,63,67,64,59,90,76,53,30.02,29.95,29.87,15,11,8,21,13,,0.00,,,169
1961-4-20,81,76,70,69,67,66,90,80,65,29.97,29.92,29.88,10,10,10,21,16,,0.00,,Rain,166
1961-4-21,84,77,69,68,66,61,90,73,51,30.04,29.99,29.95,15,11,7,23,16,,0.00,,Rain,163
1961-4-22,84,76,69,65,64,62,87,69,48,30.05,29.99,29.93,10,10,10,21,16,,0.00,0,,165
1961-4-23,84,76,69,64,64,62,84,69,46,29.96,29.88,29.78,10,10,10,23,16,,0.00,0,,168
1961-4-24,84,76,69,68,66,63,84,71,51,29.84,29.76,29.67,10,10,10,23,16,,0.00,,,166
1961-4-25,90,81,70,70,58,30,90,57,12,29.86,29.75,29.68,10,10,10,21,14,,0.00,0,,162
1961-4-26,79,70,62,65,54,43,81,56,45,29.90,29.84,29.76,10,10,10,15,11,,0.00,0,,76
1961-4-27,93,80,66,67,57,30,93,57,11,30.01,29.93,29.87,10,9,4,13,5,,0.00,0,Fog,124
1961-4-28,87,76,66,69,65,61,97,70,46,30.12,30.05,30.00,10,8,1,17,7,,0.00,0,Fog-Rain-Thunderstorm,127
1961-4-29,81,72,64,67,65,63,93,80,54,30.14,30.05,29.94,10,10,7,21,10,,0.03,,Fog-Rain,114
1961-4-30,89,78,68,68,65,61,96,70,39,29.97,29.86,29.73,15,11,3,17,11,,0.00,0,Fog-Rain,157
1961-5-1,88,79,70,71,68,66,93,74,51,29.91,29.81,29.76,15,10,7,20,12,,0.00,0,Rain,134
1961-5-2,72,66,61,64,60,57,90,80,70,30.06,29.97,29.90,10,10,10,23,17,,0.00,,,14
1961-5-3,84,75,66,68,66,63,93,78,55,29.94,29.87,29.77,15,9,2,21,12,,0.00,,Fog-Rain,134
1961-5-4,86,79,72,70,68,66,91,72,51,29.86,29.78,29.70,10,10,10,26,17,,0.00,,,153
1961-5-5,82,78,73,73,70,69,87,78,69,29.82,29.77,29.73,10,10,8,23,17,,0.00,,,160
1961-5-6,88,80,73,75,71,68,100,76,55,29.94,29.86,29.82,10,10,5,23,15,,0.01,,Fog-Rain,155
1961-5-7,91,82,73,72,69,66,85,68,44,29.90,29.83,29.72,10,10,10,31,21,,0.00,,,164
1961-5-8,82,72,63,71,59,46,100,62,29,30.11,29.90,29.71,15,12,10,21,16,,0.60,0,Rain-Thunderstorm,304
1961-5-9,79,68,57,49,43,35,67,44,20,30.28,30.19,30.13,15,15,15,16,10,,0.00,0,,353
1961-5-10,84,68,51,52,46,42,86,48,23,30.17,30.09,29.98,15,15,10,12,6,,0.00,0,,32
1961-5-11,86,69,52,53,50,46,93,52,27,30.01,29.93,29.83,15,15,15,16,5,,0.00,0,,166
1961-5-12,87,72,57,63,57,53,89,61,36,29.88,29.83,29.75,15,14,10,20,12,,0.00,0,,168
1961-5-13,90,80,69,68,64,62,87,65,39,29.82,29.74,29.67,15,11,10,23,18,,0.00,0,,166
1961-5-14,93,83,73,70,55,29,87,51,11,29.88,29.81,29.76,15,10,10,17,10,,0.00,0,,242
1961-5-15,91,78,64,63,54,41,73,45,28,29.97,29.91,29.87,15,12,10,18,9,,0.00,0,,61
1961-5-16,88,75,62,69,64,53,87,68,49,30.02,29.96,29.89,15,12,10,21,9,,0.00,0,,140
1961-5-17,89,81,73,71,69,67,87,71,51,29.97,29.93,29.88,15,10,10,20,14,,0.00,,Rain,161
1961-5-18,91,81,71,70,67,63,93,67,39,30.06,30.01,29.97,15,12,10,15,12,,0.00,,,144
1961-5-19,89,80,70,68,64,60,90,63,39,30.13,30.06,29.99,10,10,8,16,11,,0.00,,,160
1961-5-20,91,80,70,68,66,63,90,65,41,30.08,30.01,29.91,15,12,10,16,11,,0.00,0,,171
1961-5-21,93,81,69,67,65,63,90,62,38,29.95,29.87,29.76,15,13,10,20,12,,0.00,0,,172
1961-5-22,95,85,75,69,67,64,82,60,37,29.87,29.80,29.72,15,13,10,18,14,,0.00,,Rain,168
1961-5-23,90,78,64,71,64,56,90,68,31,30.01,29.90,29.80,15,12,8,25,14,,0.00,,Rain,46
1961-5-24,84,73,62,66,62,58,90,73,49,30.02,29.96,29.88,15,10,7,16,8,,0.00,0,,22
1961-5-25,87,76,66,69,66,62,100,79,51,29.93,29.85,29.76,10,9,5,14,6,,0.42,0,Rain-Thunderstorm,155
1961-5-26,78,71,64,66,62,57,100,76,48,30.09,29.98,29.86,15,13,10,23,10,,0.00,0,Rain,343
1961-5-27,77,68,60,61,52,47,84,58,36,30.21,30.13,30.07,15,12,10,12,10,,0.00,0,,72
1961-5-28,84,70,57,60,55,50,87,59,36,30.14,30.08,30.00,15,12,10,17,8,,0.00,0,,158
1961-5-29,88,76,63,63,61,56,93,62,35,30.15,30.09,30.04,15,14,10,17,10,,0.00,0,,156
1961-5-30,89,76,64,65,60,51,93,60,27,30.17,30.10,30.03,15,12,5,18,9,,0.00,0,Fog,161
1961-5-31,93,80,66,67,64,60,90,63,34,30.11,30.05,29.96,15,12,7,21,10,,0.00,,,158
1961-6-1,93,82,72,70,67,61,91,65,33,30.06,30.00,29.91,15,13,8,20,13,,0.00,0,,161
1961-6-2,93,82,70,69,66,60,97,65,33,30.04,29.97,29.88,15,12,5,23,13,,0.00,0,Fog,157
1961-6-3,93,83,73,71,67,63,90,66,37,30.02,29.96,29.85,15,13,8,21,14,,0.00,,,155
1961-6-4,93,82,72,71,67,60,97,63,32,29.98,29.91,29.81,15,13,8,20,12,,0.00,0,,165
1961-6-5,93,84,75,72,68,63,90,64,37,29.96,29.91,29.84,15,15,10,22,14,,0.00,,Rain,163
1961-6-6,93,83,73,71,68,64,87,65,38,30.04,29.93,29.86,15,13,10,21,15,,0.00,,,161
1961-6-7,95,84,73,71,68,65,87,66,38,29.95,29.90,29.83,15,13,10,21,15,,0.00,,,163
1961-6-8,93,84,75,72,69,67,82,64,44,29.90,29.81,29.70,15,12,10,20,13,,0.00,,Rain-Thunderstorm,170
1961-6-9,89,78,66,72,67,65,100,81,46,29.88,29.79,29.70,15,12,2,21,11,,0.78,0,Rain-Thunderstorm,85
1961-6-10,90,79,68,71,68,64,96,74,43,29.83,29.80,29.75,15,11,1,13,4,,0.00,0,Fog,95
1961-6-11,84,78,73,74,71,70,91,83,61,29.86,29.84,29.79,15,10,8,13,8,,0.10,0,Rain,71
1961-6-12,91,83,75,74,72,67,94,80,45,29.90,29.86,29.81,15,11,7,17,10,,1.22,,Rain,146
1961-6-13,89,82,75,78,73,70,94,80,53,29.96,29.92,29.88,15,11,8,20,12,,0.10,0,Rain-Thunderstorm,162
1961-6-14,91,83,75,73,72,68,91,73,48,30.02,29.96,29.91,15,13,10,18,12,,0.00,,,158
1961-6-15,84,78,73,75,73,70,100,86,72,30.04,30.00,29.94,15,10,0,20,8,,0.93,,Rain,172
1961-6-16,84,76,68,74,71,67,100,91,67,30.11,30.05,30.02,10,8,3,23,9,,1.78,,Fog-Rain-Thunderstorm,37
1961-6-17,68,67,66,67,66,66,100,99,96,30.12,30.08,30.02,10,4,1,16,12,,1.73,,Fog-Rain,31
1961-6-18,70,68,66,69,67,66,100,98,93,30.05,29.95,29.85,10,6,1,18,11,,2.77,,Fog-Rain,20
1961-6-19,80,73,66,67,66,62,100,82,54,29.89,29.83,29.78,15,12,5,17,14,,0.00,0,Fog,353
1961-6-20,84,74,64,65,63,59,90,68,41,29.86,29.82,29.79,15,14,10,17,10,,0.00,0,,341
1961-6-21,87,78,68,65,60,51,90,60,30,29.91,29.87,29.83,15,14,10,13,8,,0.00,0,,347
1961-6-22,91,76,61,66,61,58,97,63,36,29.97,29.93,29.89,15,15,15,14,6,,0.00,0,,188
1961-6-23,91,80,70,68,66,61,87,63,35,30.04,29.99,29.96,15,15,10,10,5,,0.00,0,,172
1961-6-24,90,81,72,69,67,62,91,64,39,30.05,29.98,29.92,15,14,10,15,10,,0.00,0,,170
1961-6-25,89,81,73,72,70,67,93,73,48,30.01,29.97,29.90,15,13,10,14,8,,0.00,0,Rain,196
1961-6-26,86,78,70,70,66,64,93,72,48,30.04,29.99,29.94,15,13,10,16,9,,0.00,,,39
1961-6-27,91,81,71,72,68,65,93,69,42,30.01,29.96,29.88,15,13,1,13,8,,0.00,0,Fog,129
1961-6-28,91,82,73,73,70,66,96,69,42,30.00,29.96,29.90,15,13,10,14,9,,0.00,0,,163
1961-6-29,91,82,73,73,70,66,93,73,42,30.08,30.04,30.01,15,13,10,23,9,,0.00,0,Rain-Thunderstorm,149
1961-6-30,90,80,70,71,69,67,97,72,46,30.14,30.08,30.02,15,13,10,16,6,,0.00,0,,125
1961-7-1,91,82,73,73,70,67,96,70,47,30.10,30.04,29.94,15,14,10,14,6,,0.00,0,,169
1961-7-2,93,82,72,72,68,63,93,66,36,30.05,30.00,29.94,15,13,10,14,8,,0.00,0,Rain,200
1961-7-3,91,83,73,73,71,67,88,76,47,30.07,30.04,30.01,15,12,10,23,8,,0.00,,Rain,223
1961-7-4,93,82,71,71,68,63,96,70,38,30.11,30.06,30.01,15,13,10,13,4,,0.00,0,,169
1961-7-5,93,83,73,73,70,66,94,73,40,30.11,30.06,30.01,15,12,10,18,5,,0.00,0,,183
1961-7-6,93,82,72,72,70,65,96,71,42,30.12,30.06,30.00,15,13,7,14,6,,0.00,0,,187
1961-7-7,93,83,73,72,68,63,93,64,36,30.09,30.04,29.97,15,14,10,16,6,,0.00,0,,197
1961-7-8,93,83,73,72,69,65,87,64,39,30.06,30.00,29.95,15,15,10,12,7,,0.00,,,214
1961-7-9,84,78,72,76,71,70,97,79,61,30.07,30.00,29.95,15,12,1,16,6,,0.00,,Rain-Thunderstorm,197
1961-7-10,80,75,70,72,70,70,100,88,71,30.03,29.98,29.92,10,7,1,18,9,,0.01,,Fog-Rain,43
1961-7-11,84,76,69,71,69,67,100,81,57,29.97,29.90,29.83,10,10,8,8,5,,0.00,0,,68
1961-7-12,91,80,70,76,72,69,97,78,53,30.01,29.92,29.87,15,10,4,21,6,,0.00,0,Fog-Rain-Thunderstorm,176
1961-7-13,88,79,70,75,72,69,97,79,59,30.07,30.02,29.92,15,12,8,20,12,,0.05,,Rain-Thunderstorm,194
1961-7-14,91,83,75,75,73,71,97,75,52,30.05,30.00,29.91,15,12,6,17,9,,0.00,,Fog,175
1961-7-15,90,82,75,75,73,70,91,75,52,30.03,29.95,29.89,15,11,10,16,12,,0.00,0,,176
1961-7-16,91,83,75,75,73,71,94,74,53,30.06,29.96,29.89,15,12,10,14,10,,0.00,,,170
1961-7-17,90,79,68,75,71,68,100,79,55,30.07,30.02,29.97,15,14,6,16,9,,2.12,0,Rain-Thunderstorm,160
1961-7-18,91,82,73,74,72,68,93,72,45,30.06,30.01,29.94,15,14,10,10,7,,0.00,0,,185
1961-7-19,93,84,75,74,72,67,94,71,42,30.04,29.98,29.90,15,14,10,12,6,,0.00,0,,180
1961-7-20,93,83,73,74,71,68,97,70,45,29.95,29.89,29.81,15,14,8,14,8,,0.00,0,,173
1961-7-21,91,83,75,73,72,68,94,72,47,29.93,29.87,29.80,15,11,10,20,10,,0.00,0,,167
1961-7-22,84,78,73,75,73,71,100,85,65,30.00,29.95,29.90,10,9,4,16,8,,0.25,0,Fog-Rain-Thunderstorm,176
1961-7-23,88,80,72,74,71,68,96,80,58,30.01,29.97,29.92,15,10,7,12,4,,0.08,,Rain,192
1961-7-24,87,81,75,75,73,69,97,80,55,30.03,29.97,29.94,10,9,6,13,6,,0.00,,Fog,169
1961-7-25,91,82,73,73,71,65,97,73,46,30.09,30.04,30.00,15,11,7,15,6,,0.00,0,,145
1961-7-26,91,82,72,73,71,67,100,74,44,30.19,30.13,30.08,15,12,7,23,5,,0.04,0,Rain-Thunderstorm,154
1961-7-27,91,82,72,72,69,66,93,72,45,30.17,30.12,30.06,15,14,10,10,3,,0.00,0,,128
1961-7-28,90,80,71,72,69,64,97,73,42,30.10,30.06,30.01,15,13,7,18,6,,0.00,0,,182
1961-7-29,91,82,72,71,68,64,91,68,41,30.10,30.05,29.98,15,12,8,17,6,,0.00,0,,181
1961-7-30,91,82,72,73,69,63,93,69,38,30.11,30.06,30.01,15,14,10,16,7,,0.00,0,,167
1961-7-31,91,83,75,74,71,67,94,71,45,30.14,30.08,30.02,15,11,10,16,8,,0.00,0,,180
1961-8-1,93,83,73,74,70,65,97,67,39,30.14,30.09,30.04,15,12,7,17,8,,0.00,,,171
1961-8-2,93,83,73,74,69,62,94,66,35,30.16,30.11,30.04,15,12,8,10,4,,0.00,0,,169
1961-8-3,97,86,75,73,68,62,90,59,32,30.15,30.10,30.01,15,13,10,12,5,,0.00,0,,206
1961-8-4,99,87,75,69,67,64,76,62,34,30.07,30.02,29.96,15,13,10,21,6,,0.00,0,Rain-Thunderstorm,242
1961-8-5,91,82,73,72,70,67,93,69,48,30.03,29.98,29.94,15,13,10,12,6,,0.03,,Rain-Thunderstorm,98
1961-8-6,95,84,73,73,69,64,87,64,36,30.02,29.95,29.88,15,14,10,8,3,,0.00,0,,104
1961-8-7,95,84,73,72,69,64,91,63,36,30.02,29.96,29.91,15,12,10,12,7,,0.00,0,,168
1961-8-8,93,83,73,73,70,66,96,71,41,30.05,30.00,29.94,15,11,1,12,6,,0.00,0,Fog,170
1961-8-9,93,82,71,72,69,65,96,70,39,30.07,30.02,29.98,15,13,8,14,6,,0.00,0,,168
1961-8-10,93,83,73,73,70,66,94,71,42,30.12,30.08,30.04,15,13,8,20,7,,0.00,0,,172
1961-8-11,91,82,73,74,72,68,96,74,45,30.19,30.14,30.09,15,12,8,17,7,,0.08,,Rain-Thunderstorm,168
1961-8-12,93,82,71,73,69,64,96,68,38,30.20,30.14,30.04,15,13,8,8,3,,0.00,0,,166
1961-8-13,93,83,73,72,69,64,93,64,38,30.11,30.03,29.94,15,12,10,8,4,,0.00,0,,161
1961-8-14,91,82,73,72,71,68,91,70,45,30.06,30.02,29.95,15,11,8,12,4,,0.00,0,,163
1961-8-15,91,82,73,74,70,66,93,69,42,30.10,30.05,29.98,15,13,8,12,3,,0.00,0,,112
1961-8-16,93,83,73,73,70,65,91,69,39,30.08,30.03,29.96,15,13,10,15,4,,0.00,0,,118
1961-8-17,90,82,73,72,71,69,91,71,53,30.07,30.03,29.97,15,11,8,12,5,,0.00,,,76
1961-8-18,89,81,73,72,70,68,93,72,50,30.08,30.05,30.02,15,11,8,16,8,,0.00,,,52
1961-8-19,91,82,72,72,69,65,97,70,42,30.14,30.09,30.05,15,12,8,14,7,,0.00,0,,59
1961-8-20,91,82,72,68,64,60,87,58,36,30.17,30.10,30.02,10,10,10,16,9,,0.00,0,,26
1961-8-21,91,81,71,63,60,55,68,50,29,30.08,30.02,29.94,10,10,10,9,6,,0.00,0,,44
1961-8-22,98,86,73,70,60,53,74,48,24,29.97,29.92,29.82,15,11,8,16,7,,0.04,0,Rain-Thunderstorm,205
1961-8-23,86,75,64,64,57,52,78,54,32,30.05,29.99,29.92,15,15,10,17,10,,0.00,0,,7
1961-8-24,87,76,64,63,60,57,81,59,38,30.08,30.01,29.93,15,14,10,10,5,,0.00,0,,2
1961-8-25,87,76,64,63,59,55,81,58,35,30.04,29.98,29.89,15,14,10,9,3,,0.00,0,,46
1961-8-26,90,78,66,62,59,56,73,55,31,29.98,29.93,29.87,15,10,8,12,5,,0.00,0,,61
1961-8-27,91,80,69,68,63,56,87,60,31,29.98,29.93,29.88,15,11,7,12,5,,0.00,0,,83
1961-8-28,89,78,66,66,64,61,90,65,39,30.03,29.98,29.92,15,13,10,13,4,,0.00,0,,106
1961-8-29,82,76,70,70,67,64,91,78,60,30.04,30.00,29.94,15,12,10,15,5,,0.08,0,Rain-Thunderstorm,64
1961-8-30,89,79,69,71,68,65,100,74,46,30.01,29.95,29.88,15,13,10,10,6,,0.00,0,,85
1961-8-31,91,82,72,72,69,65,97,68,42,29.94,29.87,29.79,15,13,5,9,5,,0.00,0,Fog,137
1961-9-1,97,85,73,74,70,66,97,66,36,29.88,29.83,29.75,15,13,10,16,9,,0.00,0,,178
1961-9-2,96,88,79,75,71,64,85,65,35,29.88,29.84,29.77,15,14,10,20,14,,0.00,0,,174
1961-9-3,96,88,79,75,70,64,88,64,37,29.94,29.90,29.86,15,12,10,21,13,,0.00,0,Rain,174
1961-9-4,91,83,75,75,72,68,94,75,48,30.05,30.00,29.95,15,12,8,13,7,,0.00,0,Rain,157
1961-9-5,91,80,70,70,66,63,81,64,45,30.10,30.03,29.94,15,13,10,12,7,,0.00,0,,31
1961-9-6,95,84,73,72,68,63,87,62,34,30.00,29.94,29.85,15,15,10,10,4,,0.00,0,,74
1961-9-7,95,84,73,71,68,63,82,59,37,29.93,29.89,29.82,15,14,10,16,5,,0.00,0,,51
1961-9-8,91,82,72,72,67,58,91,64,37,29.98,29.92,29.88,15,12,7,13,6,,0.00,0,,68
1961-9-9,93,83,73,71,65,59,74,56,38,29.93,29.88,29.81,15,15,10,17,10,,0.00,0,,39
1961-9-10,90,84,77,71,69,67,76,64,48,29.83,29.73,29.61,15,13,10,30,16,,0.00,,,28
1961-9-11,81,76,72,73,71,68,100,90,65,29.64,29.44,29.16,15,7,2,48,26,,1.52,,Fog-Rain,20
1961-9-12,77,74,72,75,73,72,100,95,84,29.57,29.17,28.76,10,7,2,40,26,,1.95,,Rain,252
1961-9-13,84,76,69,73,66,58,91,70,43,29.90,29.75,29.59,15,13,10,18,10,,0.00,0,,325
1961-9-14,73,66,60,61,55,50,81,66,43,30.11,30.02,29.91,15,15,15,17,12,,0.00,0,,18
1961-9-15,75,66,57,57,53,50,78,63,48,30.27,30.20,30.11,15,15,15,17,14,,0.00,,,23
1961-9-16,75,66,57,57,54,50,90,67,44,30.31,30.24,30.19,15,15,15,13,8,,0.00,0,,36
1961-9-17,79,68,57,55,51,46,83,60,31,30.28,30.21,30.14,15,14,10,9,7,,0.00,0,,57
1961-9-18,81,68,55,57,53,48,87,61,32,30.15,30.07,29.97,15,14,10,10,5,,0.00,0,,100
1961-9-19,82,70,59,60,56,51,90,63,35,30.00,29.95,29.88,15,13,10,14,5,,0.00,0,,146
1961-9-20,89,78,68,70,66,63,96,71,43,29.91,29.83,29.75,15,12,7,20,9,,0.00,0,,175
1961-9-21,89,80,72,71,69,67,93,73,50,29.92,29.87,29.83,15,13,10,18,12,,0.00,0,,174
1961-9-22,91,82,73,73,71,67,97,73,45,29.99,29.95,29.90,15,13,10,18,12,,0.00,0,,171
1961-9-23,90,82,75,73,71,67,94,75,46,30.04,29.99,29.93,15,13,10,16,10,,0.00,0,Rain-Thunderstorm,174
1961-9-24,90,82,73,73,70,66,96,74,45,30.05,30.01,29.95,15,12,3,14,8,,0.00,0,Fog,170
1961-9-25,81,74,66,73,63,55,94,71,52,30.20,30.10,30.03,15,12,8,16,8,,0.00,0,,5
1961-9-26,90,78,66,67,62,58,78,62,42,30.11,30.05,29.97,15,12,10,12,6,,0.00,0,,101
1961-9-27,88,79,70,70,66,62,97,69,42,30.14,30.08,30.02,15,11,0,14,5,,0.00,0,Fog,172
1961-9-28,86,78,70,69,65,60,93,68,41,30.23,30.14,30.06,15,11,6,9,4,,0.00,0,Fog,69
1961-9-29,88,78,68,68,65,62,93,68,42,30.07,30.00,29.91,10,10,5,13,5,,0.00,0,Fog,191
1961-9-30,88,80,71,70,68,64,93,72,45,29.99,29.94,29.90,10,9,3,17,9,,0.00,0,Fog-Rain-Thunderstorm,180
1961-10-1,88,80,71,72,69,66,93,75,48,30.11,30.03,29.97,10,9,6,13,8,,0.03,,Rain-Thunderstorm,114
1961-10-2,75,66,55,71,59,50,97,83,72,30.29,30.15,29.99,15,12,3,24,12,,0.31,0,Rain,354
1961-10-3,69,58,48,49,45,39,93,65,35,30.35,30.28,30.20,15,15,15,14,10,,0.00,0,,7
1961-10-4,72,61,50,51,46,40,89,60,32,30.25,30.19,30.14,15,15,15,9,4,,0.00,0,,21
1961-10-5,75,62,50,50,45,40,83,55,29,30.24,30.17,30.11,15,15,15,8,3,,0.00,0,,149
1961-10-6,81,67,53,57,52,48,86,62,34,30.18,30.11,30.03,15,13,8,10,3,,0.00,0,,173
1961-10-7,84,72,59,62,57,52,96,67,32,30.05,29.98,29.88,15,11,2,15,6,,0.00,0,Fog,176
1961-10-8,88,76,64,72,67,63,97,77,45,29.97,29.92,29.86,15,11,3,14,7,,0.00,0,Fog,162
1961-10-9,84,78,73,73,72,69,97,81,59,30.01,29.95,29.89,15,12,8,18,10,,0.00,,Rain,148
1961-10-10,80,76,72,74,72,69,100,89,79,30.02,29.97,29.92,10,9,3,16,11,,0.35,,Fog-Rain-Thunderstorm,180
1961-10-11,86,78,71,71,70,68,97,81,55,30.11,30.05,30.02,15,11,5,10,4,,0.00,0,Fog,180
1961-10-12,84,76,69,70,67,62,100,79,48,30.14,30.09,30.02,15,9,0,10,5,,0.00,0,Fog,145
1961-10-13,84,74,64,65,62,59,93,68,44,30.14,30.08,30.03,15,11,10,12,5,,0.00,0,,10
1961-10-14,75,69,63,65,50,38,78,52,25,30.38,30.27,30.15,15,14,10,21,14,,0.10,0,,8
1961-10-15,73,64,55,45,42,37,64,49,27,30.45,30.38,30.30,15,15,15,14,10,,0.00,0,,13
1961-10-16,73,62,50,49,39,31,89,49,21,30.32,30.22,30.10,15,15,15,8,4,,0.00,0,,344
1961-10-17,80,63,46,44,40,34,80,46,19,30.10,30.03,29.95,15,14,10,13,4,,0.00,0,,213
1961-10-18,82,66,51,57,52,48,100,64,33,30.02,29.96,29.91,15,14,10,16,5,,0.00,0,,189
1961-10-19,75,67,59,60,49,37,93,59,28,30.16,30.08,29.99,15,14,8,18,7,,0.00,0,,348
1961-10-20,79,65,51,44,38,29,63,42,17,30.22,30.13,30.05,15,15,15,9,7,,0.00,0,,55
1961-10-21,82,66,51,55,48,43,77,55,30,30.16,30.09,30.03,15,14,8,14,4,,0.00,0,,154
1961-10-22,82,68,55,58,54,52,93,64,38,30.06,29.99,29.90,15,13,7,16,6,,0.00,0,,175
1961-10-23,81,70,60,64,61,58,93,75,50,29.96,29.90,29.83,15,11,6,14,6,,0.00,0,Fog,182
1961-10-24,82,74,66,66,63,59,93,72,44,29.94,29.88,29.84,15,12,8,16,8,,0.00,0,,173
1961-10-25,75,70,64,69,64,60,96,87,74,30.28,30.11,29.94,15,9,0,16,5,,0.04,,Fog-Rain-Thunderstorm,56
1961-10-26,66,60,54,65,49,44,93,75,60,30.43,30.34,30.28,10,10,8,17,10,,0.00,,Rain,33
1961-10-27,75,64,52,65,54,44,90,72,60,30.32,30.15,29.98,10,10,8,14,5,,0.00,,,142
1961-10-28,80,74,69,67,66,63,90,78,56,29.98,29.83,29.72,15,11,8,22,14,,0.00,,Rain,172
1961-10-29,82,76,71,70,68,65,93,79,54,29.91,29.82,29.77,15,12,10,21,13,,0.00,,Rain,166
1961-10-30,82,76,69,70,68,66,97,80,60,30.04,29.99,29.93,15,12,8,13,9,,0.00,0,Rain,155
1961-10-31,80,75,70,71,68,66,97,85,67,30.05,29.99,29.93,15,12,7,10,5,,0.01,,Rain,134
1961-11-1,84,77,70,73,69,67,100,83,58,29.92,29.73,29.51,15,11,2,20,9,,0.01,0,Fog-Rain,171
1961-11-2,75,65,55,69,54,42,93,69,43,29.81,29.57,29.42,15,12,0,30,12,,0.43,0,Rain,229
1961-11-3,57,50,43,47,35,26,77,57,30,30.19,30.09,29.81,15,15,15,22,12,,0.00,0,,357
1961-11-4,70,54,39,45,39,33,80,59,36,30.16,30.08,29.99,15,14,10,9,4,,0.00,0,,90
1961-11-5,59,54,48,52,43,27,89,65,41,30.38,30.23,30.08,15,10,6,24,13,,0.02,,Fog-Rain,21
1961-11-6,55,48,42,33,29,26,68,48,35,30.45,30.38,30.33,15,13,10,24,20,,0.00,0,Rain,2
1961-11-7,64,53,42,34,28,23,60,42,23,30.44,30.36,30.30,15,15,15,17,13,,0.00,0,,360
1961-11-8,63,56,48,36,31,24,61,42,23,30.45,30.37,30.32,15,15,15,17,11,,0.00,0,,7
1961-11-9,66,54,42,39,30,23,70,42,20,30.32,30.20,30.08,15,15,15,13,7,,0.00,0,,125
1961-11-10,64,56,48,60,50,39,97,77,61,30.07,30.00,29.93,15,11,6,9,3,,0.00,0,Fog,162
1961-11-11,78,70,61,62,60,59,100,81,54,29.93,29.84,29.75,10,6,0,15,6,,0.00,0,Fog,184
1961-11-12,79,71,63,67,65,60,100,86,62,29.87,29.82,29.78,10,7,0,12,4,,0.00,,Fog-Rain,170
1961-11-13,69,60,50,68,53,42,100,83,71,30.14,29.98,29.81,10,9,5,22,12,,1.84,,Rain,359
1961-11-14,53,49,45,51,47,41,97,89,74,30.15,30.07,29.96,15,8,3,21,15,,0.09,,Fog-Rain,359
1961-11-15,66,56,46,51,42,30,97,68,25,30.05,29.94,29.89,15,11,3,21,11,,0.12,0,Fog-Rain,285
1961-11-16,60,53,46,41,37,31,74,59,41,30.32,30.24,30.07,15,14,10,18,9,,0.00,0,,332
1961-11-17,53,47,41,44,38,35,86,72,59,30.36,30.26,30.12,15,13,10,12,8,,0.00,,,15
1961-11-18,63,54,45,49,44,42,93,77,52,30.12,30.04,29.98,10,10,10,9,4,,0.00,,,357
1961-11-19,61,52,43,47,43,40,93,75,50,30.08,30.04,29.99,10,9,8,12,6,,0.00,,,19
1961-11-20,61,54,46,52,48,44,93,81,64,30.27,30.18,30.06,10,8,6,9,6,,0.00,0,Fog,57
1961-11-21,70,62,55,67,59,50,97,89,80,30.18,29.99,29.77,10,8,1,16,7,,0.01,,Fog-Rain,151
1961-11-22,70,60,48,67,56,41,96,83,67,29.90,29.71,29.55,15,11,6,23,14,,0.12,0,Rain-Thunderstorm,266
1961-11-23,73,56,39,45,41,37,97,63,29,30.10,30.00,29.90,15,15,15,10,5,,0.00,0,,250
1961-11-24,71,55,39,48,42,38,93,62,31,30.24,30.17,30.10,15,14,10,12,3,,0.00,0,,174
1961-11-25,72,58,45,57,52,44,100,83,59,30.28,30.21,30.18,15,8,0,14,4,,0.00,0,Fog,189
1961-11-26,73,63,53,60,57,53,100,83,61,30.23,30.17,30.12,10,9,0,17,6,,0.00,0,Fog,209
1961-11-27,66,57,46,57,51,42,100,86,70,30.31,30.22,30.12,15,7,0,17,7,,0.00,0,Fog,343
1961-11-28,48,46,45,43,42,40,90,84,77,30.31,30.26,30.22,10,8,4,14,12,,0.00,,Fog,6
1961-11-29,50,48,46,43,41,38,89,78,63,30.39,30.32,30.26,15,10,8,13,9,,0.00,,,14
1961-11-30,61,54,46,47,41,33,86,67,36,30.33,30.24,30.15,15,10,10,12,3,,0.00,,,172
1961-12-1,72,63,54,60,55,47,93,81,66,30.18,30.13,30.09,10,9,6,13,7,,0.00,,Fog,186
1961-12-2,73,66,60,62,60,57,100,84,62,30.21,30.14,30.10,10,7,0,10,5,,0.00,,Fog,167
1961-12-3,75,67,59,65,61,57,100,83,60,30.13,30.05,29.97,15,10,1,15,5,,0.00,,Fog-Rain,171
1961-12-4,78,71,64,65,63,60,93,79,54,30.04,29.99,29.94,10,10,6,18,10,,0.00,,Fog,184
1961-12-5,68,60,52,65,55,50,96,88,78,30.13,30.06,30.00,15,10,8,16,9,,0.01,,Rain,14
1961-12-6,63,58,53,52,50,47,93,82,64,30.20,30.07,29.99,15,11,10,16,8,,0.00,,,22
1961-12-7,57,54,50,51,48,43,97,85,72,30.29,30.21,30.15,10,8,2,15,12,,0.02,,Fog-Rain,28
1961-12-8,57,52,48,57,49,43,100,88,74,30.17,29.95,29.77,10,6,0,12,8,,0.02,,Fog-Rain,80
1961-12-9,78,68,57,65,58,51,100,80,42,29.89,29.79,29.69,15,11,0,17,6,,0.07,,Fog-Rain-Thunderstorm,23
1961-12-10,59,50,42,57,49,40,97,93,87,30.08,30.00,29.88,15,6,2,16,9,,0.06,,Fog,10
1961-12-11,48,44,39,47,42,37,100,95,89,30.06,29.94,29.82,10,7,1,20,10,,0.07,,Fog-Rain,15
1961-12-12,39,34,28,34,24,18,96,69,47,30.34,30.18,30.01,15,14,4,23,18,,0.00,0,Fog-Rain,8
1961-12-13,37,30,24,24,21,17,81,65,53,30.35,30.29,30.21,15,15,15,18,12,,0.00,0,,20
1961-12-14,43,40,37,41,35,24,93,82,57,30.32,30.19,30.15,15,7,2,12,7,,0.00,,Fog-Rain,16
1961-12-15,45,44,42,43,42,40,96,95,90,30.29,30.22,30.15,10,7,2,14,9,,0.06,,Fog-Rain,14
1961-12-16,64,54,44,55,49,43,100,92,65,30.13,29.96,29.85,10,7,0,9,5,,0.07,,Fog-Rain,333
1961-12-17,66,58,51,53,48,41,100,76,48,29.84,29.77,29.72,15,11,0,13,5,,0.52,0,Fog-Rain-Thunderstorm,299
1961-12-18,73,56,39,41,37,34,85,51,26,29.92,29.77,29.69,15,15,15,18,8,,0.00,0,,265
1961-12-19,57,49,39,34,31,25,79,54,35,30.31,30.18,29.93,15,15,15,16,10,,0.00,0,,11
1961-12-20,59,47,35,32,27,19,85,54,22,30.38,30.29,30.22,15,14,10,12,6,,0.00,0,,101
1961-12-21,68,52,37,51,41,28,90,65,50,30.25,30.13,30.03,15,12,7,18,6,,0.00,0,,197
1961-12-22,63,54,45,57,42,25,100,65,30,30.28,30.09,29.95,15,12,5,23,10,,0.00,0,Fog,336
1961-12-23,60,48,37,27,23,17,62,39,20,30.36,30.29,30.25,15,15,15,17,10,,0.00,0,,318
1961-12-24,61,48,35,28,22,18,57,40,20,30.45,30.35,30.28,15,15,15,13,8,,0.00,0,,335
1961-12-25,61,47,33,43,31,25,85,57,26,30.30,30.21,30.10,15,14,8,17,5,,0.00,0,,183
1961-12-26,73,60,46,55,49,43,93,70,45,30.09,29.92,29.80,15,15,10,18,9,,0.00,0,,196
1961-12-27,54,46,37,35,25,17,70,47,23,30.26,30.10,29.91,15,15,10,25,16,,0.00,0,,352
1961-12-28,52,43,34,23,17,8,64,40,19,30.35,30.28,30.22,15,15,15,14,7,,0.00,0,,343
1961-12-29,61,44,28,42,26,14,76,49,19,30.24,30.15,30.03,15,14,8,17,5,,0.00,0,,197
1961-12-30,66,54,42,50,44,34,96,74,50,30.15,30.05,29.94,15,12,0,17,7,,0.00,0,Fog,223
1961-12-31,61,54,46,47,36,30,93,55,32,30.42,30.24,30.03,15,14,8,25,12,,0.00,0,,328
