
CST,Max TemperatureF,Mean TemperatureF,Min TemperatureF,Max Dew PointF,MeanDew PointF,Min DewpointF,Max Humidity, Mean Humidity, Min Humidity, Max Sea Level PressureIn, Mean Sea Level PressureIn, Min Sea Level PressureIn, Max VisibilityMiles, Mean VisibilityMiles, Min VisibilityMiles, Max Wind SpeedMPH, Mean Wind SpeedMPH, Max Gust SpeedMPH,PrecipitationIn, CloudCover, Events, WindDirDegrees
2002-1-1,41,37,33,31,26,22,92,67,50,30.42,30.34,30.29,10,10,10,12,8,17,0.00,6,,360
2002-1-2,45,38,30,31,24,15,96,64,38,30.51,30.44,30.40,10,10,10,15,6,23,0.00,4,,338
2002-1-3,45,36,27,26,23,18,89,66,44,30.52,30.44,30.38,10,10,10,7,2,,0.00,1,,130
2002-1-4,51,40,28,48,37,24,100,81,57,30.38,30.22,30.05,10,9,4,10,4,18,0.02,5,Rain,132
2002-1-5,53,49,44,52,47,41,100,94,74,30.19,30.02,29.91,10,6,1,18,4,28,1.44,7,Rain-Thunderstorm,318
2002-1-6,62,50,39,40,35,30,89,61,32,30.36,30.25,30.19,10,10,10,10,7,,0.00,0,,304
2002-1-7,59,48,36,34,32,28,86,59,36,30.45,30.36,30.30,10,10,10,8,3,,0.00,0,,297
2002-1-8,68,52,35,49,41,32,96,69,47,30.31,30.21,30.12,10,10,10,14,3,21,0.00,0,,204
2002-1-9,73,62,51,59,54,50,100,79,51,30.12,30.02,29.93,10,10,10,15,6,24,0.00,0,,181
2002-1-10,69,62,53,63,56,43,100,82,58,30.15,29.98,29.92,10,10,8,12,7,17,0.00,5,,250
2002-1-11,60,54,46,41,36,33,64,53,44,30.27,30.21,30.14,10,10,10,13,9,20,0.00,4,,346
2002-1-12,64,52,39,38,34,31,89,57,29,30.24,30.19,30.13,10,10,10,13,5,17,0.00,0,,321
2002-1-13,69,50,32,40,36,32,100,59,31,30.10,29.94,29.80,10,10,10,15,4,24,0.00,0,,191
2002-1-14,64,54,45,40,33,28,80,47,27,30.15,30.06,29.90,10,10,10,13,5,21,0.00,0,,358
2002-1-15,66,59,50,47,37,30,89,46,27,30.27,30.17,30.12,10,10,10,14,9,23,0.00,0,,152
2002-1-16,71,58,46,63,56,46,100,90,69,30.13,30.07,30.01,10,10,10,14,3,20,0.00,5,,180
2002-1-17,62,56,50,63,51,41,100,86,66,30.16,30.07,30.01,10,6,1,10,2,16,0.01,7,Rain,4
2002-1-18,51,48,44,50,42,33,100,79,58,30.17,30.05,29.91,10,7,4,8,5,,0.00,8,,32
2002-1-19,57,50,37,52,41,24,100,75,29,30.18,30.04,29.89,10,6,2,15,5,22,0.00,3,,341
2002-1-20,61,48,35,49,40,28,93,74,62,30.15,30.00,29.87,10,10,10,13,4,18,0.00,1,,174
2002-1-21,71,57,44,48,41,31,100,69,25,30.19,30.10,30.02,10,10,10,9,6,,0.00,0,,302
2002-1-22,69,62,55,66,60,55,100,98,94,30.02,29.96,29.87,6,3,1,6,2,,0.01,6,Rain,149
2002-1-23,78,73,68,68,66,64,93,82,64,29.90,29.83,29.75,10,10,7,13,8,22,0.00,7,,162
2002-1-24,71,57,43,68,50,34,94,84,56,30.21,29.95,29.75,10,9,4,15,9,26,0.00,7,Rain,355
2002-1-25,61,50,37,30,21,15,76,34,18,30.35,30.30,30.26,10,10,10,9,5,,0.00,0,,15
2002-1-26,61,48,35,34,29,25,86,51,28,30.32,30.24,30.17,10,10,10,7,2,,0.00,0,,128
2002-1-27,73,57,41,46,39,32,82,55,34,30.18,30.10,30.01,10,10,10,9,3,,0.00,0,,182
2002-1-28,75,64,53,66,60,50,100,87,64,30.07,30.00,29.91,10,7,1,15,5,22,0.00,8,,177
2002-1-29,80,74,68,65,63,59,88,77,52,29.95,29.89,29.81,10,10,10,17,11,24,0.00,7,,162
2002-1-30,75,72,68,67,65,62,93,82,68,29.90,29.81,29.73,10,10,9,17,9,26,0.00,8,,146
2002-1-31,72,58,43,66,47,29,94,71,34,30.37,30.00,29.77,10,9,2,18,9,24,0.19,6,Rain,325
2002-2-1,50,44,37,28,21,14,58,44,26,30.56,30.48,30.38,10,10,10,12,7,,0.00,1,,349
2002-2-2,53,43,33,31,27,24,78,51,34,30.48,30.40,30.31,10,10,10,8,4,,0.00,2,,69
2002-2-3,55,49,43,37,34,32,80,58,44,30.36,30.29,30.24,10,10,10,8,1,,0.00,0,,313
2002-2-4,52,49,46,43,41,39,86,73,61,30.44,30.36,30.32,10,10,8,8,6,,0.01,4,Rain,9
2002-2-5,46,44,39,43,41,39,100,95,86,30.30,30.22,30.14,10,5,2,9,6,16,0.65,8,Rain,26
2002-2-6,51,44,36,39,36,34,100,83,52,30.25,30.19,30.14,10,10,10,13,6,20,0.00,6,,325
2002-2-7,62,46,30,40,35,30,96,72,37,30.36,30.29,30.25,10,10,7,7,1,,0.00,0,,340
2002-2-8,64,49,34,44,39,32,97,71,45,30.34,30.20,30.06,10,8,4,10,3,16,0.00,0,,164
2002-2-9,70,58,46,27,26,24,38,34,31,30.25,30.05,29.97,10,10,7,14,8,20,0.00,1,,270
2002-2-10,53,47,39,29,27,25,53,45,34,30.59,30.47,30.29,10,10,10,17,11,30,0.00,1,,335
2002-2-11,57,45,33,29,22,20,73,41,25,30.58,30.46,30.30,10,10,10,9,5,,0.00,0,,310
2002-2-12,66,50,34,32,28,25,79,47,23,30.26,30.18,30.10,10,10,10,12,3,18,0.00,0,,166
2002-2-13,64,52,39,37,32,31,76,52,33,30.34,30.28,30.18,10,10,10,12,3,16,0.00,0,,358
2002-2-14,66,52,37,42,34,29,76,54,33,30.33,30.22,30.11,10,10,10,12,6,20,0.00,0,,160
2002-2-15,66,56,46,50,41,31,93,62,34,30.33,30.17,30.04,10,9,4,14,6,22,0.00,0,,327
2002-2-16,64,52,39,33,27,20,67,44,20,30.40,30.32,30.25,10,10,10,7,4,,0.00,0,,355
2002-2-17,66,52,37,39,30,23,76,45,20,30.28,30.18,30.09,10,10,10,8,4,,0.00,0,,145
2002-2-18,72,61,50,61,52,42,82,73,55,30.07,29.94,29.81,10,10,10,16,6,24,0.00,7,,145
2002-2-19,78,64,48,65,51,21,94,65,14,29.94,29.80,29.73,10,9,5,15,9,23,0.00,5,,215
2002-2-20,77,66,54,39,33,26,53,35,17,30.12,30.01,29.91,10,10,10,15,7,22,0.00,0,,291
2002-2-21,75,66,55,41,34,29,47,35,19,30.29,30.15,30.02,10,10,10,20,10,31,0.00,3,Thunderstorm,349
2002-2-22,64,54,42,34,28,20,62,39,18,30.38,30.29,30.21,10,10,10,13,8,20,0.00,0,,329
2002-2-23,73,55,37,35,31,29,79,43,21,30.20,30.11,30.01,10,10,10,10,3,16,0.00,0,,170
2002-2-24,77,60,44,56,45,35,85,59,31,30.06,29.97,29.86,10,10,10,16,7,23,0.00,1,,165
2002-2-25,70,59,44,57,47,27,88,63,30,30.31,30.04,29.91,10,10,10,15,8,26,0.00,3,,228
2002-2-26,44,37,30,25,9,2,54,36,17,30.63,30.51,30.32,10,10,10,18,14,30,0.00,2,,344
2002-2-27,50,38,25,12,7,1,55,30,15,30.53,30.37,30.22,10,10,10,10,4,16,0.00,0,,106
2002-2-28,55,42,30,45,31,13,96,62,34,30.29,30.15,30.00,10,8,2,12,4,17,0.00,4,,131
2002-3-1,57,52,46,58,51,44,100,98,93,29.99,29.83,29.71,4,1,0,12,3,18,0.07,8,Fog-Rain,116
2002-3-2,57,42,28,56,34,13,100,79,46,30.37,29.97,29.66,10,8,0,23,11,37,0.03,5,Fog-Rain,340
2002-3-3,44,34,24,13,6,2,56,35,18,30.61,30.51,30.38,10,10,10,14,10,24,0.00,1,,355
2002-3-4,59,42,24,19,11,6,78,34,13,30.60,30.51,30.41,10,10,10,10,3,18,0.00,0,,207
2002-3-5,64,48,32,48,32,13,88,54,28,30.43,30.34,30.24,10,10,8,15,6,23,0.00,3,Rain,175
2002-3-6,73,62,50,57,50,46,88,71,48,30.23,30.12,30.00,10,10,9,18,8,28,0.00,6,,176
2002-3-7,73,66,60,61,58,54,94,77,52,30.08,30.01,29.91,10,10,8,17,9,25,0.00,6,,162
2002-3-8,73,68,62,66,63,57,94,86,73,29.97,29.87,29.78,10,10,4,14,10,24,0.00,8,Rain,163
2002-3-9,69,58,46,66,47,18,90,66,24,30.61,30.35,29.94,10,10,8,21,10,32,0.01,2,,3
2002-3-10,55,47,39,38,25,15,62,40,21,30.63,30.48,30.26,10,10,6,9,7,17,0.03,3,Rain-Thunderstorm,46
2002-3-11,62,54,46,55,47,34,94,78,50,30.23,29.98,29.83,10,8,2,13,6,20,0.01,6,Rain,183
2002-3-12,77,64,51,38,32,27,49,32,17,30.09,29.99,29.92,10,10,10,9,7,,0.00,0,,327
2002-3-13,84,66,48,56,42,38,80,48,22,29.97,29.86,29.74,10,10,10,16,5,24,0.00,0,,162
2002-3-14,84,72,60,66,62,57,94,78,49,29.78,29.68,29.57,10,9,6,16,10,25,0.00,5,,160
2002-3-15,78,66,55,66,55,38,87,64,40,29.95,29.78,29.64,10,8,6,14,9,23,0.00,6,,29
2002-3-16,63,58,52,47,41,35,60,55,47,30.04,29.95,29.88,10,10,10,10,7,17,0.00,8,,16
2002-3-17,66,63,60,63,59,48,100,87,60,29.98,29.93,29.88,10,4,1,7,1,,0.02,8,Rain,38
2002-3-18,78,70,62,68,66,64,88,78,62,29.94,29.89,29.79,10,4,0,14,6,25,0.03,8,Fog-Rain,128
2002-3-19,73,66,60,70,65,57,100,88,73,29.93,29.78,29.62,10,7,1,16,9,24,0.78,8,Rain-Thunderstorm,143
2002-3-20,63,58,52,57,53,47,94,84,67,30.24,30.05,29.90,10,9,2,16,8,22,0.00,7,Rain,335
2002-3-21,72,59,46,45,38,30,83,53,22,30.50,30.34,30.25,10,10,8,22,8,30,0.00,0,,3
2002-3-22,57,46,35,33,27,19,65,49,34,30.60,30.46,30.31,10,10,10,12,7,18,0.00,0,,354
2002-3-23,70,54,37,55,45,33,89,69,47,30.27,30.12,29.95,10,9,7,15,5,23,0.00,3,,161
2002-3-24,77,68,60,61,59,55,90,77,54,29.93,29.82,29.71,10,10,7,15,11,26,0.00,7,,169
2002-3-25,66,57,48,65,55,37,94,85,58,30.16,29.91,29.72,10,7,2,15,7,24,0.03,8,Rain,338
2002-3-26,64,52,39,36,34,30,77,55,35,30.32,30.24,30.17,10,10,10,13,10,21,0.00,1,,351
2002-3-27,72,60,48,49,42,38,72,48,34,30.24,30.09,30.00,10,10,9,9,6,,0.00,2,,150
2002-3-28,82,68,53,65,58,50,94,74,51,30.00,29.91,29.80,10,9,5,15,6,22,0.00,3,,183
2002-3-29,78,72,66,68,66,64,94,83,68,29.86,29.79,29.68,10,9,7,14,8,22,0.00,5,,173
2002-3-30,82,72,62,68,61,39,97,76,23,29.83,29.70,29.60,10,7,1,10,6,22,0.25,5,Rain-Thunderstorm,220
2002-3-31,71,63,55,54,52,48,89,71,55,30.07,29.98,29.85,10,10,10,16,8,23,0.00,4,,326
2002-4-1,81,64,48,59,54,48,100,69,39,30.05,29.94,29.82,10,9,4,12,3,18,0.00,0,,157
2002-4-2,84,72,60,63,58,45,90,67,41,30.02,29.83,29.75,10,10,8,15,9,23,0.00,5,,169
2002-4-3,61,58,54,44,39,33,60,49,42,30.27,30.20,30.05,10,10,10,16,10,24,0.00,7,,3
2002-4-4,63,58,54,38,36,34,53,46,34,30.33,30.28,30.24,10,10,10,8,6,,0.00,7,,21
2002-4-5,66,60,55,46,43,39,60,50,44,30.34,30.25,30.18,10,10,10,9,4,,0.00,8,,119
2002-4-6,63,58,53,57,49,41,100,77,49,30.18,30.09,29.94,10,8,2,9,6,,0.08,8,Rain-Thunderstorm,101
2002-4-7,73,66,59,68,65,57,97,89,81,29.94,29.72,29.58,10,8,2,22,11,41,0.42,8,Rain-Thunderstorm,150
2002-4-8,87,72,57,64,57,45,100,66,24,29.95,29.72,29.63,10,8,2,10,6,21,0.08,3,Rain-Thunderstorm,158
2002-4-9,77,66,57,57,54,52,83,66,46,30.24,30.14,29.99,10,10,10,10,6,16,0.00,0,,5
2002-4-10,77,66,57,61,58,55,94,78,57,30.28,30.21,30.10,10,7,4,7,2,,0.00,4,,96
2002-4-11,82,71,61,62,60,57,97,73,45,30.14,30.04,29.93,10,8,3,12,5,16,0.00,2,,150
2002-4-12,84,74,66,66,64,62,94,75,54,30.05,29.99,29.92,10,9,7,12,7,17,0.00,5,,144
2002-4-13,82,73,64,64,63,61,97,79,51,30.05,30.00,29.92,10,9,5,14,6,21,0.00,3,,151
2002-4-14,81,73,66,67,63,59,90,75,52,29.99,29.92,29.84,10,10,8,12,6,17,0.00,1,,175
2002-4-15,84,76,69,67,66,64,93,77,53,29.93,29.86,29.77,10,10,9,17,9,26,0.00,5,,160
2002-4-16,87,76,69,72,69,67,100,82,59,29.96,29.90,29.84,10,9,5,16,9,24,0.05,6,Rain,154
2002-4-17,87,79,71,72,69,66,94,79,53,30.07,30.01,29.94,10,9,6,14,8,23,0.00,6,,146
2002-4-18,87,78,71,69,68,65,90,76,55,30.07,30.00,29.92,10,9,6,16,9,23,0.00,5,,152
2002-4-19,84,78,71,68,67,65,90,80,54,30.03,29.97,29.90,10,10,8,14,8,26,0.00,6,,160
2002-4-20,87,78,71,68,67,65,90,74,51,29.99,29.89,29.78,10,10,9,15,10,25,0.00,6,,156
2002-4-21,84,76,69,70,68,66,94,89,83,30.02,29.89,29.81,10,10,7,13,8,21,0.00,7,Rain,162
2002-4-22,86,75,66,70,67,66,84,65,55,30.09,30.01,29.93,10,8,2,10,5,16,0.04,6,Rain,75
2002-4-23,87,78,69,70,67,64,94,76,51,30.03,29.96,29.88,10,10,7,12,7,20,0.00,4,,161
2002-4-24,90,79,69,70,68,66,90,74,50,30.01,29.92,29.86,10,10,10,14,9,20,0.00,3,,176
2002-4-25,82,72,62,72,65,56,94,79,60,30.20,30.07,29.99,10,9,2,12,6,17,0.10,6,Rain,33
2002-4-26,87,76,68,70,68,67,93,72,55,30.08,29.98,29.83,10,8,4,16,6,23,0.01,6,Rain,121
2002-4-27,89,80,72,70,69,68,84,70,53,29.86,29.80,29.74,10,10,8,16,12,25,0.00,5,,162
2002-4-28,93,83,73,72,71,70,94,73,49,30.01,29.91,29.85,10,8,4,12,8,16,0.00,4,,167
2002-4-29,93,86,75,72,71,69,82,60,49,29.95,29.86,29.77,10,9,7,14,9,22,0.00,0,,159
2002-4-30,91,80,69,72,68,65,90,72,42,29.89,29.78,29.65,10,10,8,14,8,24,0.00,3,,163
2002-5-1,95,83,71,72,68,63,88,69,36,29.75,29.66,29.55,10,10,8,14,11,24,0.00,3,,171
2002-5-2,86,78,71,72,68,60,90,74,56,29.79,29.70,29.60,10,8,5,13,7,21,0.00,5,,129
2002-5-3,84,74,66,67,62,59,87,72,53,29.93,29.84,29.71,10,9,6,9,5,,0.00,5,,8
2002-5-4,88,76,66,73,68,63,93,72,61,30.05,29.98,29.91,10,8,4,12,4,16,0.00,4,Rain,82
2002-5-5,91,82,73,73,70,61,94,74,42,30.11,30.03,29.93,10,9,6,14,8,25,0.00,5,,137
2002-5-6,91,83,75,72,69,64,90,72,42,30.05,29.96,29.87,10,9,8,14,9,22,0.00,5,,160
2002-5-7,91,82,75,72,70,66,89,70,49,29.95,29.87,29.78,10,9,6,17,11,30,0.00,4,,158
2002-5-8,91,83,75,72,70,64,90,74,45,29.87,29.79,29.71,10,9,7,17,10,28,0.00,5,Thunderstorm,158
2002-5-9,91,83,75,73,71,69,90,77,48,29.94,29.87,29.81,10,8,5,9,8,18,0.00,4,,160
2002-5-10,93,84,77,69,64,60,76,51,39,30.02,29.93,29.87,10,10,10,15,12,25,0.00,2,,142
2002-5-11,91,83,75,72,68,62,89,68,39,29.98,29.92,29.85,10,10,10,20,11,28,0.00,6,,153
2002-5-12,91,82,75,72,69,65,85,68,46,30.01,29.94,29.87,10,10,10,15,9,22,0.00,6,,162
2002-5-13,81,68,57,69,50,40,90,56,24,30.28,30.19,30.06,10,10,4,16,11,23,0.08,3,Rain,358
2002-5-14,81,68,57,49,47,44,67,47,29,30.21,30.13,30.03,10,10,10,9,6,,0.00,0,,106
2002-5-15,87,73,60,64,57,54,83,59,37,30.06,29.99,29.89,10,10,10,13,7,23,0.00,0,,147
2002-5-16,93,82,71,70,68,65,88,71,42,29.95,29.88,29.78,10,10,9,14,9,23,0.00,5,,157
2002-5-17,93,80,68,71,64,57,85,67,34,30.10,29.88,29.75,10,10,10,14,9,23,0.00,4,Rain,88
2002-5-18,81,70,61,55,47,39,70,50,24,30.18,30.12,30.05,10,10,10,15,10,22,0.00,1,,12
2002-5-19,79,66,55,45,39,32,67,40,19,30.26,30.18,30.11,10,10,10,12,5,17,0.00,0,,68
2002-5-20,82,68,55,50,41,33,64,39,19,30.23,30.16,30.09,10,10,10,12,5,,0.00,0,,112
2002-5-21,79,67,57,54,53,52,83,64,40,30.18,30.14,30.12,10,10,10,10,7,21,0.00,0,,126
2002-5-22,89,78,71,64,61,58,78,54,40,30.07,29.98,29.92,10,10,10,20,14,29,0.00,4,,151
2002-5-23,90,79,69,66,64,60,84,68,39,29.99,29.92,29.83,10,10,10,17,10,28,0.00,5,,154
2002-5-24,82,76,69,67,65,64,93,77,56,29.99,29.92,29.83,10,9,2,12,8,20,0.01,7,Rain,146
2002-5-25,93,80,69,68,65,62,90,68,39,30.04,29.95,29.87,10,10,10,10,6,16,0.00,4,,146
2002-5-26,93,80,66,70,65,62,96,68,36,30.05,29.97,29.86,10,10,8,10,6,17,0.03,3,Rain-Thunderstorm,145
2002-5-27,93,80,69,68,65,61,94,68,36,29.99,29.90,29.78,10,10,10,14,7,24,0.00,4,,148
2002-5-28,88,76,64,67,64,62,100,77,46,30.04,29.90,29.80,10,8,1,17,6,30,1.13,4,Rain-Thunderstorm,147
2002-5-29,84,77,70,70,67,66,93,74,58,29.92,29.83,29.76,10,10,10,10,5,,0.00,1,Rain-Thunderstorm,121
2002-5-30,96,80,66,69,65,59,96,65,32,29.79,29.75,29.69,10,10,8,10,2,,0.00,0,,24
2002-5-31,89,79,69,65,63,62,84,61,40,29.86,29.81,29.77,10,10,10,10,6,18,0.00,1,,24
2002-6-1,91,80,68,67,63,59,87,59,35,29.93,29.87,29.81,10,10,10,9,3,,0.00,1,,108
2002-6-2,91,80,69,68,66,63,90,67,41,29.94,29.85,29.74,10,10,9,12,5,21,0.00,2,,152
2002-6-3,93,83,73,70,68,64,90,70,37,29.90,29.82,29.72,10,10,8,13,8,20,0.00,4,,154
2002-6-4,95,84,75,72,70,65,89,70,40,29.89,29.81,29.73,10,10,9,15,10,22,0.00,4,,157
2002-6-5,95,83,73,72,68,63,91,66,37,29.97,29.89,29.82,10,10,10,12,7,18,0.00,4,,113
2002-6-6,93,84,75,67,65,64,73,56,39,29.96,29.91,29.85,10,10,10,8,5,,0.00,3,,20
2002-6-7,95,85,75,73,69,65,89,69,38,29.94,29.89,29.84,10,9,2,12,5,22,0.20,1,Rain-Thunderstorm,108
2002-6-9,96,86,80,72,70,68,74,57,48,29.83,29.78,29.73,10,10,10,14,11,24,0.00,1,Rain,155
2002-6-10,97,86,77,73,70,65,89,66,37,29.88,29.80,29.73,10,10,10,15,9,22,0.00,5,,153
2002-6-11,98,86,75,73,71,66,94,69,36,29.90,29.83,29.76,10,10,7,13,8,20,0.00,3,,157
2002-6-12,84,80,75,73,73,71,91,82,63,29.93,29.88,29.84,10,10,9,12,8,18,0.00,6,,163
2002-6-13,96,90,82,69,66,63,56,44,37,29.86,29.81,29.76,10,10,10,10,7,,0.00,0,,107
2002-6-14,97,84,73,71,67,62,82,58,37,30.01,29.91,29.86,10,10,9,9,4,18,0.00,1,,18
2002-6-15,89,81,73,73,60,55,79,49,37,30.02,29.93,29.78,10,10,10,12,6,17,0.00,3,Thunderstorm,69
2002-6-16,87,76,66,74,66,63,100,80,44,29.97,29.88,29.70,10,8,1,18,8,32,1.40,4,Rain-Thunderstorm,328
2002-6-17,91,79,68,65,60,57,90,55,34,29.95,29.89,29.82,10,10,10,8,3,,0.00,0,,18
2002-6-18,91,78,66,68,62,59,87,56,35,29.89,29.85,29.79,10,10,10,9,4,,0.00,0,,111
2002-6-19,95,81,71,70,69,64,94,73,36,29.98,29.92,29.87,10,8,3,9,5,16,0.00,3,,147
2002-6-20,95,85,80,73,69,66,76,59,49,30.14,30.08,30.04,10,10,10,16,9,25,0.00,1,Thunderstorm,106
2002-6-21,93,84,75,73,69,62,90,68,35,30.22,30.14,30.05,10,10,10,9,5,17,0.00,3,,106
2002-6-22,93,83,73,72,64,55,85,55,30,30.14,30.08,30.01,10,10,10,9,4,,0.00,1,,110
2002-6-23,75,74,71,59,58,57,66,60,53,30.04,30.04,30.03,10,10,10,0,0,,0.00,0,,-1
2002-6-24,95,93,90,60,59,58,37,32,29,29.92,29.88,29.86,10,10,9,8,3,,0.00,0,,110
2002-6-25,96,88,81,70,66,62,69,48,32,29.98,29.94,29.88,10,10,8,13,3,17,0.00,1,Rain-Thunderstorm,36
2002-6-26,95,85,73,72,69,66,90,59,38,30.00,29.90,29.78,10,9,2,18,6,31,0.01,2,Rain-Thunderstorm,105
2002-6-27,91,80,70,72,69,66,90,64,44,29.94,29.85,29.78,10,10,10,13,5,17,0.00,1,Thunderstorm,177
2002-6-28,82,83,75,73,72,68,89,74,47,29.98,29.93,29.86,10,10,10,15,5,22,0.00,2,,146
2002-6-29,81,76,71,75,72,70,100,90,71,30.05,30.00,29.96,10,8,2,16,7,26,0.46,6,Rain,113
2002-6-30,82,76,71,76,72,70,100,94,76,30.09,30.04,29.99,10,5,1,15,8,22,2.76,6,Rain-Thunderstorm,124
2002-7-1,77,72,69,75,73,69,100,97,90,30.12,30.05,29.99,10,6,0,13,5,25,1.25,6,Fog-Rain,119
2002-7-2,75,72,69,74,72,68,100,97,85,30.05,30.01,29.94,10,5,0,9,5,22,2.26,7,Fog-Rain-Thunderstorm,110
2002-7-3,90,80,71,75,72,66,100,83,48,29.99,29.93,29.82,10,7,0,12,8,21,0.30,5,Fog-Rain-Thunderstorm,136
2002-7-4,91,84,77,74,72,67,90,75,48,30.00,29.94,29.87,10,9,7,15,10,22,0.07,4,Rain,137
2002-7-5,88,80,73,75,73,67,100,86,63,30.05,29.98,29.92,10,8,1,10,7,22,0.19,5,Rain-Thunderstorm,131
2002-7-6,91,82,73,74,73,70,100,77,49,30.09,30.01,29.94,10,8,5,8,4,,0.00,3,Thunderstorm,121
2002-7-7,93,84,75,75,73,70,94,73,50,30.06,30.01,29.98,10,10,8,7,1,,0.00,0,,56
2002-7-8,96,84,73,75,72,66,93,69,44,30.10,30.05,29.98,10,8,6,8,3,,0.00,0,Thunderstorm,96
2002-7-9,91,82,73,74,72,68,94,78,45,30.10,30.04,30.01,10,8,1,23,4,34,0.32,2,Rain-Thunderstorm,109
2002-7-10,90,80,73,74,73,70,100,84,57,30.13,30.06,29.98,10,9,5,9,2,,0.00,3,Rain-Thunderstorm,155
2002-7-11,95,82,72,74,71,65,97,69,40,30.05,29.98,29.90,10,10,5,9,2,,0.01,0,,219
2002-7-12,95,84,73,72,70,68,87,63,44,29.95,29.89,29.81,10,10,10,9,2,,0.00,0,Thunderstorm,232
2002-7-13,89,80,73,73,71,66,85,73,57,29.92,29.86,29.81,10,10,10,10,2,16,0.00,1,Rain-Thunderstorm,140
2002-7-14,86,78,73,73,71,69,90,81,65,30.01,29.94,29.89,10,10,10,9,3,16,0.00,3,Rain-Thunderstorm,131
2002-7-15,82,77,72,72,70,68,96,82,66,30.09,30.02,29.96,10,10,10,13,5,16,0.01,5,Rain,114
2002-7-16,82,78,73,75,73,71,100,91,74,30.05,30.01,29.96,10,9,2,13,6,20,0.11,7,Rain-Thunderstorm,135
2002-7-17,82,78,73,75,73,71,100,92,74,30.16,30.09,30.02,10,9,0,16,5,26,0.41,5,Fog-Rain-Thunderstorm,155
2002-7-18,91,82,75,75,74,71,96,82,55,30.10,30.04,29.93,10,9,4,10,6,16,0.01,3,,164
2002-7-19,91,83,75,75,73,69,94,76,50,30.06,29.99,29.91,10,10,9,10,6,16,0.00,3,,172
2002-7-20,91,83,75,74,72,68,94,78,50,30.09,30.02,29.95,10,10,7,10,6,,0.00,3,,173
2002-7-21,91,83,75,75,73,69,96,74,48,30.10,30.02,29.93,10,9,6,10,7,17,0.00,2,,168
2002-7-22,93,84,75,74,73,69,94,74,48,30.09,30.03,29.98,10,10,10,12,6,17,0.00,2,,186
2002-7-23,95,83,73,74,71,62,97,68,36,30.13,30.08,30.04,10,10,9,9,4,,0.00,0,,172
2002-7-24,96,86,75,73,72,69,94,67,43,30.12,30.06,29.97,10,10,10,8,3,,0.00,0,,167
2002-7-25,96,86,75,73,71,67,79,63,46,30.02,29.98,29.92,10,10,10,8,5,,0.00,0,,184
2002-7-26,93,84,75,73,72,68,94,72,48,30.04,29.96,29.89,10,10,10,14,7,20,0.00,2,,170
2002-7-27,93,84,75,74,73,70,94,75,50,30.00,29.93,29.85,10,10,9,14,8,22,0.00,4,,162
2002-7-28,95,85,77,75,73,70,94,70,49,30.00,29.93,29.86,10,10,10,15,10,22,0.00,4,,170
2002-7-29,93,86,78,75,74,70,89,73,50,30.00,29.95,29.89,10,10,9,13,9,20,0.00,4,,168
2002-7-30,93,86,78,76,73,67,93,74,45,30.09,30.02,29.95,10,10,8,13,8,23,0.00,4,,166
2002-7-31,95,85,77,75,72,69,94,72,45,30.09,30.01,29.91,10,10,7,13,8,20,0.00,3,,175
2002-8-1,93,83,73,74,72,69,94,75,47,30.01,29.95,29.87,10,10,8,12,7,18,0.00,3,,173
2002-8-2,96,85,75,75,72,64,100,73,38,30.05,29.97,29.91,10,10,8,8,4,,0.00,3,,149
2002-8-3,98,85,73,73,70,64,97,70,34,30.08,29.99,29.91,10,9,0,16,3,29,0.46,1,Fog-Rain-Thunderstorm,162
2002-8-4,95,83,73,73,69,62,97,67,39,30.06,30.00,29.94,10,10,9,7,2,,0.00,0,,108
2002-8-5,93,82,73,72,69,66,90,65,46,30.02,29.97,29.91,10,10,7,10,3,,0.00,1,Rain-Thunderstorm,129
2002-8-6,96,84,73,73,70,67,90,64,41,30.00,29.94,29.87,10,9,6,6,2,,0.00,0,,287
2002-8-7,98,86,75,82,70,67,88,60,39,29.98,29.93,29.88,10,10,6,9,2,,0.04,0,,40
2002-8-8,93,83,75,78,74,70,96,79,55,30.03,29.99,29.94,9,6,2,7,3,,0.11,1,Rain-Thunderstorm,44
2002-8-9,93,83,75,75,73,68,96,72,48,30.02,29.96,29.90,10,9,6,9,2,,0.00,1,,99
2002-8-10,91,82,73,79,75,73,100,89,61,30.04,29.98,29.93,10,8,0,15,3,23,1.73,4,Fog-Rain-Thunderstorm,342
2002-8-11,91,82,72,77,73,72,100,79,53,30.05,29.98,29.86,10,8,2,12,2,18,0.01,3,,53
2002-8-12,93,84,75,81,76,74,100,88,61,29.99,29.91,29.81,10,10,8,14,4,20,0.00,4,,141
2002-8-13,95,86,77,76,74,69,96,74,45,29.94,29.90,29.87,10,10,10,14,8,22,0.00,0,,167
2002-8-14,93,85,77,74,72,69,90,76,45,29.95,29.89,29.79,10,10,10,15,6,23,0.00,4,,160
2002-8-15,93,83,75,75,72,67,90,77,55,29.98,29.88,29.81,10,10,9,17,6,23,0.00,4,Rain,154
2002-8-16,93,84,75,75,71,68,91,71,44,30.09,30.00,29.94,10,10,6,13,7,21,0.00,5,,141
2002-8-17,95,86,78,75,73,69,89,73,47,30.08,30.00,29.92,10,10,10,12,8,18,0.00,4,,172
2002-8-18,96,84,75,74,72,68,94,71,44,30.04,29.96,29.85,10,10,10,12,8,20,0.00,3,,167
2002-8-19,96,85,77,74,71,63,90,68,38,30.00,29.92,29.83,10,10,10,10,8,17,0.00,3,,175
2002-8-20,96,86,77,75,72,66,90,71,40,30.02,29.94,29.85,10,10,10,13,8,18,0.00,3,,164
2002-8-21,96,86,77,75,73,68,90,73,40,30.04,29.98,29.91,10,10,10,12,7,21,0.00,4,,165
2002-8-22,97,87,77,75,72,67,94,71,37,30.11,30.03,29.94,10,10,10,12,7,18,0.00,3,,173
2002-8-23,96,86,75,74,71,65,94,67,36,30.09,30.01,29.91,10,10,10,9,6,,0.00,1,,170
2002-8-24,96,85,75,73,70,67,94,66,40,30.01,29.95,29.89,10,10,10,8,5,,0.00,1,,160
2002-8-25,100,86,75,74,69,64,91,59,33,30.00,29.94,29.88,10,10,10,12,6,,0.00,0,,178
2002-8-26,102,88,75,70,66,61,79,51,28,29.95,29.89,29.81,10,10,10,8,3,,0.00,0,,200
2002-8-27,99,88,77,73,68,64,74,56,34,29.93,29.87,29.82,10,10,10,17,6,23,0.00,1,,134
2002-8-28,97,86,75,73,71,67,94,66,40,30.06,29.97,29.91,10,10,10,9,5,,0.00,3,Thunderstorm,107
2002-8-29,93,85,77,74,67,60,82,60,33,30.05,29.95,29.88,10,10,9,14,2,20,0.00,2,Thunderstorm,37
2002-8-30,95,83,73,65,60,55,66,47,28,30.01,29.96,29.91,10,9,6,9,3,,0.00,1,,58
2002-8-31,97,84,73,71,66,62,91,57,33,30.08,30.02,29.98,10,8,4,8,3,,0.01,1,Rain,79
2002-9-1,97,86,75,71,67,61,79,56,33,30.05,29.99,29.90,10,9,6,8,3,,0.00,1,,98
2002-9-2,97,84,75,71,68,63,84,59,36,29.97,29.91,29.83,10,10,10,7,3,,0.00,1,,156
2002-9-3,97,86,75,71,68,63,82,59,34,29.97,29.92,29.88,10,10,10,12,4,17,0.00,1,,91
2002-9-4,95,84,75,72,69,64,87,64,38,30.04,29.98,29.93,10,10,10,13,6,18,0.00,1,,59
2002-9-5,96,84,75,70,66,60,82,57,33,29.98,29.93,29.85,10,10,10,10,4,18,0.00,0,,73
2002-9-6,98,85,73,72,67,61,89,64,30,29.88,29.84,29.76,10,9,2,12,3,20,0.03,2,Rain,32
2002-9-7,84,77,72,75,72,67,100,89,71,29.87,29.78,29.72,10,7,0,16,9,28,1.77,7,Fog-Rain-Thunderstorm,51
2002-9-8,82,78,73,74,73,71,100,92,71,29.93,29.88,29.82,10,8,0,12,6,,1.11,7,Fog-Rain-Thunderstorm,85
2002-9-9,86,80,75,74,73,71,94,85,65,29.97,29.92,29.85,10,10,9,10,6,16,0.03,6,Rain,61
2002-9-10,91,82,73,71,68,63,93,67,42,29.94,29.90,29.84,10,10,8,10,6,16,0.00,1,,31
2002-9-11,93,82,73,67,64,61,76,56,36,29.95,29.90,29.86,10,10,7,8,5,,0.00,1,,13
2002-9-12,91,82,73,68,66,62,84,62,39,29.94,29.89,29.85,7,6,4,6,2,,0.00,0,,310
2002-9-13,93,81,71,70,66,63,91,65,41,29.90,29.83,29.75,8,5,2,6,1,,0.00,0,,175
2002-9-14,91,82,72,68,63,59,78,56,33,29.93,29.85,29.80,8,6,4,8,2,,0.00,0,,138
2002-9-15,79,75,72,69,66,62,91,75,64,30.07,30.01,29.94,10,8,4,6,2,,0.02,0,Rain,75
2002-9-16,77,73,71,71,69,66,94,86,76,30.08,30.04,29.99,10,6,2,7,1,,0.02,3,Rain,126
2002-9-17,86,79,72,74,71,69,93,80,63,30.01,29.92,29.80,10,8,4,9,2,,0.00,6,,160
2002-9-18,91,82,75,74,73,68,94,77,53,29.85,29.77,29.65,10,10,10,13,8,21,0.00,6,,170
2002-9-19,80,76,70,74,71,56,94,87,57,29.80,29.71,29.64,10,8,1,13,6,20,0.25,3,Rain-Thunderstorm,224
2002-9-20,87,74,61,57,53,48,75,53,27,29.88,29.82,29.76,10,10,10,9,6,,0.00,0,,329
2002-9-21,90,74,60,60,54,51,90,52,27,29.89,29.85,29.80,10,10,10,6,2,,0.00,0,,351
2002-9-22,88,75,62,61,56,50,78,51,32,30.02,29.96,29.88,10,10,10,16,5,25,0.00,1,,17
2002-9-23,87,76,66,58,54,45,68,48,31,30.08,30.02,29.97,10,10,10,13,8,24,0.00,0,,19
2002-9-24,84,73,62,49,47,44,56,40,26,30.07,30.01,29.94,10,10,10,12,8,18,0.00,0,,11
2002-9-25,88,78,68,63,58,50,68,53,40,29.97,29.88,29.78,10,10,10,13,7,24,0.00,2,,13
2002-9-26,91,80,70,61,57,54,65,50,30,29.79,29.73,29.65,10,10,10,13,7,21,0.00,0,,339
2002-9-27,93,80,66,61,57,51,75,51,23,29.85,29.80,29.74,10,10,10,7,2,,0.00,0,,65
2002-9-28,91,77,63,62,59,55,87,56,31,29.98,29.93,29.86,10,10,10,10,2,,0.00,0,,125
2002-9-29,90,78,66,67,63,60,90,64,38,30.04,29.98,29.91,10,10,10,9,2,,0.00,1,,128
2002-9-30,90,79,69,70,66,63,93,72,43,30.04,29.96,29.89,10,9,3,8,4,,0.00,3,,165
2002-10-1,91,81,73,74,72,68,96,80,55,29.99,29.94,29.85,10,10,9,15,7,20,0.03,5,,152
2002-10-2,93,83,75,73,71,66,94,75,45,29.97,29.90,29.80,10,10,8,10,7,16,0.00,6,,137
2002-10-3,93,82,73,72,69,62,94,72,37,29.88,29.78,29.67,10,10,8,9,4,,0.00,2,,161
2002-10-4,93,82,73,72,66,45,93,62,26,29.96,29.85,29.74,10,10,9,7,4,,0.00,2,,163
2002-10-5,91,81,72,70,55,45,84,45,32,30.09,30.02,29.96,10,10,10,10,6,17,0.00,2,,60
2002-10-6,93,82,73,73,70,66,94,76,42,30.07,30.01,29.92,10,10,9,9,5,,0.00,4,,184
2002-10-7,87,78,70,72,68,64,94,75,53,30.10,30.02,29.94,10,10,9,10,5,,0.07,5,Rain-Thunderstorm,21
2002-10-8,78,74,69,72,70,68,96,92,81,30.01,29.94,29.85,10,6,2,9,4,,0.22,6,Rain-Thunderstorm,108
2002-10-9,82,74,66,70,66,61,100,85,56,29.98,29.92,29.85,10,8,2,9,5,17,0.74,5,Rain-Thunderstorm,39
2002-10-10,75,68,61,63,60,56,90,76,61,30.08,30.01,29.95,10,10,10,8,4,,0.00,7,,343
2002-10-11,82,70,59,64,61,57,93,75,54,30.10,30.03,29.97,10,10,9,6,1,,0.00,2,,164
2002-10-12,87,76,64,67,65,63,94,75,49,30.12,30.03,29.98,10,8,5,9,3,,0.00,4,,199
2002-10-13,73,68,60,65,51,44,81,64,52,30.35,30.28,30.13,10,10,7,15,10,24,0.02,7,Rain,359
2002-10-14,61,57,53,52,50,46,94,75,59,30.30,30.17,30.05,10,9,2,9,6,,0.12,8,Rain,354
2002-10-15,73,64,55,52,48,44,87,61,39,30.10,30.04,29.97,10,9,1,9,3,16,0.00,2,,344
2002-10-16,77,62,48,48,43,37,86,54,26,30.08,29.99,29.91,10,10,10,7,3,,0.00,0,,306
2002-10-17,80,64,50,59,51,46,86,63,39,30.09,30.02,29.97,10,10,10,10,2,,0.00,0,,130
2002-10-18,77,68,61,70,63,58,94,82,69,30.00,29.92,29.83,10,10,1,15,6,23,0.08,7,Rain,136
2002-10-19,73,68,62,70,63,60,100,94,81,29.98,29.91,29.79,10,6,1,13,5,23,1.92,7,Rain-Thunderstorm,119
2002-10-20,75,68,60,63,61,57,100,85,62,30.04,29.98,29.94,10,9,2,8,2,,0.01,7,,359
2002-10-21,68,64,60,64,60,57,96,91,81,30.06,29.99,29.93,10,8,2,8,3,,0.29,8,Rain,86
2002-10-22,69,66,62,64,63,63,100,92,84,30.08,30.03,29.97,10,8,2,10,3,,0.70,8,Rain-Thunderstorm,83
2002-10-23,73,67,62,64,63,62,96,84,73,30.10,30.04,29.96,10,9,2,12,5,17,0.12,7,Rain,37
2002-10-24,72,68,64,66,64,63,100,94,78,30.07,29.98,29.88,10,6,0,9,3,16,1.55,7,Fog-Rain-Thunderstorm,95
2002-10-25,66,60,53,56,54,52,97,93,89,30.01,29.96,29.90,10,6,2,9,6,16,0.19,8,Rain,356
2002-10-26,57,55,53,57,55,52,100,95,89,30.05,29.99,29.96,10,4,2,9,6,,0.56,8,Rain,359
2002-10-27,69,63,57,64,61,57,100,93,84,29.97,29.91,29.84,10,5,2,6,2,,0.05,8,Rain,356
2002-10-28,68,66,62,67,65,59,100,96,88,29.92,29.82,29.73,10,4,0,8,2,,0.05,7,Fog-Rain,308
2002-10-29,75,64,53,59,56,53,93,76,50,29.89,29.83,29.78,10,10,10,9,4,,0.00,0,,8
2002-10-30,79,67,55,59,55,51,93,75,48,30.16,30.02,29.87,10,10,10,12,4,18,0.01,3,,349
2002-10-31,60,56,51,50,47,45,80,74,64,30.27,30.20,30.14,10,10,10,13,8,17,0.00,8,,12
2002-11-1,62,56,50,53,50,46,93,80,70,30.32,30.26,30.20,10,8,3,12,8,18,0.00,7,Rain,29
2002-11-2,54,52,51,52,50,46,97,91,77,30.23,30.13,30.06,10,5,1,8,6,16,0.61,8,Rain,20
2002-11-3,57,55,53,55,53,52,96,93,87,30.12,30.06,30.01,10,6,2,12,6,18,0.10,8,Rain,3
2002-11-4,54,51,48,52,47,46,94,92,88,30.11,30.01,29.92,10,5,1,13,8,21,1.23,8,Rain,354
2002-11-5,75,60,46,51,44,35,93,67,33,30.19,29.95,29.86,10,10,10,16,6,25,0.00,2,,313
2002-11-6,71,58,46,41,38,31,80,56,23,30.38,30.30,30.19,10,10,10,9,6,,0.00,0,,319
2002-11-7,72,56,41,47,40,38,92,60,30,30.35,30.25,30.13,10,10,10,10,3,17,0.00,0,,209
2002-11-8,75,60,46,55,47,39,89,63,37,30.12,29.99,29.87,10,10,9,16,4,25,0.00,0,,188
2002-11-9,82,70,59,,,,,,,29.86,29.75,29.63,10,8,2,9,5,16,0.00,2,,175
2002-11-10,88,74,59,,,,,,,29.78,29.69,29.62,10,10,5,9,3,17,0.00,0,,316
2002-11-11,70,64,57,46,43,39,62,47,33,30.09,29.92,29.80,10,10,10,7,3,,0.00,2,,357
2002-11-12,68,57,46,44,39,34,83,54,30,30.44,30.34,30.11,10,10,10,13,5,18,0.00,0,,346
2002-11-13,69,58,46,44,40,36,89,58,33,30.43,30.30,30.10,10,10,10,12,4,17,0.00,0,,194
2002-11-14,75,60,46,56,49,42,89,66,43,30.08,29.94,29.83,10,10,10,14,5,25,0.00,0,,198
2002-11-15,66,58,50,43,40,34,74,52,37,30.17,30.01,29.93,10,10,10,15,8,22,0.00,3,,351
2002-11-16,62,54,43,39,37,34,86,56,36,30.34,30.28,30.18,10,10,10,12,7,20,0.00,1,,337
2002-11-17,70,56,41,41,38,36,89,57,31,30.27,30.17,30.09,10,10,10,13,3,20,0.00,0,,188
2002-11-18,73,62,50,50,46,38,80,58,40,30.24,30.12,30.04,10,10,10,16,6,25,0.00,0,,201
2002-11-19,72,60,46,40,37,34,77,46,25,30.33,30.23,30.14,10,10,10,8,4,,0.00,0,,360
2002-11-20,73,59,45,45,38,30,86,51,27,30.22,30.16,30.09,10,10,10,9,5,,0.00,0,,300
2002-11-21,73,60,48,42,39,35,66,47,28,30.25,30.17,30.12,10,10,10,12,7,16,0.00,0,,295
2002-11-22,70,59,45,42,35,24,74,46,19,30.29,30.21,30.14,10,10,10,8,5,,0.00,0,,332
2002-11-23,73,58,43,50,38,32,83,52,28,30.24,30.16,30.08,10,10,10,9,3,17,0.00,0,,154
2002-11-24,73,60,48,57,52,48,100,82,51,30.09,30.04,29.95,10,6,0,12,2,18,0.00,3,Fog,176
2002-11-25,59,54,46,56,40,31,94,62,51,30.23,30.15,30.03,10,10,10,10,5,,0.00,7,Rain,357
2002-11-26,44,42,39,38,36,27,93,83,55,30.42,30.30,30.21,10,7,2,12,7,17,1.10,8,Rain-Thunderstorm,344
2002-11-27,48,44,39,30,26,23,65,51,42,30.48,30.42,30.37,10,10,10,13,7,20,0.00,4,,349
2002-11-28,60,48,36,35,31,26,89,60,27,30.52,30.43,30.37,10,10,10,6,2,,0.00,0,,307
2002-11-29,63,50,36,42,36,32,93,60,34,30.35,30.20,30.09,10,10,10,8,2,,0.00,4,,200
2002-11-30,66,58,51,47,37,25,83,51,21,30.30,30.16,30.06,10,10,10,13,5,23,0.00,0,,349
2002-12-1,60,50,39,33,28,23,70,44,27,30.37,30.26,30.14,10,10,10,7,3,,0.00,0,,26
2002-12-2,73,60,46,61,51,34,88,73,59,30.13,30.05,29.97,10,10,10,8,2,,0.00,5,,197
2002-12-3,72,66,57,67,64,54,100,92,81,30.05,29.96,29.86,10,6,0,16,3,23,0.21,8,Fog-Rain,117
2002-12-4,51,45,39,48,38,31,93,82,68,30.34,30.14,29.96,10,10,5,15,12,28,0.29,8,Rain,325
2002-12-5,50,44,37,34,32,28,81,68,52,30.47,30.39,30.32,10,10,10,14,9,22,0.00,5,,337
2002-12-6,55,44,34,35,32,26,89,66,47,30.52,30.42,30.34,10,10,10,5,3,,0.00,0,,245
2002-12-7,55,46,37,48,40,33,86,72,51,30.34,30.27,30.20,10,10,10,7,1,,0.00,4,,0
2002-12-8,55,52,46,55,52,45,100,92,80,30.22,30.18,30.14,10,4,1,13,4,22,0.38,8,Rain,80
2002-12-9,48,46,44,46,44,43,100,93,87,30.27,30.22,30.12,10,5,2,22,6,33,1.12,8,Rain,10
2002-12-10,53,48,43,45,44,41,93,85,69,30.22,30.17,30.09,10,9,4,7,3,,0.00,8,,339
2002-12-11,53,44,35,45,40,34,100,89,71,30.14,30.08,30.02,10,4,0,6,1,,0.00,5,Fog,130
2002-12-12,62,55,46,52,48,41,100,87,60,30.03,29.98,29.91,10,5,0,9,3,,0.02,5,Fog-Rain-Thunderstorm,342
2002-12-13,62,52,42,40,34,28,76,57,30,30.19,30.09,29.99,10,10,10,10,6,18,0.00,0,,294
2002-12-14,66,52,37,40,37,33,89,62,34,30.25,30.17,30.10,10,10,10,8,2,,0.00,0,,190
2002-12-15,71,58,44,56,49,41,93,76,53,30.14,30.05,29.97,10,10,8,10,2,18,0.00,0,,163
2002-12-16,73,64,55,60,58,54,94,83,61,30.00,29.92,29.83,10,9,5,12,6,18,0.00,3,,189
2002-12-17,75,68,60,63,60,57,94,81,53,29.85,29.75,29.65,10,8,4,15,9,24,0.00,5,,173
2002-12-18,73,68,64,63,58,38,88,72,38,29.77,29.68,29.62,10,9,7,14,8,25,0.00,5,,183
2002-12-19,63,56,48,37,32,27,61,38,30,30.21,29.97,29.78,10,10,10,15,11,26,0.00,2,,292
2002-12-20,66,52,37,36,30,20,86,49,17,30.28,30.18,30.09,10,10,10,8,4,,0.00,0,,268
2002-12-21,72,58,43,52,42,29,74,59,35,30.07,29.97,29.90,10,10,7,18,5,30,0.00,0,,213
2002-12-22,61,52,42,52,36,28,94,55,39,30.14,30.03,29.96,10,9,3,8,5,,0.24,4,Rain,12
2002-12-23,75,60,44,67,56,42,100,90,68,29.92,29.79,29.62,10,6,0,22,6,30,1.42,7,Fog-Rain-Thunderstorm,296
2002-12-24,46,42,39,42,33,28,90,70,52,30.24,30.05,29.86,10,10,10,17,10,28,0.01,5,,319
2002-12-25,50,41,32,33,30,28,89,67,50,30.36,30.27,30.23,10,10,10,8,3,,0.00,0,,115
2002-12-26,53,46,39,39,34,31,89,68,54,30.37,30.32,30.27,10,10,10,7,2,,0.00,5,,140
2002-12-27,64,50,35,43,37,35,100,75,33,30.43,30.36,30.30,10,7,0,8,1,,0.00,1,Fog,294
2002-12-28,68,52,37,45,40,35,93,66,39,30.41,30.32,30.25,10,10,10,10,2,,0.00,0,,178
2002-12-29,66,56,46,63,56,44,100,93,83,30.20,30.01,29.88,10,5,0,14,3,22,0.03,5,Fog-Rain,148
2002-12-30,73,63,53,64,59,48,94,82,71,29.88,29.74,29.60,10,9,1,17,9,29,0.38,6,Rain-Thunderstorm,181
2002-12-31,64,54,43,50,33,25,83,50,23,30.04,29.94,29.83,10,10,10,16,9,24,0.00,0,,308
