
CST,Max TemperatureF,Mean TemperatureF,Min TemperatureF,Max Dew PointF,MeanDew PointF,Min DewpointF,Max Humidity, Mean Humidity, Min Humidity, Max Sea Level PressureIn, Mean Sea Level PressureIn, Min Sea Level PressureIn, Max VisibilityMiles, Mean VisibilityMiles, Min VisibilityMiles, Max Wind SpeedMPH, Mean Wind SpeedMPH, Max Gust SpeedMPH,PrecipitationIn, CloudCover, Events, WindDirDegrees
1965-1-1,73,70,66,65,64,63,93,84,71,30.13,30.06,29.98,10,9,7,21,13,,0.00,,,169
1965-1-2,70,62,53,66,60,49,96,90,86,30.19,30.07,30.02,15,10,7,21,10,,0.03,,Fog-Rain,170
1965-1-3,52,49,46,47,44,41,90,84,77,30.34,30.28,30.19,15,12,10,20,16,,0.01,,Rain,3
1965-1-4,55,52,48,49,47,46,96,88,77,30.36,30.32,30.26,10,7,2,10,7,,0.00,0,Fog,112
1965-1-5,57,52,46,54,50,45,100,91,83,30.29,30.26,30.21,8,6,1,8,5,,0.00,0,Fog,186
1965-1-6,71,64,57,62,58,54,93,83,66,30.20,30.12,30.05,10,8,2,14,8,,0.00,0,Fog,201
1965-1-7,75,68,62,64,60,55,97,79,53,30.06,29.99,29.89,15,11,5,18,13,,0.00,0,Fog,195
1965-1-8,75,70,66,65,63,60,90,79,58,29.92,29.88,29.81,15,12,10,21,15,,0.00,,,187
1965-1-9,71,57,39,66,42,29,93,74,56,30.30,30.11,29.91,15,12,7,22,14,,0.08,0,Rain,338
1965-1-10,41,37,33,31,29,25,82,74,62,30.42,30.35,30.32,15,15,15,21,12,,0.00,0,,4
1965-1-11,44,38,32,36,33,29,89,82,71,30.35,30.23,30.12,15,11,7,7,6,,0.00,0,,144
1965-1-12,55,44,34,49,40,32,93,86,74,30.14,30.09,30.04,7,6,1,9,5,,0.00,0,Fog,189
1965-1-13,61,54,48,51,46,40,96,75,52,30.24,30.16,30.08,10,8,3,17,5,,0.00,,Fog,20
1965-1-14,64,54,44,47,42,37,77,68,52,30.21,30.17,30.09,15,11,10,12,8,,0.00,0,,8
1965-1-15,71,58,44,47,41,34,89,65,31,30.28,30.11,30.05,15,11,7,18,7,,0.00,0,,329
1965-1-16,48,42,35,32,20,12,62,46,28,30.65,30.54,30.36,15,14,10,20,13,,0.00,0,,9
1965-1-17,50,38,27,22,18,13,66,47,31,30.68,30.57,30.39,15,15,15,13,8,,0.00,0,,100
1965-1-18,61,48,36,32,27,21,59,47,34,30.37,30.33,30.29,15,14,7,14,7,,0.00,0,,321
1965-1-19,64,50,36,44,31,24,67,51,34,30.31,30.17,30.01,15,14,8,16,8,,0.00,0,,236
1965-1-20,69,57,45,55,50,44,97,84,61,30.06,30.02,29.98,15,10,3,12,5,,0.00,,Fog,88
1965-1-21,63,60,59,62,59,56,100,97,90,30.04,29.96,29.83,15,8,1,16,11,,0.90,,Fog-Rain-Thunderstorm,146
1965-1-22,70,64,57,60,57,48,97,82,46,29.83,29.77,29.69,15,8,0,13,8,,0.00,,Fog-Rain-Thunderstorm,210
1965-1-23,59,56,48,53,37,29,87,53,36,30.03,29.86,29.73,15,14,10,21,12,,0.00,0,,284
1965-1-24,62,50,39,36,31,28,68,53,32,30.13,30.02,29.90,15,11,4,17,8,,0.00,0,,213
1965-1-25,75,58,42,57,41,15,92,61,14,29.89,29.77,29.66,10,9,4,21,11,,0.00,0,,205
1965-1-26,63,54,45,33,25,14,63,37,15,30.30,30.17,29.95,15,10,4,21,17,,0.00,0,,356
1965-1-27,57,46,34,31,28,24,79,54,30,30.45,30.36,30.29,15,15,15,8,6,,0.00,0,,100
1965-1-28,64,52,39,36,32,27,65,49,35,30.27,30.12,29.98,15,14,10,18,9,,0.00,0,,213
1965-1-29,73,57,41,36,33,24,73,47,20,29.98,29.86,29.69,15,15,15,9,7,,0.00,0,,205
1965-1-30,57,52,41,32,27,18,60,42,21,30.21,29.92,29.65,15,14,10,25,11,,0.00,0,,2
1965-1-31,57,44,30,42,30,24,79,62,39,30.21,30.00,29.73,15,13,10,20,9,,0.00,0,,203
1965-2-1,53,50,39,50,33,18,89,58,32,30.18,29.92,29.68,15,12,10,23,16,,0.00,0,,348
1965-2-2,46,38,30,24,18,13,50,44,35,30.36,30.29,30.24,10,10,10,17,12,,0.00,,,49
1965-2-3,50,46,43,38,32,25,66,59,49,30.36,30.31,30.28,10,10,10,9,5,,0.00,,Rain,91
1965-2-4,48,44,41,42,39,34,96,86,63,30.40,30.36,30.32,10,6,2,17,11,,0.33,,Fog-Rain,50
1965-2-5,46,43,41,44,40,36,97,88,76,30.35,30.20,30.06,10,6,2,10,8,,0.07,,Fog-Rain,18
1965-2-6,57,52,46,55,50,45,100,96,93,29.99,29.89,29.79,7,4,0,12,5,,0.01,,Fog,236
1965-2-7,61,58,55,61,57,54,100,98,90,29.93,29.85,29.78,7,5,1,15,9,,0.00,,Fog-Rain,216
1965-2-8,61,54,45,61,53,43,100,98,93,30.05,29.97,29.93,10,4,0,26,11,,0.07,,Fog-Rain,15
1965-2-9,64,54,44,45,43,38,96,76,38,29.88,29.83,29.78,15,10,2,16,13,,0.47,0,Fog-Rain-Thunderstorm,330
1965-2-10,60,53,46,53,48,45,100,86,64,29.95,29.88,29.81,15,10,0,17,5,,0.00,0,Fog-Rain,152
1965-2-11,66,60,51,56,45,28,100,68,31,29.95,29.83,29.72,15,9,0,21,10,,0.01,0,Fog,348
1965-2-12,44,38,33,34,26,22,78,62,43,30.26,30.16,30.04,15,15,15,18,16,,0.00,0,,27
1965-2-13,46,40,35,27,25,21,72,56,36,30.29,30.23,30.19,15,15,15,23,12,,0.00,0,,41
1965-2-14,53,42,30,30,28,26,92,64,38,30.24,30.14,30.02,15,15,15,16,8,,0.00,0,,230
1965-2-15,52,44,36,47,38,31,86,77,67,30.13,30.08,30.04,15,11,6,14,8,,0.00,0,Rain,99
1965-2-16,50,48,44,49,47,43,97,95,93,30.20,30.16,30.09,10,6,3,17,13,,0.66,,Fog-Rain,25
1965-2-17,52,48,43,46,43,41,97,90,80,30.25,30.20,30.15,8,5,3,21,16,,0.13,,Fog-Rain,22
1965-2-18,55,52,48,46,41,38,90,71,55,30.31,30.26,30.22,15,14,8,16,13,,0.00,,,345
1965-2-19,62,54,46,50,43,37,83,68,39,30.26,30.19,30.10,15,13,10,14,11,,0.00,,,316
1965-2-20,68,55,42,47,43,38,89,68,45,30.10,29.96,29.83,15,14,10,16,6,,0.00,0,,222
1965-2-21,66,56,45,46,42,34,93,68,45,30.22,30.02,29.86,15,13,10,21,9,,0.00,0,,60
1965-2-22,57,47,37,50,32,21,86,58,49,30.22,30.09,29.85,15,14,10,21,15,,0.00,0,,106
1965-2-23,66,54,33,60,51,27,100,90,78,29.81,29.68,29.52,15,9,4,21,16,,0.04,,Fog-Rain,175
1965-2-24,42,33,24,21,18,15,81,59,37,30.27,30.10,29.91,15,12,5,32,24,,0.01,0,Snow,333
1965-2-25,61,47,33,30,21,16,61,41,20,30.43,30.36,30.32,15,11,5,14,8,,0.00,0,,301
1965-2-26,64,50,37,42,31,26,67,49,26,30.38,30.31,30.20,15,14,10,18,7,,0.00,0,,197
1965-2-27,70,58,46,52,48,44,97,75,49,30.19,30.02,29.84,15,14,8,17,8,,0.00,0,,186
1965-2-28,72,66,59,60,59,56,93,84,66,29.80,29.64,29.50,15,12,10,21,15,,0.00,0,,181
1965-3-1,62,58,46,58,50,32,100,81,51,29.91,29.66,29.49,15,9,0,28,12,,0.01,0,Fog-Rain,318
1965-3-2,45,40,35,27,24,22,67,54,44,30.10,30.02,29.94,15,15,15,26,21,,0.00,0,,2
1965-3-3,45,38,32,31,26,22,92,67,42,30.23,30.15,30.05,15,12,1,18,15,,0.02,0,Snow,359
1965-3-4,52,40,28,18,17,15,64,41,24,30.30,30.23,30.17,15,15,15,24,13,,0.00,0,,307
1965-3-5,60,48,37,24,21,18,50,36,21,30.16,30.10,30.02,15,14,10,26,13,,0.00,0,,308
1965-3-6,64,52,39,30,26,22,63,41,19,30.18,30.12,30.09,15,15,15,21,12,,0.00,0,,326
1965-3-7,60,50,39,26,23,19,55,37,20,30.31,30.23,30.15,15,15,15,23,16,,0.00,0,,1
1965-3-8,66,52,37,45,34,23,64,50,35,30.15,30.08,29.95,15,14,10,21,7,,0.00,0,,218
1965-3-9,72,59,46,59,53,45,93,79,64,30.02,29.96,29.88,15,10,4,10,6,,0.00,0,Fog,192
1965-3-10,84,72,61,60,53,42,93,65,23,29.97,29.93,29.86,15,12,7,14,9,,0.00,,,283
1965-3-11,69,61,53,64,56,48,93,84,75,30.01,29.91,29.79,10,8,6,13,9,,0.00,,,100
1965-3-12,66,62,53,65,59,50,100,92,78,30.00,29.91,29.84,10,7,5,16,10,,0.07,,Fog-Rain,9
1965-3-13,62,56,50,50,48,47,89,81,62,30.14,30.09,30.05,10,8,7,18,12,,0.00,,Rain,45
1965-3-14,75,60,46,57,52,45,93,75,53,30.08,30.00,29.90,15,10,6,14,4,,0.00,0,Fog,204
1965-3-15,75,66,57,61,59,56,96,78,59,30.06,29.99,29.94,10,8,4,9,6,,0.00,0,Fog,195
1965-3-16,75,68,61,65,62,59,97,83,62,29.99,29.84,29.68,15,10,7,17,10,,0.00,0,,187
1965-3-17,77,66,54,55,45,38,97,56,24,29.83,29.77,29.72,15,11,4,16,6,,0.00,0,Rain-Thunderstorm,310
1965-3-18,48,42,37,37,25,19,64,50,36,30.30,30.13,29.87,15,15,15,28,20,,0.00,0,,16
1965-3-19,41,34,28,15,13,11,54,42,31,30.42,30.35,30.30,15,15,15,24,19,,0.00,0,,25
1965-3-20,45,34,24,21,18,16,75,54,35,30.60,30.50,30.44,15,15,15,18,13,,0.00,0,,34
1965-3-21,60,45,30,40,28,21,69,52,38,30.50,30.41,30.28,15,12,10,18,9,,0.00,,,142
1965-3-22,72,62,52,61,53,42,86,76,64,30.27,30.13,29.97,10,9,7,18,10,,0.00,,,179
1965-3-23,73,68,55,64,58,40,93,77,55,29.94,29.90,29.84,10,10,10,18,15,,0.00,,,188
1965-3-24,53,46,39,40,38,36,93,81,52,30.00,29.94,29.88,10,7,3,17,14,,0.00,,Fog,25
1965-3-25,43,40,37,40,37,34,97,90,82,30.04,29.94,29.87,10,7,1,20,13,,0.01,,Fog,22
1965-3-26,55,46,36,33,30,26,83,62,38,30.26,30.17,30.08,15,11,8,21,18,,0.00,0,,30
1965-3-27,59,48,37,51,40,32,86,74,66,30.16,30.09,29.99,15,11,7,12,6,,0.00,0,,77
1965-3-28,70,62,55,67,59,54,100,94,87,30.01,29.95,29.88,7,4,0,8,6,,0.00,,Fog,154
1965-3-29,75,69,57,69,65,54,100,93,82,30.09,29.97,29.91,15,7,1,18,10,,0.02,,Fog-Rain,158
1965-3-30,55,52,50,52,50,48,96,93,89,30.26,30.18,30.12,10,6,1,20,14,,0.14,,Fog-Rain,359
1965-3-31,60,55,50,57,53,50,100,93,83,30.25,30.19,30.13,10,6,2,15,11,,0.00,,Fog,14
1965-4-1,68,62,55,65,60,55,100,95,87,30.10,30.06,29.99,10,4,0,14,7,,0.00,,Fog-Rain,98
1965-4-2,73,70,66,68,66,65,100,90,81,30.01,29.95,29.88,15,10,2,20,13,,0.00,,Fog,169
1965-4-3,79,74,69,70,68,67,96,85,69,29.98,29.93,29.89,10,9,7,14,11,,0.00,,,180
1965-4-4,82,76,70,68,66,63,93,79,56,29.95,29.90,29.81,10,10,8,18,10,,0.00,,,169
1965-4-5,82,76,70,67,66,63,90,76,54,29.87,29.82,29.76,10,10,10,21,12,,0.00,,,169
1965-4-6,73,70,66,68,67,66,97,91,82,29.99,29.94,29.87,10,8,5,16,8,,0.10,,Fog-Rain-Thunderstorm,140
1965-4-7,78,73,68,70,68,66,100,87,71,29.99,29.93,29.86,10,6,0,14,5,,0.00,,Fog,168
1965-4-8,78,74,69,70,67,66,93,83,71,29.94,29.87,29.81,10,8,7,14,8,,0.00,,,174
1965-4-9,80,74,68,68,66,65,90,81,64,29.91,29.85,29.78,10,8,5,14,8,,0.00,,Fog,170
1965-4-10,81,76,70,72,67,66,100,82,62,29.81,29.71,29.61,10,9,5,15,11,,0.00,,,178
1965-4-11,80,76,72,70,69,67,93,83,64,29.79,29.69,29.61,10,8,5,13,9,,0.00,,Fog,155
1965-4-12,82,76,70,71,69,67,97,85,60,29.96,29.88,29.81,10,8,0,14,7,,0.00,,Fog,74
1965-4-13,79,74,70,71,68,66,97,84,68,30.01,29.95,29.91,10,6,4,10,6,,0.00,0,Fog,136
1965-4-14,82,76,69,68,67,64,93,78,60,29.97,29.87,29.75,9,7,5,17,10,,0.00,,,180
1965-4-15,82,74,66,68,53,40,96,58,24,30.08,29.93,29.82,15,12,7,16,9,,0.02,0,,321
1965-4-16,75,62,48,46,43,40,83,50,29,30.19,30.12,30.04,15,13,10,12,8,,0.00,0,,50
1965-4-17,80,66,51,61,53,49,92,66,40,30.05,29.96,29.84,15,13,7,18,9,,0.00,0,,201
1965-4-18,87,76,66,68,65,62,90,73,51,29.90,29.84,29.76,15,11,10,17,12,,0.00,0,,194
1965-4-19,79,72,66,65,60,52,87,68,50,29.97,29.93,29.89,10,10,8,14,9,,0.00,,Rain-Thunderstorm,35
1965-4-20,84,70,57,61,51,47,84,53,27,30.12,30.06,30.02,15,12,10,12,7,,0.00,0,,93
1965-4-21,84,72,61,60,55,51,90,59,33,30.10,30.07,30.03,15,12,10,14,7,,0.00,0,,181
1965-4-22,84,72,59,60,56,51,81,61,41,30.13,30.09,30.05,15,14,10,12,5,,0.00,0,,164
1965-4-23,82,72,61,63,61,59,97,70,44,30.09,30.03,29.95,15,12,5,13,6,,0.00,0,Fog,160
1965-4-24,82,73,64,63,62,61,93,71,49,29.97,29.88,29.77,15,12,7,15,8,,0.00,0,,180
1965-4-25,82,74,66,66,63,61,90,70,49,29.88,29.82,29.73,15,12,10,9,6,,0.00,,,144
1965-4-26,73,68,59,63,60,57,93,85,68,29.96,29.87,29.84,15,9,6,17,9,,0.17,,Rain-Thunderstorm,295
1965-4-27,66,62,57,57,53,50,97,75,54,30.18,30.08,29.98,15,9,4,16,12,,0.00,,Fog,9
1965-4-28,70,62,53,51,45,38,80,60,33,30.34,30.28,30.22,15,14,10,18,11,,0.00,0,,14
1965-4-29,75,63,51,42,38,34,66,44,23,30.43,30.37,30.30,15,15,15,8,7,,0.00,0,,59
1965-4-30,78,63,48,46,41,34,89,50,21,30.38,30.31,30.20,15,14,10,9,5,,0.00,0,,208
1965-5-1,78,65,52,54,51,50,93,61,39,30.24,30.14,30.02,15,15,15,14,8,,0.00,0,,175
1965-5-2,80,68,55,61,58,54,93,72,52,30.05,29.98,29.91,15,11,10,16,8,,0.00,0,,168
1965-5-3,82,74,66,66,64,63,93,77,56,29.98,29.95,29.91,10,9,4,16,12,,0.00,0,Fog,170
1965-5-4,78,74,69,68,66,63,93,78,64,30.02,29.98,29.95,10,7,5,20,12,,0.00,,Fog,164
1965-5-5,78,74,69,68,67,65,90,83,71,29.97,29.92,29.85,10,8,5,20,13,,0.06,,Fog-Rain-Thunderstorm,178
1965-5-6,81,76,70,69,67,66,90,81,65,29.92,29.89,29.86,10,8,4,17,12,,0.00,,Fog,170
1965-5-7,84,77,70,68,67,66,90,74,55,29.90,29.87,29.81,10,10,7,18,12,,0.00,,,164
1965-5-8,80,76,72,69,68,67,91,80,69,29.86,29.84,29.81,10,10,10,16,12,,0.00,,,164
1965-5-9,79,72,66,70,68,63,96,82,72,29.96,29.88,29.83,15,10,6,17,9,,0.12,,Rain-Thunderstorm,161
1965-5-10,80,76,72,70,69,68,91,81,69,29.96,29.91,29.87,10,9,6,15,11,,0.00,,Fog-Rain,157
1965-5-11,73,70,66,70,67,65,97,93,87,30.12,30.06,29.99,8,6,5,17,11,,0.60,,Fog-Rain-Thunderstorm,52
1965-5-12,79,74,69,69,68,65,97,82,62,30.13,30.07,29.99,10,9,6,12,6,,0.00,,Fog,119
1965-5-13,79,74,70,67,65,63,90,75,64,30.05,29.91,29.79,10,9,7,15,8,,0.00,,Rain,195
1965-5-14,77,74,70,71,69,66,93,88,82,29.81,29.76,29.71,10,8,2,20,14,,0.00,,Fog-Rain,169
1965-5-15,81,76,70,70,70,69,97,81,69,29.89,29.84,29.79,10,8,2,16,11,,0.00,,Fog,170
1965-5-16,75,68,62,70,66,61,100,90,84,30.04,29.97,29.92,10,8,0,21,13,,2.74,,Rain-Thunderstorm,101
1965-5-17,75,70,66,69,67,64,93,84,74,30.04,29.98,29.92,15,12,7,14,7,,0.01,,Rain,215
1965-5-18,73,70,66,70,66,65,96,88,76,29.95,29.91,29.85,15,12,6,18,8,,0.28,,Fog-Rain-Thunderstorm,137
1965-5-19,75,70,66,68,65,64,96,85,67,30.05,29.98,29.94,15,10,5,9,6,,0.16,0,Rain,67
1965-5-20,80,73,66,66,65,63,97,80,60,30.01,29.97,29.90,15,10,5,10,5,,0.00,,Fog,46
1965-5-21,82,73,64,68,66,64,100,80,58,29.96,29.92,29.88,15,10,0,7,4,,0.00,0,Fog,66
1965-5-22,81,76,70,70,68,65,97,79,58,29.98,29.94,29.88,15,11,6,14,6,,0.00,,Fog,96
1965-5-23,79,75,71,72,70,68,93,83,71,29.93,29.88,29.81,10,9,5,13,7,,0.01,,Fog,148
1965-5-24,86,79,72,69,68,67,91,75,55,29.88,29.86,29.83,15,13,10,16,11,,0.00,,,169
1965-5-25,86,80,73,71,70,68,87,75,55,29.90,29.84,29.73,15,13,10,17,13,,0.00,,,167
1965-5-26,84,80,75,73,70,68,84,74,58,29.81,29.75,29.70,15,13,10,21,13,,0.00,,,189
1965-5-27,87,81,75,75,72,69,91,78,55,29.92,29.87,29.83,15,11,7,12,7,,0.00,,Fog,156
1965-5-28,84,75,66,75,69,65,93,86,63,30.08,29.96,29.90,15,10,6,21,8,,0.11,,Fog-Rain-Thunderstorm,128
1965-5-29,78,72,66,68,66,64,100,83,64,30.17,30.10,30.06,15,12,10,9,7,,0.09,,Rain-Thunderstorm,62
1965-5-30,78,73,68,70,68,65,90,83,74,30.10,30.04,29.95,15,9,7,9,5,,0.00,,,157
1965-5-31,84,76,69,71,69,67,93,80,61,29.98,29.91,29.83,15,10,4,16,8,,0.00,0,Fog,185
1965-6-1,87,80,72,70,69,68,93,75,53,29.91,29.89,29.86,15,12,7,17,10,,0.00,0,,178
1965-6-2,88,82,75,71,70,70,87,75,55,29.97,29.93,29.90,15,12,5,16,10,,0.00,,Fog,176
1965-6-3,87,79,71,70,69,67,96,76,53,30.00,29.94,29.88,15,11,2,17,11,,0.00,0,Fog,178
1965-6-4,88,80,72,70,69,67,93,74,51,29.92,29.86,29.80,15,13,7,21,12,,0.00,,,174
1965-6-5,75,69,63,73,68,62,97,92,84,29.95,29.91,29.86,10,8,5,15,10,,0.11,,Fog-Rain-Thunderstorm,80
1965-6-6,82,74,66,71,68,65,97,85,65,30.02,29.95,29.90,15,8,0,9,3,,0.00,,Fog,101
1965-6-7,84,75,66,71,69,65,97,84,63,29.99,29.93,29.87,15,10,6,9,4,,0.00,,Fog,171
1965-6-8,87,80,73,72,71,70,93,77,59,29.99,29.95,29.91,15,13,10,16,8,,0.00,,,176
1965-6-9,88,80,72,71,69,66,97,74,51,29.98,29.93,29.84,15,13,7,15,9,,0.00,0,,165
1965-6-10,88,80,71,72,69,68,96,76,51,29.98,29.92,29.86,15,14,10,13,7,,0.00,0,Fog,140
1965-6-11,87,78,70,70,67,61,97,69,41,29.99,29.91,29.82,15,12,7,10,4,,0.00,0,,179
1965-6-12,89,79,69,68,66,65,90,66,45,29.88,29.83,29.74,15,14,10,10,4,,0.00,0,,180
1965-6-13,88,80,71,70,69,68,91,71,51,29.78,29.74,29.68,15,14,10,17,8,,0.00,0,,182
1965-6-14,93,83,73,72,70,68,90,69,49,29.76,29.73,29.69,15,15,15,14,10,,0.00,0,,190
1965-6-15,91,82,73,72,70,68,91,71,47,29.80,29.76,29.74,15,15,15,13,8,,0.00,0,,172
1965-6-16,90,80,71,72,68,64,87,66,50,29.93,29.90,29.87,15,13,10,12,8,,0.00,,,153
1965-6-17,91,83,75,73,71,69,90,72,48,30.05,30.02,29.98,15,11,8,12,4,,0.00,,,128
1965-6-18,89,81,73,69,65,61,84,64,40,30.10,30.05,30.00,10,9,7,12,8,,0.00,0,,72
1965-6-19,90,80,70,69,65,64,81,64,45,30.06,30.01,29.95,10,8,6,12,9,,0.00,0,,85
1965-6-20,90,81,72,71,68,65,91,68,45,30.04,29.97,29.90,15,12,10,10,3,,0.00,0,,164
1965-6-21,89,81,73,71,69,65,93,70,45,29.98,29.94,29.88,15,14,10,12,6,,0.00,0,,171
1965-6-22,87,81,75,72,71,66,90,75,49,29.99,29.96,29.91,15,13,10,14,9,,0.06,,Rain-Thunderstorm,176
1965-6-23,87,81,75,74,73,71,94,78,61,30.07,30.03,30.00,15,12,10,13,7,,0.14,,Rain,167
1965-6-24,91,83,75,73,71,68,94,72,45,30.06,30.00,29.91,15,13,8,10,6,,0.00,0,,178
1965-6-25,89,81,73,72,69,66,93,69,46,29.96,29.91,29.83,15,13,8,14,10,,0.00,0,,189
1965-6-26,90,82,75,72,70,67,87,68,46,29.99,29.94,29.89,15,12,10,18,15,,0.00,0,,176
1965-6-27,91,82,72,71,69,67,93,69,44,30.11,30.07,30.04,15,13,8,15,10,,0.00,0,,169
1965-6-28,90,82,73,71,70,68,93,70,48,30.17,30.14,30.11,15,13,8,15,8,,0.00,0,Rain,171
1965-6-29,91,82,73,72,69,67,90,69,46,30.16,30.11,30.04,15,12,8,10,6,,0.00,0,,146
1965-6-30,91,82,73,71,68,65,87,65,42,30.18,30.11,30.06,15,13,10,10,4,,0.00,0,,151
1965-7-1,91,82,73,69,67,63,87,62,39,30.13,30.09,30.01,15,14,10,10,6,,0.00,0,,201
1965-7-2,91,81,71,70,66,63,90,62,39,30.05,30.01,29.94,15,14,10,15,8,,0.00,0,,195
1965-7-3,90,80,71,70,67,65,90,67,43,30.04,30.00,29.96,15,14,10,9,7,,0.00,0,,180
1965-7-4,91,81,71,71,68,64,93,68,42,30.02,29.98,29.93,15,14,10,9,7,,0.00,,,187
1965-7-5,91,82,72,71,69,65,97,66,41,30.05,30.00,29.94,15,14,10,14,6,,0.00,0,,181
1965-7-6,93,82,72,70,67,61,93,63,34,30.08,30.02,29.95,15,14,10,14,10,,0.00,0,,190
1965-7-7,91,82,73,71,68,64,93,63,39,30.06,30.00,29.91,15,15,15,10,8,,0.00,0,,193
1965-7-8,91,82,73,70,68,65,90,64,41,29.99,29.94,29.86,15,15,15,16,11,,0.00,0,,190
1965-7-9,93,83,73,71,66,61,90,61,34,29.97,29.93,29.89,15,14,10,15,11,,0.00,0,,189
1965-7-10,93,83,73,70,66,62,90,61,37,30.04,29.98,29.94,15,15,15,14,10,,0.00,0,,181
1965-7-11,93,83,73,71,66,60,93,61,33,30.06,30.01,29.93,15,15,15,14,9,,0.00,0,,183
1965-7-12,93,84,75,71,67,64,87,60,39,30.05,30.00,29.95,15,15,15,12,7,,0.00,0,,183
1965-7-13,95,84,73,70,67,65,87,58,37,30.02,29.98,29.92,15,15,15,9,8,,0.00,0,,193
1965-7-14,93,83,73,69,66,62,79,60,35,30.03,29.98,29.92,15,15,15,12,6,,0.00,0,,184
1965-7-15,91,81,71,73,69,67,87,72,47,30.06,30.00,29.94,15,13,10,12,4,,0.00,,,224
1965-7-16,93,82,71,71,67,64,90,64,39,30.08,30.02,29.97,15,14,10,12,4,,0.00,0,,212
1965-7-17,93,84,75,71,69,65,87,62,40,30.11,30.04,29.97,15,14,10,12,7,,0.00,0,,191
1965-7-18,96,86,75,72,68,63,87,58,34,30.04,29.99,29.90,15,14,10,14,9,,0.00,0,,177
1965-7-19,96,86,75,72,68,63,90,59,35,29.99,29.93,29.85,15,14,10,13,9,,0.00,0,,175
1965-7-20,93,83,73,70,67,65,87,60,38,30.00,29.95,29.91,15,14,10,13,7,,0.00,0,,174
1965-7-21,95,84,73,71,66,62,84,58,35,30.10,30.03,29.98,15,15,15,13,6,,0.00,,,167
1965-7-22,96,84,73,69,65,60,82,54,30,30.08,30.02,29.95,15,15,15,10,6,,0.00,0,,168
1965-7-23,97,86,75,68,66,65,79,53,36,30.03,29.96,29.91,15,11,10,12,5,,0.00,0,,161
1965-7-24,95,85,75,69,67,65,74,56,38,30.01,29.95,29.90,15,14,10,9,6,,0.00,,,189
1965-7-25,91,83,75,69,68,65,79,58,41,30.00,29.96,29.93,15,15,15,9,6,,0.00,,,176
1965-7-26,93,86,79,70,66,61,74,54,33,30.03,29.98,29.91,15,12,10,10,5,,0.00,,,165
1965-7-27,96,86,75,71,66,62,87,56,32,30.06,29.98,29.90,15,15,15,12,7,,0.00,0,,173
1965-7-28,99,87,75,70,65,61,79,49,28,30.00,29.93,29.83,15,14,10,10,7,,0.00,0,,208
1965-7-29,91,83,75,75,69,62,90,61,38,29.97,29.94,29.90,15,12,8,16,10,,0.09,0,Rain-Thunderstorm,41
1965-7-30,93,82,72,67,60,52,78,51,26,30.04,29.99,29.94,15,10,7,12,8,,0.00,0,,36
1965-7-31,96,83,70,62,57,54,65,44,25,30.01,29.95,29.88,15,11,10,9,7,,0.00,0,,41
1965-8-1,91,82,73,64,63,61,73,52,35,30.00,29.98,29.95,15,11,10,18,7,,0.00,0,Rain,15
1965-8-2,95,84,73,65,58,49,76,45,22,29.98,29.93,29.85,15,13,10,8,5,,0.00,,,15
1965-8-3,95,83,71,68,62,56,78,51,29,29.91,29.88,29.84,15,12,7,14,3,,0.00,0,,125
1965-8-4,93,81,69,68,66,63,90,62,37,29.98,29.93,29.86,15,14,10,12,4,,0.00,0,,143
1965-8-5,91,82,73,70,68,66,90,65,45,30.03,29.97,29.93,15,14,10,13,7,,0.00,0,,179
1965-8-6,90,82,75,73,70,67,87,71,49,30.03,29.98,29.94,15,13,10,14,10,,0.00,0,,171
1965-8-7,95,84,73,73,69,64,91,65,38,29.97,29.93,29.84,15,15,15,15,7,,0.00,0,,185
1965-8-8,97,86,75,72,69,64,87,63,35,30.01,29.94,29.86,15,13,10,10,7,,0.00,0,,201
1965-8-9,99,87,75,70,67,62,84,62,30,30.01,29.96,29.92,15,14,10,12,5,,0.01,0,Rain-Thunderstorm,170
1965-8-10,93,83,73,71,68,63,93,68,37,30.07,30.02,29.96,15,12,4,9,7,,0.82,,Rain-Thunderstorm,134
1965-8-11,93,82,70,70,66,60,91,66,33,30.09,30.03,29.96,15,14,10,12,5,,0.00,0,,186
1965-8-12,93,81,69,67,63,57,90,60,33,30.06,30.02,29.94,15,12,5,7,4,,0.00,0,Fog,162
1965-8-13,91,80,70,68,66,63,93,65,41,30.05,30.00,29.94,10,9,5,10,6,,0.00,0,Fog,160
1965-8-14,93,82,72,73,69,66,93,70,42,30.08,30.04,29.99,15,13,10,9,5,,0.00,0,,152
1965-8-15,88,82,75,74,71,67,87,74,59,30.09,30.05,29.99,15,13,10,10,5,,0.00,0,Rain,152
1965-8-16,93,84,75,73,69,63,91,64,37,30.05,29.98,29.89,15,14,10,10,6,,0.00,0,,174
1965-8-17,95,85,75,72,68,65,90,61,37,29.95,29.90,29.82,15,14,10,10,7,,0.00,0,,176
1965-8-18,93,83,73,71,69,64,93,64,39,29.95,29.89,29.82,15,15,15,14,8,,0.00,0,,178
1965-8-19,97,85,73,72,68,60,93,62,29,29.94,29.89,29.82,15,14,10,15,9,,0.00,0,,184
1965-8-20,97,85,73,72,67,63,87,58,32,29.99,29.92,29.81,15,15,15,14,7,,0.00,0,,193
1965-8-21,97,84,72,71,67,62,87,59,31,29.99,29.94,29.88,15,15,15,13,8,,0.00,0,,193
1965-8-22,96,86,75,71,67,62,87,58,32,30.06,30.00,29.93,15,15,15,10,8,,0.00,0,,170
1965-8-23,97,86,75,72,68,64,85,59,36,30.05,29.99,29.89,15,14,10,12,7,,0.00,,,174
1965-8-24,96,86,73,72,69,65,90,69,36,29.97,29.93,29.85,15,14,10,17,8,,0.06,0,Rain,158
1965-8-25,93,82,72,72,71,68,93,73,46,30.00,29.93,29.89,15,13,10,12,6,,0.00,,,159
1965-8-26,96,86,75,73,69,63,94,64,34,29.99,29.95,29.88,15,14,8,12,7,,0.00,0,,181
1965-8-27,95,84,73,72,69,65,93,63,38,30.02,29.96,29.89,15,15,15,13,8,,0.00,0,,173
1965-8-28,93,84,75,73,70,64,90,69,37,30.07,30.02,29.99,15,14,10,16,7,,0.00,0,Rain-Thunderstorm,167
1965-8-29,93,82,72,72,68,65,93,67,39,30.11,30.04,29.97,15,15,15,9,3,,0.00,0,,180
1965-8-30,93,83,73,72,69,66,87,66,41,30.06,29.99,29.88,15,15,15,14,7,,0.00,0,,182
1965-8-31,95,85,75,75,71,65,91,63,37,29.98,29.92,29.81,15,14,10,16,11,,0.00,0,,181
1965-9-1,91,84,77,72,69,65,82,68,45,30.04,30.00,29.93,15,15,15,15,9,,0.00,,,34
1965-9-2,91,81,71,69,68,66,90,67,45,30.04,29.97,29.87,15,12,10,12,6,,0.00,,,83
1965-9-3,93,82,72,71,69,68,91,64,44,29.92,29.87,29.79,15,13,8,14,7,,0.00,0,,180
1965-9-4,97,86,75,69,69,68,82,58,39,29.88,29.84,29.77,15,14,10,21,9,,0.00,0,,186
1965-9-5,95,86,77,69,68,68,76,58,41,29.99,29.94,29.90,15,14,10,14,9,,0.00,0,,177
1965-9-6,90,82,75,69,68,68,79,66,48,30.09,30.03,29.99,15,14,10,14,6,,0.00,0,,167
1965-9-7,88,80,73,73,71,70,91,72,55,30.08,30.04,29.99,15,13,7,9,3,,0.00,0,,144
1965-9-8,93,83,73,71,66,61,87,60,35,30.06,30.00,29.92,15,11,8,13,6,,0.00,0,,135
1965-9-9,95,85,75,67,63,59,76,52,31,29.96,29.89,29.78,15,14,10,12,5,,0.00,0,,158
1965-9-10,98,85,72,62,57,48,71,43,19,29.85,29.81,29.78,15,12,10,12,7,,0.00,,,359
1965-9-11,96,86,75,64,62,59,64,46,31,30.02,29.95,29.89,15,14,10,12,6,,0.00,0,,45
1965-9-12,96,84,73,70,66,61,82,55,33,30.11,30.04,30.00,15,15,15,10,6,,0.00,0,,188
1965-9-13,97,88,79,73,68,63,82,54,32,30.13,30.05,29.97,15,15,15,13,8,,0.00,0,,183
1965-9-14,97,85,73,70,66,61,79,54,32,29.99,29.92,29.81,15,15,15,13,8,,0.00,0,,185
1965-9-15,97,85,73,71,66,60,91,57,31,29.84,29.79,29.70,15,15,15,16,9,,0.00,0,,181
1965-9-16,98,88,77,72,67,60,81,58,28,29.80,29.75,29.70,15,15,15,18,14,,0.00,0,,0
1965-9-17,91,83,75,73,71,70,87,69,50,29.99,29.92,29.86,15,14,10,15,11,,0.00,0,,168
1965-9-18,91,83,75,73,71,69,90,72,50,30.06,30.02,29.97,15,13,7,17,9,,0.00,,,143
1965-9-19,93,85,77,75,74,72,94,78,49,30.04,29.97,29.87,15,11,4,13,9,,0.48,,Rain,155
1965-9-20,90,82,75,74,72,68,91,73,51,29.93,29.87,29.79,15,13,9,16,10,,0.00,0,,163
1965-9-21,91,84,77,74,71,67,90,68,45,29.91,29.84,29.78,15,14,10,18,12,,0.00,,,177
1965-9-22,79,72,66,74,69,66,97,90,84,29.96,29.90,29.85,15,10,1,18,9,,0.92,,Fog-Rain-Thunderstorm,60
1965-9-23,75,72,70,70,69,67,93,89,84,30.04,30.00,29.97,15,10,6,14,8,,0.00,,Fog-Rain,59
1965-9-24,77,73,68,66,63,61,87,75,58,30.09,30.05,30.01,15,13,10,16,11,,0.00,,,35
1965-9-25,72,66,60,64,59,55,90,80,64,30.06,30.01,29.94,15,12,8,12,8,,0.02,,Rain,40
1965-9-26,66,64,61,62,59,56,87,84,81,30.09,30.04,29.99,10,9,6,9,6,,0.11,,Rain,64
1965-9-27,80,71,62,59,55,47,84,63,31,30.11,30.06,29.99,15,14,10,14,9,,0.00,0,,38
1965-9-28,82,70,57,65,59,53,84,66,51,29.99,29.92,29.82,15,12,10,13,7,,0.00,0,,43
1965-9-29,84,74,64,67,64,63,96,74,49,29.81,29.74,29.64,15,12,10,8,5,,0.00,0,,153
1965-9-30,72,66,59,64,56,47,87,72,54,30.02,29.86,29.70,15,12,10,20,7,,0.00,0,,321
1965-10-1,70,62,55,54,48,44,93,61,40,30.19,30.14,30.06,15,13,10,16,9,,0.00,,,359
1965-10-2,66,63,60,59,55,53,96,78,63,30.26,30.21,30.16,10,10,10,12,6,,0.00,,Rain,357
1965-10-3,63,60,54,60,57,54,100,91,75,30.26,30.22,30.20,10,8,3,14,8,,0.38,,Fog-Rain,354
1965-10-4,62,58,54,57,56,54,100,93,84,30.18,30.12,30.07,15,9,6,12,10,,0.31,,Fog-Rain,355
1965-10-5,64,60,57,59,58,57,100,92,80,30.06,30.02,29.96,15,9,4,9,8,,0.00,,Fog-Rain,36
1965-10-6,70,64,57,60,58,55,100,84,59,29.98,29.94,29.89,15,10,7,6,3,,0.01,,,33
1965-10-7,84,70,55,58,55,52,89,65,34,29.96,29.91,29.86,15,11,0,5,3,,0.00,0,Fog,252
1965-10-8,87,72,57,59,55,50,81,60,30,30.00,29.94,29.90,15,12,10,9,4,,0.00,0,,218
1965-10-9,87,74,60,62,58,56,86,63,37,30.01,29.95,29.89,15,13,10,9,5,,0.00,0,,214
1965-10-10,86,74,61,65,60,56,87,67,41,30.02,29.94,29.90,15,12,4,9,5,,0.00,0,Fog,190
1965-10-11,79,72,64,65,63,60,90,76,60,30.04,30.00,29.96,10,8,0,8,5,,0.00,0,Fog,122
1965-10-12,73,68,62,65,56,47,78,66,56,30.14,30.06,30.00,10,10,10,14,8,,0.00,0,,26
1965-10-13,80,72,63,65,61,57,84,74,56,30.03,29.97,29.89,10,9,6,12,4,,0.00,0,Fog,163
1965-10-14,82,74,66,68,66,64,96,79,56,29.98,29.92,29.86,10,9,6,14,8,,0.00,0,Fog-Rain,185
1965-10-15,84,77,70,68,66,64,93,73,51,29.92,29.88,29.84,15,12,10,16,11,,0.00,0,,179
1965-10-16,87,79,71,68,66,63,90,72,44,29.97,29.93,29.89,15,12,10,18,13,,0.00,,,168
1965-10-17,81,76,71,69,68,65,93,77,62,30.02,29.97,29.91,15,13,10,16,11,,0.00,,,149
1965-10-18,73,68,63,69,66,63,100,91,79,29.93,29.88,29.75,10,8,4,22,13,,0.44,,Rain-Thunderstorm,130
1965-10-19,75,68,60,63,62,60,100,84,62,29.95,29.92,29.88,15,11,8,8,5,,0.00,0,,60
1965-10-20,77,68,59,63,58,48,97,75,54,30.16,30.04,29.95,15,11,0,17,8,,0.00,0,Fog,350
1965-10-21,73,64,53,47,43,36,72,50,30,30.26,30.20,30.15,15,14,10,23,15,,0.00,0,,347
1965-10-22,73,60,48,42,36,30,66,46,20,30.22,30.15,30.09,15,15,15,12,8,,0.00,0,,312
1965-10-23,81,64,46,48,45,43,89,56,31,30.08,30.03,29.96,15,15,15,16,6,,0.00,0,,306
1965-10-24,71,65,51,48,39,29,62,44,21,30.28,30.20,30.07,15,15,15,17,13,,0.00,0,,16
1965-10-25,68,56,43,38,34,31,62,47,28,30.35,30.29,30.24,15,15,15,9,5,,0.00,0,,62
1965-10-26,75,60,46,45,42,39,79,56,29,30.34,30.29,30.25,15,15,15,5,3,,0.00,0,,275
1965-10-27,75,62,50,47,44,41,86,57,29,30.31,30.25,30.19,15,14,10,8,6,,0.00,0,,343
1965-10-28,75,62,48,47,45,44,86,59,33,30.26,30.22,30.17,15,14,10,7,5,,0.00,0,,69
1965-10-29,73,60,48,45,41,33,80,52,23,30.38,30.31,30.27,15,13,7,6,4,,0.00,0,,49
1965-10-30,73,60,48,47,43,40,77,57,30,30.39,30.33,30.27,15,13,7,6,3,,0.00,0,,170
1965-10-31,75,64,52,47,44,40,77,53,27,30.34,30.30,30.26,15,14,10,8,2,,0.00,0,,267
1965-11-1,73,60,48,50,46,44,89,63,34,30.38,30.32,30.28,15,10,8,8,5,,0.00,0,,295
1965-11-2,63,58,54,58,53,47,87,82,77,30.37,30.32,30.28,15,8,3,9,3,,0.04,,Fog-Rain,351
1965-11-3,64,62,59,64,60,55,97,91,83,30.28,30.22,30.17,7,4,1,9,6,,0.21,,Fog-Rain,46
1965-11-4,66,64,63,63,62,62,97,94,90,30.22,30.19,30.15,8,5,1,12,8,,0.00,,Fog,346
1965-11-5,66,64,57,60,58,56,93,84,75,30.21,30.17,30.13,15,12,10,15,10,,0.00,,,328
1965-11-6,73,64,55,59,57,54,100,84,57,30.21,30.16,30.12,15,10,6,8,6,,0.00,0,Fog,1
1965-11-7,72,64,55,62,58,54,97,83,68,30.22,30.16,30.12,10,7,4,7,5,,0.00,0,,27
1965-11-8,66,64,60,64,62,58,100,94,90,30.13,30.09,30.06,10,6,0,10,6,,0.28,,Fog-Rain,87
1965-11-9,69,63,55,60,57,54,97,87,58,30.18,30.12,30.09,15,8,3,14,11,,0.08,,Fog-Rain,26
1965-11-10,68,60,51,58,54,50,100,90,70,30.17,30.12,30.08,7,6,4,7,5,,0.00,0,Fog,16
1965-11-11,63,59,55,62,59,56,100,98,93,30.09,30.04,29.95,6,3,0,9,5,,0.01,,Fog,127
1965-11-12,79,70,60,64,61,59,100,86,52,29.98,29.93,29.87,15,7,0,8,5,,0.00,0,Fog,195
1965-11-13,77,64,52,60,55,50,97,77,47,30.04,30.00,29.96,10,10,8,8,6,,0.00,0,,220
1965-11-14,75,68,61,63,61,59,97,83,60,30.17,30.10,30.06,15,9,1,13,7,,0.00,0,Fog,184
1965-11-15,80,71,62,67,64,60,93,83,60,30.09,30.02,29.94,15,10,7,17,8,,0.00,0,,200
1965-11-16,78,72,66,67,66,64,96,86,68,30.00,29.95,29.90,15,11,4,13,7,,0.00,0,Fog,194
1965-11-17,66,60,53,60,43,34,90,56,37,30.18,30.10,30.02,15,14,10,17,12,,0.00,0,,31
1965-11-18,70,64,57,62,52,40,96,73,53,30.12,30.06,30.00,15,9,4,9,5,,0.00,0,Fog,163
1965-11-19,77,69,61,64,63,61,100,87,62,30.03,29.97,29.91,10,6,0,9,4,,0.00,,Fog,221
1965-11-20,75,68,62,64,63,62,100,85,69,29.96,29.88,29.80,15,9,0,15,7,,0.00,0,Fog,200
1965-11-21,75,70,64,65,64,61,97,82,67,29.80,29.74,29.67,15,10,8,16,11,,0.00,,,211
1965-11-22,73,62,52,55,52,49,97,73,41,30.00,29.92,29.78,15,11,5,14,10,,0.00,0,,21
1965-11-23,75,64,52,61,54,48,89,77,54,30.07,30.00,29.94,15,10,4,15,4,,0.00,0,,203
1965-11-24,84,74,64,65,64,62,93,76,49,29.97,29.93,29.88,10,8,6,9,7,,0.00,,,210
1965-11-25,79,70,62,67,64,61,97,85,66,29.93,29.87,29.77,15,8,0,13,6,,0.00,0,Fog,191
1965-11-26,81,74,68,66,62,39,90,73,30,29.97,29.80,29.74,10,9,4,17,13,,0.00,,,200
1965-11-27,70,60,50,40,33,23,54,38,20,30.19,30.09,30.00,15,14,5,16,10,,0.00,0,,46
1965-11-28,69,62,54,50,42,34,72,57,38,30.16,30.06,30.00,15,12,10,21,6,,0.00,0,,308
1965-11-29,62,54,42,41,32,28,80,51,28,30.33,30.26,30.23,15,13,10,20,14,,0.06,0,Rain,14
1965-11-30,64,52,39,37,32,25,86,54,22,30.34,30.30,30.27,15,13,10,7,5,,0.00,0,,267
1965-12-1,57,50,44,50,40,31,86,67,50,30.31,30.27,30.24,15,11,4,12,6,,0.05,,Fog-Rain,122
1965-12-2,54,50,46,52,46,40,96,87,68,30.25,30.17,30.07,10,6,1,14,8,,0.58,,Fog-Rain,56
1965-12-3,55,52,50,51,48,45,93,87,83,30.28,30.18,30.11,10,7,2,18,14,,0.02,0,Fog-Rain,2
1965-12-4,66,56,46,44,40,36,86,64,36,30.33,30.27,30.23,15,12,9,14,9,,0.00,0,,355
1965-12-5,73,60,46,46,43,38,80,62,37,30.23,30.15,30.08,15,14,10,9,5,,0.00,0,,245
1965-12-6,69,60,51,49,45,42,71,62,49,30.30,30.18,30.11,15,15,15,15,8,,0.00,0,,342
1965-12-7,64,54,44,39,32,26,65,48,26,30.43,30.36,30.32,15,15,15,9,7,,0.00,0,,40
1965-12-8,68,54,39,50,42,32,83,72,52,30.35,30.28,30.21,15,11,5,15,3,,0.00,,,183
1965-12-9,72,62,53,61,56,50,96,84,61,30.23,30.18,30.12,10,7,1,9,3,,0.00,,Fog,166
1965-12-10,71,68,64,65,63,61,93,88,78,30.14,30.06,29.98,10,7,4,15,9,,0.02,,Fog-Rain,163
1965-12-11,73,70,64,65,64,61,90,82,71,29.98,29.87,29.79,10,9,7,16,10,,0.00,,,190
1965-12-12,70,64,55,60,49,45,93,65,42,29.89,29.85,29.83,15,12,5,13,6,,0.00,0,Fog,351
1965-12-13,66,57,48,52,46,42,77,65,50,29.89,29.83,29.77,15,11,10,8,2,,0.00,,Rain,98
1965-12-14,66,62,59,61,56,51,97,82,68,29.82,29.76,29.74,10,7,2,12,3,,0.06,,Fog-Rain,267
1965-12-15,57,52,46,51,46,43,93,87,72,29.96,29.91,29.87,10,8,2,15,8,,0.08,,Fog-Rain,24
1965-12-16,52,49,46,46,45,43,96,88,77,30.08,30.03,29.96,10,5,2,14,10,,0.09,,Fog-Rain,10
1965-12-17,53,50,46,51,48,45,97,93,86,30.12,30.08,30.03,10,4,1,13,8,,0.08,,Fog-Rain,54
1965-12-18,51,50,46,49,46,44,96,91,86,30.03,29.97,29.94,5,3,2,17,12,,0.09,,Fog-Rain,28
1965-12-19,53,48,41,41,38,36,89,76,55,30.20,30.12,30.04,15,11,6,21,15,,0.02,0,Fog-Rain,340
1965-12-20,64,50,35,37,34,30,83,63,34,30.11,30.06,30.00,15,14,10,14,5,,0.00,0,,291
1965-12-21,63,51,39,43,39,35,83,67,45,30.09,30.05,30.02,15,14,8,9,4,,0.00,0,,224
1965-12-22,68,56,44,56,49,39,97,81,61,30.14,30.08,30.04,15,9,0,14,5,,0.00,,Fog,188
1965-12-23,70,66,62,62,59,57,90,79,65,30.05,29.92,29.68,15,13,10,29,13,,0.00,,,168
1965-12-24,69,60,46,62,40,31,86,58,38,30.29,30.05,29.81,15,14,10,18,15,,0.04,0,,304
1965-12-25,57,46,36,33,31,29,76,58,37,30.42,30.35,30.30,15,15,15,14,9,,0.00,0,,1
1965-12-26,57,46,34,38,34,29,82,67,42,30.29,30.24,30.17,15,15,15,8,4,,0.00,0,,140
1965-12-27,55,50,45,46,44,40,96,83,71,30.41,30.31,30.20,15,6,0,9,4,,0.00,0,Fog,38
1965-12-28,54,48,41,43,39,36,96,73,51,30.41,30.36,30.29,10,5,0,7,6,,0.00,,Fog,95
1965-12-29,69,60,50,56,48,41,75,70,61,30.29,30.24,30.18,15,10,7,13,6,,0.00,,,179
1965-12-30,75,66,57,60,58,56,100,83,55,30.20,30.13,30.05,15,8,0,16,10,,0.00,0,Fog,180
1965-12-31,75,70,66,63,62,60,90,79,60,30.08,30.01,29.93,15,12,8,18,12,,0.00,,,184
