
CST,Max TemperatureF,Mean TemperatureF,Min TemperatureF,Max Dew PointF,MeanDew PointF,Min DewpointF,Max Humidity, Mean Humidity, Min Humidity, Max Sea Level PressureIn, Mean Sea Level PressureIn, Min Sea Level PressureIn, Max VisibilityMiles, Mean VisibilityMiles, Min VisibilityMiles, Max Wind SpeedMPH, Mean Wind SpeedMPH, Max Gust SpeedMPH,PrecipitationIn, CloudCover, Events, WindDirDegrees
1954-1-1,64,47,30,46,37,25,86,67,45,30.29,30.16,30.05,15,15,15,20,6,,0.00,0,,184
1954-1-2,80,62,43,52,44,32,100,64,25,30.19,30.06,29.99,15,12,0,17,9,,0.00,0,Fog,221
1954-1-3,69,56,42,45,36,29,68,53,40,30.33,30.23,30.17,15,15,15,13,7,,0.00,0,,48
1954-1-4,75,62,48,61,48,34,100,68,38,30.18,30.11,30.04,15,11,0,15,6,,0.00,0,Fog,285
1954-1-5,66,54,41,40,34,28,76,51,29,30.34,30.26,30.18,15,15,15,13,7,,0.00,0,,356
1954-1-6,73,58,42,44,37,33,76,57,32,30.34,30.26,30.23,15,15,15,13,7,,0.00,0,,273
1954-1-7,71,54,36,50,38,30,80,56,31,30.24,30.15,30.05,15,15,15,20,8,,0.00,0,,195
1954-1-8,73,60,48,58,54,48,100,80,55,30.04,29.96,29.88,15,13,7,20,12,,0.00,,,178
1954-1-9,64,57,45,61,58,45,100,92,84,29.97,29.90,29.83,10,8,5,18,9,,0.02,,Rain-Thunderstorm,193
1954-1-10,46,39,32,44,30,22,97,70,48,30.34,30.12,29.90,15,13,7,21,15,,0.02,0,Rain,333
1954-1-11,54,42,30,30,26,21,85,61,32,30.46,30.36,30.30,15,15,15,17,10,,0.00,0,,302
1954-1-12,45,39,33,29,27,23,85,64,42,30.49,30.40,30.35,15,15,15,18,9,,0.00,,,46
1954-1-13,39,37,35,37,34,27,100,90,60,30.34,30.22,30.11,15,5,2,17,11,,0.27,,Fog-Rain,42
1954-1-14,46,42,37,45,41,36,100,98,93,30.11,30.04,29.96,8,2,0,10,6,,0.06,,Fog-Rain,18
1954-1-15,69,57,45,53,47,40,100,79,40,30.01,29.92,29.87,15,11,0,16,8,,0.06,0,Fog-Rain,275
1954-1-16,50,46,42,44,40,33,100,82,56,30.20,30.12,30.02,15,9,1,15,11,,0.00,0,Fog,360
1954-1-17,46,42,39,44,42,39,100,95,90,30.26,30.19,30.15,10,3,0,10,6,,0.00,,Fog,48
1954-1-18,64,54,45,57,51,44,100,95,75,30.15,30.05,29.96,15,4,0,10,4,,0.01,0,Fog,187
1954-1-19,72,64,57,65,63,57,100,90,78,29.97,29.87,29.79,15,8,0,20,9,,0.01,,Fog-Rain,175
1954-1-20,82,60,36,65,57,25,93,73,49,30.10,29.88,29.79,15,12,8,32,16,,0.00,0,,166
1954-1-21,35,30,25,26,22,17,89,74,64,30.45,30.30,30.10,15,13,8,22,19,,0.00,0,Rain,347
1954-1-22,45,34,23,28,21,15,85,65,45,30.49,30.41,30.33,15,15,15,16,12,,0.00,0,,15
1954-1-23,57,42,28,45,33,24,86,73,45,30.33,30.19,30.07,15,14,10,18,5,,0.00,,,171
1954-1-24,69,58,46,63,53,45,100,85,65,30.13,30.08,30.03,15,8,0,20,8,,0.01,,Fog-Rain,178
1954-1-25,71,68,64,67,65,63,100,92,81,30.11,30.06,30.01,10,7,3,21,15,,0.01,,Fog,178
1954-1-26,73,62,50,67,63,44,97,88,76,30.23,30.09,30.03,10,10,8,22,13,,0.00,0,,179
1954-1-27,55,48,42,44,37,31,93,68,45,30.45,30.37,30.24,15,12,3,20,16,,0.01,,Fog-Rain,24
1954-1-28,54,51,48,53,44,37,97,76,61,30.42,30.33,30.24,15,11,1,12,8,,0.02,,Fog-Rain,103
1954-1-29,68,61,54,60,57,52,100,90,73,30.24,30.17,30.10,15,6,0,20,6,,0.00,,Fog,169
1954-1-30,75,66,55,63,60,53,100,87,62,30.36,30.22,30.14,15,9,0,24,8,,0.00,,Fog,100
1954-1-31,66,59,51,51,47,43,86,70,54,30.49,30.41,30.37,15,13,10,24,14,,0.00,,,18
1954-2-1,66,54,42,53,48,41,100,77,57,30.38,30.28,30.20,15,11,5,15,5,,0.00,0,Fog,228
1954-2-2,68,59,48,55,50,41,93,74,47,30.29,30.22,30.17,15,12,5,12,5,,0.03,0,Fog-Rain,352
1954-2-3,79,60,42,45,39,34,79,53,25,30.17,30.10,30.03,15,15,15,17,9,,0.00,0,,295
1954-2-4,82,65,48,39,36,29,68,42,14,30.13,30.06,30.00,15,15,15,16,9,,0.00,0,,315
1954-2-5,72,60,48,43,37,34,74,47,28,30.22,30.13,30.06,15,15,15,13,9,,0.00,0,,337
1954-2-6,66,56,45,41,37,31,86,52,33,30.30,30.14,30.04,15,15,15,25,12,,0.00,0,,342
1954-2-7,54,46,36,34,27,20,70,49,27,30.51,30.43,30.30,15,15,15,23,13,,0.00,0,,355
1954-2-8,73,53,33,36,28,21,70,46,18,30.48,30.31,30.13,15,14,10,15,7,,0.00,0,,255
1954-2-9,84,64,43,37,31,26,62,34,13,30.11,29.99,29.88,15,15,15,13,7,,0.00,0,,240
1954-2-10,89,68,48,45,36,27,56,34,16,29.88,29.75,29.61,15,13,5,18,7,,0.00,0,,222
1954-2-11,75,62,48,33,30,23,39,32,18,30.28,30.03,29.72,10,10,7,25,17,,0.00,0,,340
1954-2-12,62,50,39,33,26,20,54,39,29,30.40,30.30,30.22,15,12,10,17,13,,0.00,0,,65
1954-2-13,66,56,46,59,50,36,97,84,66,30.24,30.13,30.01,15,7,2,24,7,,0.02,0,Fog-Rain,195
1954-2-14,73,66,59,62,60,58,97,83,62,30.04,29.96,29.88,10,9,1,21,13,,0.00,0,Fog,181
1954-2-15,73,70,66,66,64,61,97,85,66,30.00,29.89,29.84,15,11,4,25,15,,0.08,,Fog-Rain,185
1954-2-16,70,61,50,64,40,36,90,48,30,30.29,30.20,30.03,15,12,6,22,12,,0.01,0,,350
1954-2-17,64,54,44,44,38,33,69,53,37,30.33,30.23,30.13,15,15,10,13,8,,0.00,0,,64
1954-2-18,68,57,46,63,54,43,100,85,71,30.13,29.99,29.83,15,9,0,20,6,,0.00,0,Fog,151
1954-2-19,75,64,51,66,45,20,97,57,13,30.04,29.82,29.71,10,7,1,26,17,,0.03,0,Rain,249
1954-2-20,69,57,45,34,26,19,56,36,19,30.16,30.09,30.04,10,5,1,20,10,,0.00,0,,294
1954-2-21,75,57,39,42,33,30,86,46,20,30.24,30.16,30.12,8,6,4,20,6,,0.00,0,,193
1954-2-22,75,60,45,50,44,40,86,57,29,30.22,30.12,30.03,10,7,6,20,8,,0.00,0,,200
1954-2-23,69,60,48,49,30,19,80,36,15,30.25,30.15,30.03,10,9,4,25,12,,0.00,0,,338
1954-2-24,77,60,44,29,26,22,53,30,14,30.17,30.05,29.92,10,7,3,15,9,,0.00,0,,246
1954-2-25,86,66,46,39,33,24,51,33,13,29.91,29.83,29.72,10,10,10,20,9,,0.00,0,,196
1954-2-26,91,68,46,57,38,22,73,41,8,29.80,29.65,29.49,10,10,6,22,7,,0.00,0,,238
1954-2-27,79,62,46,55,44,32,97,55,19,30.02,29.66,29.51,10,7,0,31,13,,0.00,0,Fog,295
1954-2-28,60,50,37,33,25,18,65,44,20,30.26,30.13,30.03,15,14,10,24,16,,0.00,0,,326
1954-3-1,69,52,34,47,29,21,74,45,18,30.02,29.86,29.70,15,13,10,25,10,,0.00,0,,191
1954-3-2,60,52,42,53,36,17,93,57,33,30.27,29.97,29.75,10,10,10,22,12,,0.00,0,Rain,332
1954-3-3,52,42,33,22,16,11,61,38,23,30.54,30.47,30.31,15,14,10,22,15,,0.00,0,,8
1954-3-4,46,42,37,31,20,15,79,44,32,30.54,30.45,30.30,15,15,10,20,11,,0.00,,Rain,61
1954-3-5,41,38,34,40,36,32,97,94,86,30.37,30.34,30.28,15,8,2,17,13,,0.15,,Fog-Rain,28
1954-3-6,60,45,30,38,35,30,96,70,42,30.43,30.33,30.26,15,14,10,15,6,,0.00,0,,91
1954-3-7,66,50,35,40,35,31,89,58,34,30.28,30.17,30.06,15,14,10,22,7,,0.00,0,,190
1954-3-8,75,57,39,50,41,33,93,59,27,30.18,30.10,30.03,15,12,10,10,4,,0.00,0,,38
1954-3-9,79,61,43,48,41,34,76,51,24,30.04,29.86,29.73,15,12,10,20,8,,0.00,0,,198
1954-3-10,91,71,51,61,53,47,97,62,25,29.74,29.61,29.49,15,12,4,18,11,,0.00,0,Fog,183
1954-3-11,89,73,57,65,59,54,100,71,30,29.59,29.50,29.41,10,8,0,15,8,,0.00,0,Fog,181
1954-3-12,80,70,61,64,45,23,100,54,16,29.68,29.55,29.45,10,6,0,21,13,,0.00,,Fog,60
1954-3-13,62,52,39,25,17,11,45,27,16,30.26,30.02,29.70,10,5,0,30,18,,0.00,0,,356
1954-3-14,55,44,32,26,17,13,61,37,22,30.40,30.30,30.22,15,12,9,21,11,,0.00,0,,8
1954-3-15,60,47,34,22,18,11,46,33,22,30.54,30.46,30.38,15,15,15,20,10,,0.00,0,,27
1954-3-16,57,48,39,33,27,20,60,43,27,30.54,30.45,30.38,15,12,10,15,11,,0.00,0,,106
1954-3-17,60,53,46,57,45,33,100,75,59,30.36,30.18,29.97,15,10,3,24,8,,0.00,,Fog-Rain,130
1954-3-18,78,68,59,63,60,57,93,77,50,29.95,29.80,29.69,10,9,4,20,14,,0.00,,Fog-Rain,182
1954-3-19,78,68,57,63,43,31,93,48,19,29.91,29.81,29.72,15,8,2,20,10,,0.00,0,,294
1954-3-20,75,64,52,43,39,34,59,42,28,30.04,29.95,29.88,7,4,2,12,8,,0.00,,,36
1954-3-21,82,66,51,56,49,41,75,55,33,29.99,29.92,29.85,10,7,3,20,8,,0.00,0,,158
1954-3-22,73,68,62,64,62,57,100,84,68,29.94,29.88,29.81,10,9,1,20,13,,0.00,,Fog,173
1954-3-23,77,72,66,68,66,63,97,84,71,29.86,29.79,29.73,15,10,4,20,11,,0.00,,Fog-Rain,181
1954-3-24,82,75,62,70,67,55,93,79,64,29.84,29.70,29.59,10,10,4,25,17,,0.10,,,168
1954-3-25,77,66,55,55,40,32,81,43,20,30.07,29.98,29.84,15,9,2,16,8,,0.01,0,,341
1954-3-26,79,66,52,58,44,36,78,49,23,30.12,30.01,29.89,15,11,6,17,7,,0.00,0,,118
1954-3-27,82,72,57,62,53,42,93,64,27,30.06,29.99,29.94,15,9,4,13,6,,0.00,0,Fog,22
1954-3-28,86,69,52,64,54,45,100,66,26,30.02,29.93,29.83,15,10,0,16,5,,0.00,0,Fog,202
1954-3-29,89,76,63,68,63,58,90,71,46,29.86,29.79,29.71,15,12,10,21,13,,0.00,0,,189
1954-3-30,72,64,55,68,49,36,90,62,44,29.90,29.85,29.80,10,10,7,25,14,,0.00,0,,40
1954-3-31,64,55,46,49,39,32,80,59,37,30.27,30.07,29.84,15,12,7,26,16,,0.00,,,17
1954-4-1,68,56,43,48,36,31,65,53,36,30.34,30.24,30.13,15,13,10,15,9,,0.00,0,,65
1954-4-2,82,64,46,61,50,40,86,61,37,30.21,30.13,30.05,15,14,8,13,6,,0.00,0,,186
1954-4-3,75,69,63,66,64,61,96,82,71,30.18,30.11,30.05,10,10,8,16,10,,0.00,0,Rain,179
1954-4-4,84,76,68,67,66,63,96,75,53,30.07,30.01,29.94,10,10,7,20,13,,0.00,,Rain,170
1954-4-5,86,78,70,68,65,59,90,70,41,30.05,30.00,29.95,15,11,9,20,14,,0.00,0,,173
1954-4-6,87,79,71,69,67,64,91,73,48,30.02,29.97,29.90,15,12,9,20,15,,0.00,0,,181
1954-4-7,89,80,70,68,66,65,90,70,46,30.03,29.93,29.88,15,15,10,21,13,,0.00,,,167
1954-4-8,77,72,66,69,66,60,97,81,62,30.17,30.09,30.01,15,12,10,20,11,,0.19,,Rain,71
1954-4-9,75,70,66,68,66,64,100,90,73,30.11,30.06,30.00,10,9,6,15,8,,0.02,,Fog,113
1954-4-10,81,72,64,72,67,63,100,88,69,30.12,30.05,30.01,15,11,1,20,9,,0.03,,Fog-Rain,166
1954-4-11,86,78,69,68,66,64,93,76,48,30.21,30.15,30.11,15,12,8,20,11,,0.00,0,,145
1954-4-12,84,74,64,68,65,63,97,75,48,30.30,30.21,30.15,15,12,10,17,9,,0.02,,Rain,132
1954-4-13,84,76,69,68,65,61,93,72,44,30.23,30.13,30.01,15,12,10,17,10,,0.00,,,162
1954-4-14,75,70,66,69,67,65,96,89,74,30.02,29.92,29.84,15,10,7,16,11,,0.53,,Rain-Thunderstorm,180
1954-4-15,86,78,69,69,65,52,96,73,36,29.97,29.83,29.73,15,12,10,17,11,,0.01,,Rain,202
1954-4-16,73,65,54,57,38,29,75,41,20,30.30,30.21,29.98,15,15,15,24,16,,0.01,0,Rain,350
1954-4-17,81,63,45,45,40,37,86,46,21,30.29,30.20,30.10,15,15,15,20,8,,0.00,0,,219
1954-4-18,82,66,50,57,49,43,80,54,31,30.13,30.03,29.93,15,15,15,20,11,,0.00,0,,188
1954-4-19,82,70,59,60,58,55,93,68,45,30.07,30.01,29.97,15,15,15,21,12,,0.00,0,,170
1954-4-20,84,74,63,63,60,57,93,67,41,30.12,30.06,30.01,15,15,10,24,13,,0.00,0,,169
1954-4-21,86,76,66,65,62,58,93,68,41,30.07,30.01,29.94,15,15,10,20,14,,0.00,0,Rain,179
1954-4-22,81,72,62,63,60,58,97,70,47,30.07,30.03,29.97,15,14,7,15,7,,0.00,0,,166
1954-4-23,84,72,60,62,59,58,93,66,41,30.08,30.02,29.97,15,12,9,12,5,,0.00,0,,160
1954-4-24,84,72,61,64,59,53,93,64,34,30.10,30.03,29.98,15,14,10,20,8,,0.00,0,,170
1954-4-25,84,75,66,65,63,59,93,69,41,30.06,30.00,29.93,15,14,10,17,12,,0.00,0,,174
1954-4-26,84,77,70,66,65,65,87,73,55,29.97,29.92,29.86,15,13,10,16,13,,0.00,,,172
1954-4-27,81,76,71,70,69,67,93,80,65,29.90,29.85,29.77,15,13,7,20,11,,0.00,,Rain,177
1954-4-28,82,71,60,71,64,57,93,74,62,29.82,29.74,29.66,15,14,10,18,11,,0.00,0,Rain-Thunderstorm,196
1954-4-29,87,78,69,70,68,66,96,75,49,29.74,29.68,29.62,15,11,10,25,16,,0.00,0,,177
1954-4-30,84,73,62,71,66,60,100,75,53,29.77,29.69,29.60,15,14,3,18,11,,0.83,0,Rain-Thunderstorm,151
1954-5-1,87,80,73,73,72,70,97,80,61,29.76,29.70,29.61,15,10,7,23,14,,0.00,,Rain,153
1954-5-2,75,68,60,72,55,41,90,63,39,30.13,29.89,29.66,15,14,10,22,15,,0.00,0,Rain,335
1954-5-3,64,55,46,40,32,25,61,43,25,30.31,30.22,30.15,15,15,15,26,18,,0.00,0,,2
1954-5-4,73,58,44,44,36,32,71,46,26,30.20,30.11,29.98,15,15,15,14,9,,0.00,0,,67
1954-5-5,78,63,48,51,47,42,86,56,28,30.07,30.00,29.90,15,15,15,14,5,,0.00,0,,125
1954-5-6,82,68,55,57,55,53,93,62,39,29.96,29.88,29.76,15,15,10,18,9,,0.00,0,,157
1954-5-7,86,73,60,63,59,53,93,64,38,29.95,29.89,29.84,15,14,10,22,7,,0.00,0,,327
1954-5-8,86,74,62,60,57,51,75,55,38,30.04,29.96,29.89,15,15,15,20,12,,0.00,0,,114
1954-5-9,84,74,64,65,63,60,100,71,49,30.02,29.95,29.89,15,13,10,17,9,,0.00,0,,155
1954-5-10,87,76,64,69,66,60,91,77,44,29.99,29.92,29.82,15,13,10,20,13,,0.05,,Rain,133
1954-5-11,80,72,62,70,65,60,96,83,58,29.88,29.79,29.66,15,10,1,17,10,,1.13,,Rain-Thunderstorm,115
1954-5-12,71,66,62,62,57,54,93,76,58,29.94,29.83,29.73,15,14,10,20,12,,0.00,,,333
1954-5-13,73,66,59,58,54,49,93,71,42,29.99,29.94,29.91,15,13,10,20,12,,0.00,0,Rain,16
1954-5-14,82,68,55,58,53,50,87,60,35,30.04,29.98,29.93,15,12,10,12,6,,0.00,0,,63
1954-5-15,82,71,60,62,57,54,83,61,41,30.06,30.01,29.97,15,13,8,15,5,,0.00,0,,141
1954-5-16,84,72,60,63,58,54,93,61,34,30.04,29.98,29.91,15,14,10,17,9,,0.00,0,,172
1954-5-17,88,74,61,62,60,58,93,63,36,30.01,29.94,29.86,15,13,7,15,8,,0.00,0,,175
1954-5-18,87,76,64,65,63,57,97,66,37,30.04,29.94,29.86,15,11,8,13,8,,0.00,0,,144
1954-5-19,88,77,66,68,65,63,93,72,46,29.97,29.93,29.90,10,10,10,17,6,,0.00,0,Rain-Thunderstorm,125
1954-5-20,88,78,69,67,63,60,90,63,40,30.06,29.99,29.93,15,14,10,14,8,,0.00,0,,71
1954-5-21,84,77,70,69,65,62,93,68,49,30.06,30.01,29.94,15,12,2,17,10,,0.00,0,Fog,149
1954-5-22,84,75,66,65,64,62,90,69,46,30.05,29.97,29.88,15,13,10,20,12,,0.00,0,,157
1954-5-23,81,75,69,68,65,59,90,75,60,29.96,29.93,29.89,15,10,8,18,13,,0.00,,,147
1954-5-24,78,72,66,66,63,59,90,75,56,29.99,29.96,29.93,10,10,10,16,8,,0.00,,Rain,115
1954-5-25,80,73,66,68,66,63,100,84,58,29.98,29.91,29.82,15,10,3,12,4,,1.66,0,Fog-Rain,47
1954-5-26,84,76,69,69,68,66,93,78,58,29.88,29.84,29.80,15,13,8,15,8,,0.02,0,,175
1954-5-27,90,80,69,70,68,63,97,73,46,29.86,29.79,29.70,15,12,5,15,9,,0.00,0,Fog-Rain,162
1954-5-28,93,83,73,71,69,65,87,68,39,29.75,29.70,29.62,15,13,10,20,14,,0.00,0,,187
1954-5-29,91,83,75,71,69,64,87,67,42,29.87,29.78,29.70,15,13,10,22,12,,0.00,0,,175
1954-5-30,91,82,73,72,67,59,93,66,34,29.94,29.88,29.83,15,14,10,25,13,,0.00,0,,172
1954-5-31,91,82,73,71,68,64,93,66,42,29.94,29.89,29.85,15,15,10,22,16,,0.00,0,,175
1954-6-1,93,83,73,71,69,64,93,65,42,29.93,29.86,29.75,15,15,15,18,12,,0.00,0,,183
1954-6-2,97,86,75,71,69,67,85,63,40,29.76,29.70,29.61,15,15,15,25,17,,0.00,0,,185
1954-6-3,87,79,71,64,52,44,61,40,23,30.04,29.93,29.80,15,11,9,22,16,,0.00,0,,28
1954-6-4,88,75,62,53,50,48,70,43,25,30.14,30.04,29.94,15,13,10,13,8,,0.00,0,,78
1954-6-5,91,77,63,68,60,51,84,57,35,29.99,29.91,29.82,15,15,15,22,11,,0.00,0,,171
1954-6-6,93,84,75,71,69,66,82,64,41,29.88,29.84,29.79,15,13,10,21,19,,0.00,0,,173
1954-6-7,93,84,75,72,69,66,85,63,40,29.94,29.88,29.85,15,13,10,21,16,,0.00,0,,177
1954-6-8,96,86,75,72,68,62,87,62,37,29.99,29.93,29.86,15,13,10,22,14,,0.00,,,165
1954-6-9,95,85,75,71,66,59,87,59,30,29.99,29.93,29.88,15,14,10,18,15,,0.00,0,,175
1954-6-10,93,82,72,71,67,62,97,63,35,29.99,29.94,29.85,15,14,10,20,12,,0.00,0,,164
1954-6-11,96,84,73,71,68,62,93,63,33,29.96,29.89,29.81,15,15,15,17,11,,0.00,0,,173
1954-6-12,93,82,72,72,68,60,97,63,33,29.96,29.91,29.83,15,15,15,18,12,,0.00,,,167
1954-6-13,95,82,70,71,65,56,97,60,28,29.97,29.91,29.83,15,14,10,17,12,,0.00,0,,176
1954-6-14,93,83,73,71,68,64,93,64,38,29.92,29.85,29.73,15,15,15,24,13,,0.00,0,,172
1954-6-15,88,82,75,71,70,69,82,71,53,29.88,29.81,29.75,15,13,10,20,14,,0.00,0,Rain,179
1954-6-16,97,86,75,72,70,66,87,64,36,29.85,29.80,29.71,15,13,10,15,11,,0.00,0,,178
1954-6-17,97,85,73,73,68,60,91,60,30,29.94,29.87,29.82,15,13,10,18,12,,0.00,0,,168
1954-6-18,97,86,75,73,70,64,91,64,35,29.99,29.95,29.88,15,15,10,22,11,,0.29,0,Rain,145
1954-6-19,91,82,73,73,71,66,93,71,42,30.02,29.98,29.92,15,15,10,16,7,,0.00,0,Rain,160
1954-6-20,93,82,71,72,69,66,96,69,40,29.99,29.94,29.88,15,14,10,16,5,,0.00,0,Rain,151
1954-6-21,93,83,73,73,70,65,96,69,39,29.96,29.91,29.86,15,13,10,20,7,,0.00,0,,158
1954-6-22,97,85,73,75,71,66,94,68,36,30.03,29.98,29.93,15,14,10,16,8,,0.00,0,Rain,163
1954-6-23,98,86,73,73,70,66,97,63,36,30.08,30.02,29.93,15,14,7,15,6,,0.00,0,,168
1954-6-24,95,84,73,72,69,66,87,62,40,30.05,29.99,29.91,15,15,10,20,8,,0.08,0,Rain,185
1954-6-25,95,84,73,72,69,67,87,64,41,30.02,29.96,29.92,15,15,15,18,9,,0.00,0,,176
1954-6-26,88,80,72,74,71,68,93,75,51,30.07,30.00,29.95,15,13,10,15,7,,0.31,0,Rain,153
1954-6-27,95,85,75,75,70,62,97,68,36,30.04,30.00,29.92,15,13,10,17,9,,0.00,0,,162
1954-6-28,93,83,73,72,69,63,96,66,37,30.03,29.98,29.90,15,13,10,17,10,,0.00,0,,179
1954-6-29,95,83,71,70,66,60,93,61,31,30.02,29.98,29.90,15,13,10,14,7,,0.00,0,,189
1954-6-30,99,84,70,67,64,62,84,51,30,30.07,30.01,29.95,15,13,10,12,6,,0.00,0,,166
1954-7-1,99,86,73,70,67,63,79,53,30,30.09,30.04,29.97,10,10,10,18,7,,0.00,0,Rain,166
1954-7-2,96,84,71,71,68,65,90,62,39,30.13,30.07,30.04,15,14,10,20,5,,0.00,0,,178
1954-7-3,84,80,75,73,71,67,87,75,56,30.15,30.10,30.07,15,15,10,12,5,,0.02,0,Rain,180
1954-7-4,93,84,75,73,68,62,91,63,38,30.14,30.10,30.04,15,13,10,16,8,,0.00,0,,188
1954-7-5,100,86,73,71,67,60,91,56,28,30.08,30.02,29.92,15,13,10,12,8,,0.00,0,Rain,189
1954-7-6,99,87,75,70,68,64,79,61,33,30.01,29.96,29.90,15,12,10,20,7,,0.00,0,Rain,172
1954-7-7,97,84,71,72,68,64,93,63,36,29.97,29.92,29.86,15,13,10,18,8,,0.00,0,,185
1954-7-8,97,87,77,73,68,64,88,58,35,30.01,29.94,29.88,15,14,10,20,12,,0.00,0,,192
1954-7-9,99,88,78,73,69,64,84,58,34,30.01,29.94,29.87,15,15,15,15,11,,0.00,0,,195
1954-7-10,100,88,75,73,69,64,91,57,32,30.01,29.93,29.86,15,15,15,18,12,,0.00,0,,198
1954-7-11,102,88,73,71,65,60,87,50,26,30.00,29.95,29.88,15,15,15,14,9,,0.00,0,,195
1954-7-12,106,92,77,71,66,60,76,46,26,29.97,29.92,29.85,15,15,10,14,6,,0.00,0,,185
1954-7-13,102,90,77,76,66,62,62,47,28,29.96,29.90,29.84,15,15,10,17,9,,0.00,0,,148
1954-7-14,96,86,75,71,67,63,82,57,33,30.01,29.95,29.91,15,14,10,18,10,,0.00,0,,176
1954-7-15,97,84,72,68,65,61,78,53,30,30.08,30.01,29.96,15,15,10,14,6,,0.00,0,,198
1954-7-16,100,88,75,71,65,57,82,49,24,30.08,30.02,29.95,15,15,15,12,7,,0.00,0,,195
1954-7-17,93,85,77,70,66,61,71,54,36,30.08,29.99,29.94,15,15,10,23,8,,0.00,0,,187
1954-7-18,99,86,73,68,65,62,79,52,30,30.00,29.93,29.86,15,15,15,16,6,,0.00,0,,174
1954-7-19,98,86,75,72,67,61,87,54,29,29.97,29.93,29.86,15,15,15,18,11,,0.00,0,,181
1954-7-20,97,86,75,73,70,66,91,61,36,29.96,29.91,29.83,15,14,10,21,13,,0.00,0,,182
1954-7-21,100,88,75,73,70,67,87,60,37,29.94,29.89,29.81,15,14,10,21,13,,0.00,0,,178
1954-7-22,99,88,77,72,70,65,82,60,34,29.94,29.89,29.83,15,14,10,20,16,,0.00,0,,183
1954-7-23,100,89,78,73,68,63,81,55,31,30.00,29.93,29.86,15,15,15,17,13,,0.00,0,,189
1954-7-24,102,88,75,72,68,64,87,55,30,30.00,29.93,29.87,15,15,15,14,10,,0.00,0,,194
1954-7-25,102,90,77,72,64,58,76,46,24,29.95,29.90,29.86,15,15,15,15,7,,0.00,0,,198
1954-7-26,107,91,75,71,63,57,71,41,20,29.91,29.86,29.78,15,13,10,13,6,,0.00,0,,167
1954-7-27,104,92,80,70,65,59,64,43,23,29.86,29.80,29.74,15,14,10,17,7,,0.00,0,,73
1954-7-28,100,89,78,73,69,65,81,53,34,29.87,29.81,29.75,15,12,10,18,8,,0.03,0,,90
1954-7-29,100,88,77,70,67,62,74,51,29,29.87,29.83,29.77,15,14,10,21,8,,0.00,0,,43
1954-7-30,84,80,75,75,72,69,97,81,61,29.95,29.88,29.82,15,11,4,17,6,,0.67,,Rain-Thunderstorm,130
1954-7-31,86,80,73,76,74,70,97,87,71,30.01,29.98,29.96,15,12,10,17,9,,0.13,0,Rain,155
1954-8-1,95,84,73,75,70,64,100,71,36,30.01,29.94,29.84,15,13,3,20,9,,0.00,0,Fog,157
1954-8-2,98,86,73,73,66,57,93,57,25,29.94,29.87,29.79,15,14,10,16,10,,0.00,0,,171
1954-8-3,99,87,75,73,69,62,90,60,30,30.00,29.93,29.88,15,14,10,17,11,,0.00,0,,184
1954-8-4,98,86,75,74,69,59,91,60,29,30.04,29.97,29.91,15,14,10,22,13,,0.00,0,,177
1954-8-5,100,88,75,73,65,55,87,54,23,30.04,29.97,29.89,15,15,10,22,14,,0.00,0,,179
1954-8-6,100,88,75,72,64,52,87,53,21,30.00,29.92,29.84,15,14,10,22,13,,0.00,0,,191
1954-8-7,100,86,73,71,66,60,90,55,27,29.94,29.88,29.81,15,14,10,17,12,,0.00,0,,178
1954-8-8,102,88,75,72,64,52,90,52,20,29.96,29.91,29.86,15,14,10,14,10,,0.00,0,,184
1954-8-9,102,88,75,70,64,58,84,48,26,30.01,29.95,29.91,15,15,15,13,8,,0.00,0,,166
1954-8-10,100,88,75,70,65,59,74,47,26,30.04,29.98,29.92,15,15,15,15,7,,0.00,0,,153
1954-8-11,100,88,75,68,60,50,73,42,21,30.03,29.95,29.87,15,15,15,15,7,,0.00,0,,155
1954-8-12,100,88,77,74,67,59,88,54,28,29.97,29.91,29.86,15,15,15,17,11,,0.00,0,,164
1954-8-13,100,88,77,73,68,64,84,55,31,30.01,29.95,29.89,15,15,15,21,13,,0.00,0,,174
1954-8-14,100,88,77,75,70,63,90,58,32,30.07,30.02,29.96,15,15,15,18,11,,0.00,0,,155
1954-8-15,99,88,78,75,70,64,85,60,32,30.11,30.06,30.00,15,15,15,14,9,,0.00,0,,153
1954-8-16,97,86,75,74,70,65,91,61,35,30.11,30.04,29.94,15,15,10,20,10,,0.00,0,,158
1954-8-17,97,85,73,71,68,60,91,59,30,30.07,30.01,29.93,15,15,15,26,11,,0.00,0,,185
1954-8-18,99,86,73,71,65,58,91,54,25,30.05,29.99,29.89,15,15,15,24,11,,0.00,0,,178
1954-8-19,98,88,77,74,69,62,88,59,30,30.04,29.98,29.88,15,15,10,21,13,,0.00,0,Rain,182
1954-8-20,99,88,78,72,68,62,79,56,30,29.99,29.92,29.83,15,15,15,18,13,,0.00,0,,173
1954-8-21,98,88,78,74,70,66,87,62,35,29.99,29.92,29.85,15,15,15,20,14,,0.00,0,,166
1954-8-22,88,80,73,74,72,70,91,78,59,30.09,30.02,29.97,15,12,3,15,11,,0.52,0,Rain-Thunderstorm,137
1954-8-23,93,82,72,73,71,66,93,78,46,30.16,30.11,30.05,15,12,8,21,4,,0.02,0,Rain-Thunderstorm,87
1954-8-24,93,83,73,73,71,59,97,73,31,30.15,30.08,29.99,15,13,7,17,6,,0.00,0,,94
1954-8-25,93,84,75,74,72,68,94,72,47,30.05,29.99,29.89,15,12,8,20,8,,0.00,0,,138
1954-8-26,98,86,73,74,70,65,94,64,34,29.98,29.93,29.86,15,13,9,15,8,,0.00,0,,173
1954-8-27,97,85,73,73,70,67,91,64,37,30.02,29.96,29.90,15,14,10,20,7,,0.00,0,,155
1954-8-28,93,83,73,74,71,68,93,71,44,30.11,30.06,30.02,15,13,10,18,6,,0.00,0,,145
1954-8-29,95,84,72,72,69,66,93,66,41,30.14,30.07,29.99,15,13,10,7,2,,0.00,0,,237
1954-8-30,102,88,73,72,68,64,96,56,28,30.02,29.96,29.84,15,13,5,20,7,,0.50,0,Rain-Thunderstorm,255
1954-8-31,105,90,75,72,68,65,87,61,29,30.04,29.94,29.87,15,12,10,20,12,,0.09,0,Rain,338
1954-9-1,100,86,72,71,68,63,93,62,30,30.09,30.03,29.98,15,13,10,8,5,,0.00,0,Rain,109
1954-9-2,102,88,75,71,66,54,87,52,21,30.10,30.03,29.96,15,12,10,12,5,,0.00,0,,152
1954-9-3,95,85,75,70,63,52,84,52,23,30.07,30.01,29.94,15,13,10,15,8,,0.00,0,,153
1954-9-4,93,80,68,66,63,60,84,55,37,30.08,30.02,29.96,15,13,10,14,6,,0.00,0,,137
1954-9-5,96,84,71,70,66,52,90,61,22,30.12,30.06,30.01,15,13,10,20,8,,0.00,0,,157
1954-9-6,96,82,69,71,66,62,90,61,33,30.11,30.05,29.95,15,14,10,16,5,,0.00,0,,164
1954-9-7,97,84,72,73,67,60,93,62,29,30.04,29.99,29.90,15,14,10,30,6,,0.00,0,,167
1954-9-8,97,84,71,73,68,63,93,64,32,30.00,29.95,29.88,15,14,10,15,4,,0.00,0,,132
1954-9-9,98,86,73,73,66,60,90,57,30,29.99,29.93,29.88,15,14,10,16,6,,0.00,0,,169
1954-9-10,96,84,73,70,66,55,82,58,37,30.00,29.94,29.91,15,15,10,25,8,,0.00,0,,343
1954-9-11,93,80,68,54,49,47,47,34,23,30.01,29.96,29.90,15,15,15,20,14,,0.00,0,,16
1954-9-12,91,78,66,53,47,41,48,34,20,30.07,29.99,29.93,15,15,15,15,10,,0.00,0,,49
1954-9-13,93,78,63,69,57,45,70,49,31,30.03,29.97,29.90,15,15,15,12,6,,0.00,0,,184
1954-9-14,96,84,73,73,66,57,91,58,30,30.04,29.98,29.91,15,14,10,13,8,,0.00,0,,146
1954-9-15,97,84,70,70,63,56,93,54,25,29.99,29.93,29.87,15,15,15,13,6,,0.00,0,,182
1954-9-16,98,85,72,67,57,52,66,42,22,29.89,29.84,29.77,15,12,10,18,8,,0.00,0,,21
1954-9-17,89,82,75,69,69,68,82,67,52,29.92,29.87,29.83,15,14,10,16,11,,0.00,0,,67
1954-9-18,93,84,75,74,71,67,82,66,47,29.93,29.87,29.83,15,14,10,14,8,,0.00,0,,128
1954-9-19,95,86,77,75,73,70,94,70,46,29.92,29.86,29.79,15,14,10,16,11,,0.00,0,Rain,177
1954-9-20,98,88,79,75,70,66,85,61,36,29.88,29.81,29.73,15,13,10,20,14,,0.00,0,,194
1954-9-21,87,80,73,74,63,43,96,63,30,30.02,29.94,29.80,15,14,10,30,14,,0.03,0,Rain-Thunderstorm,31
1954-9-22,86,74,62,48,42,34,52,33,22,30.14,30.05,29.98,15,15,15,20,15,,0.00,0,,28
1954-9-23,87,73,59,49,45,42,56,39,22,30.10,30.03,29.96,15,15,15,16,8,,0.00,0,,65
1954-9-24,91,75,59,69,58,46,72,55,39,30.08,30.01,29.94,15,15,15,15,5,,0.00,0,,125
1954-9-25,93,82,70,71,63,55,93,60,28,30.07,30.01,29.94,15,14,10,13,4,,0.00,0,,100
1954-9-26,96,82,69,67,61,57,78,52,27,30.02,29.94,29.87,15,14,10,13,4,,0.00,0,,84
1954-9-27,93,81,69,73,69,64,93,73,39,29.92,29.86,29.76,15,13,10,20,4,,0.09,0,Rain,141
1954-9-28,96,84,73,74,72,67,97,73,38,29.81,29.76,29.66,15,13,10,20,11,,0.00,0,,178
1954-9-29,96,87,78,75,72,68,90,67,41,29.88,29.80,29.75,15,14,10,23,16,,0.00,,Rain,177
1954-9-30,82,78,73,75,74,71,94,87,71,29.96,29.91,29.87,15,12,3,20,11,,0.70,,Rain-Thunderstorm,126
1954-10-1,93,83,73,76,73,70,97,77,47,30.01,29.95,29.90,15,14,10,23,11,,0.09,0,,141
1954-10-2,93,84,75,75,72,67,100,73,45,30.03,29.96,29.90,15,14,2,18,9,,0.00,0,Fog,143
1954-10-3,93,83,73,74,68,61,97,68,38,30.01,29.94,29.87,15,13,2,15,7,,0.00,0,Fog,138
1954-10-4,87,80,73,75,71,65,94,79,57,29.95,29.91,29.84,15,13,10,22,10,,0.12,0,Rain,93
1954-10-5,86,80,73,75,73,70,97,85,61,30.01,29.96,29.92,15,14,8,18,10,,0.14,,Rain,111
1954-10-6,90,82,73,73,68,62,100,72,42,30.14,30.05,30.00,15,10,1,18,8,,0.00,0,Fog,78
1954-10-7,88,79,70,70,68,65,93,71,51,30.20,30.15,30.11,15,12,10,21,11,,0.00,0,,22
1954-10-8,90,80,71,68,65,62,87,65,40,30.24,30.17,30.09,15,12,10,15,9,,0.00,0,,82
1954-10-9,88,78,69,72,68,65,96,72,49,30.14,30.06,29.97,10,10,5,16,7,,0.00,0,Fog,144
1954-10-10,89,79,69,72,69,66,91,76,52,29.98,29.90,29.81,10,10,7,17,7,,0.00,0,Rain,159
1954-10-11,90,82,73,72,69,64,91,70,42,29.82,29.75,29.65,15,12,10,23,15,,0.00,,,188
1954-10-12,95,84,72,72,70,64,93,68,36,29.80,29.73,29.68,15,13,10,20,14,,0.00,0,,200
1954-10-13,93,83,73,72,68,62,93,64,36,29.86,29.80,29.74,15,13,8,17,12,,0.00,0,,197
1954-10-14,82,74,64,72,54,34,91,53,28,30.21,30.00,29.82,15,14,8,40,18,,0.00,0,,335
1954-10-15,73,62,52,37,29,25,51,31,17,30.35,30.24,30.15,15,15,15,26,18,,0.00,0,,332
1954-10-16,78,64,50,38,30,22,59,34,13,30.27,30.20,30.15,15,15,15,18,10,,0.00,0,,346
1954-10-17,86,66,46,42,35,25,68,38,13,30.23,30.16,30.10,15,15,15,14,6,,0.00,0,,206
1954-10-18,84,68,51,56,50,44,83,53,30,30.25,30.19,30.15,15,15,10,17,7,,0.00,0,,181
1954-10-19,84,70,55,57,53,47,93,58,29,30.27,30.19,30.12,15,14,10,17,6,,0.00,0,,149
1954-10-20,84,70,55,61,56,53,93,64,35,30.19,30.11,30.02,15,14,10,18,7,,0.00,0,,188
1954-10-21,87,75,63,65,61,53,93,67,33,30.08,30.01,29.92,15,12,10,23,10,,0.00,0,,160
1954-10-22,82,70,59,67,60,52,87,71,43,30.12,29.99,29.92,15,15,15,29,15,,0.03,0,Rain-Thunderstorm,356
1954-10-23,78,66,54,55,52,47,90,69,38,30.18,30.11,30.06,15,15,15,13,9,,0.00,0,,9
1954-10-24,82,68,55,65,60,52,90,72,51,30.14,30.08,30.02,15,13,9,20,9,,0.00,0,Rain,111
1954-10-25,86,74,63,67,63,59,97,71,41,30.11,30.03,29.96,15,12,0,23,8,,0.00,0,Fog,170
1954-10-26,89,78,68,70,65,59,96,71,38,30.06,30.00,29.94,15,13,4,23,14,,0.00,0,Fog,188
1954-10-27,73,62,51,69,50,45,90,79,60,30.28,30.20,30.06,15,14,10,29,16,,0.39,,Rain-Thunderstorm,354
1954-10-28,73,60,48,58,51,44,97,77,50,30.18,30.07,29.95,15,13,10,15,9,,0.12,0,Rain,300
1954-10-29,64,55,44,55,44,35,100,69,35,30.20,30.10,29.96,15,13,7,37,11,,0.00,0,,2
1954-10-30,66,54,41,42,38,35,93,64,32,30.21,30.15,30.09,15,12,10,9,6,,0.00,0,,229
1954-10-31,69,58,46,39,36,31,66,49,29,30.32,30.21,30.12,15,15,15,18,10,,0.00,0,,22
1954-11-1,77,60,43,60,47,37,89,64,51,30.23,30.14,30.09,15,15,15,24,7,,0.00,0,,120
1954-11-2,60,56,52,41,29,24,49,37,28,30.44,30.35,30.24,15,15,15,37,24,,0.00,,,32
1954-11-3,52,47,42,44,36,25,97,67,36,30.32,30.15,30.04,15,11,4,16,12,,0.15,,Fog-Rain,49
1954-11-4,57,50,43,45,41,37,100,79,51,30.39,30.22,30.02,15,10,0,28,14,,0.00,0,Fog-Rain,356
1954-11-5,66,52,39,39,36,33,93,64,33,30.44,30.36,30.30,15,15,10,13,8,,0.00,0,,317
1954-11-6,73,56,39,41,34,26,86,52,19,30.30,30.21,30.13,15,14,10,15,7,,0.00,0,,222
1954-11-7,75,58,42,55,45,33,90,61,38,30.22,30.16,30.11,15,15,15,15,8,,0.00,0,,208
1954-11-8,75,64,53,64,56,51,97,76,54,30.26,30.20,30.15,15,14,10,15,6,,0.01,0,,160
1954-11-9,73,65,57,59,57,54,96,80,57,30.28,30.23,30.19,15,12,3,16,5,,0.00,,Fog,48
1954-11-10,73,64,54,54,50,46,93,65,38,30.35,30.29,30.23,15,10,7,18,10,,0.00,,,10
1954-11-11,73,63,53,50,45,41,80,55,32,30.41,30.35,30.31,10,10,8,22,14,,0.00,0,,9
1954-11-12,75,64,52,43,41,38,69,49,29,30.39,30.31,30.24,10,10,10,20,13,,0.00,0,,9
1954-11-13,79,64,50,62,50,39,81,58,42,30.22,30.08,29.97,15,12,10,17,9,,0.00,0,,66
1954-11-14,66,62,59,64,60,55,100,88,80,30.03,29.99,29.94,10,8,1,23,10,,0.10,,Fog-Rain-Thunderstorm,36
1954-11-15,71,63,55,56,52,47,90,72,44,30.04,29.98,29.93,15,15,15,28,12,,0.00,0,,322
1954-11-16,79,66,53,52,50,48,89,63,36,29.99,29.92,29.86,15,15,15,15,9,,0.00,0,,228
1954-11-17,82,67,52,61,55,49,93,69,44,29.92,29.87,29.80,15,11,5,17,8,,0.00,0,Fog,201
1954-11-18,72,64,55,50,38,32,75,43,24,30.10,30.02,29.91,15,14,10,29,12,,0.00,0,,304
1954-11-19,71,60,48,39,36,30,63,46,23,30.18,30.10,30.04,15,15,15,23,11,,0.00,0,,293
1954-11-20,78,64,48,42,38,36,74,44,23,30.10,30.02,29.95,15,15,15,15,9,,0.00,0,,279
1954-11-21,75,60,44,42,37,31,86,49,25,30.07,30.00,29.95,15,15,15,18,7,,0.00,0,,351
1954-11-22,64,55,44,35,30,26,54,39,25,30.23,30.15,30.08,15,15,15,23,13,,0.00,0,,327
1954-11-23,78,57,36,37,33,31,89,47,20,30.15,30.05,29.94,15,14,6,17,8,,0.00,0,,209
1954-11-24,68,58,48,39,27,19,57,33,17,30.23,30.15,30.00,15,14,10,32,15,,0.00,0,,350
1954-11-25,73,58,44,33,27,24,61,35,17,30.20,30.11,30.01,15,14,10,17,10,,0.00,0,,235
1954-11-26,79,62,46,58,49,31,86,61,42,29.98,29.88,29.77,15,13,10,25,11,,0.00,0,,195
1954-11-27,73,60,48,41,34,27,56,38,19,30.01,29.85,29.62,15,13,9,17,12,,0.00,0,,271
1954-11-28,70,60,48,42,33,27,62,37,23,30.15,29.83,29.58,15,11,7,32,15,,0.00,0,,322
1954-11-29,66,52,39,41,28,24,58,38,20,30.30,30.20,30.14,15,12,10,20,13,,0.00,0,,74
1954-11-30,75,65,55,67,60,43,97,79,62,30.22,30.15,30.10,15,10,6,22,13,,0.09,,Fog-Rain,162
1954-12-1,82,70,57,68,60,41,100,75,47,30.39,30.29,30.22,15,11,0,23,10,,0.00,,Fog,287
1954-12-2,64,58,52,43,35,27,62,44,33,30.35,30.25,30.13,15,13,10,16,10,,0.00,,,5
1954-12-3,82,66,51,60,51,42,83,63,34,30.10,30.01,29.92,10,10,7,16,6,,0.00,0,,222
1954-12-4,82,66,51,62,57,49,93,70,46,29.97,29.87,29.76,15,12,9,24,9,,0.00,0,,203
1954-12-5,73,64,53,60,38,24,73,40,17,30.29,30.03,29.80,15,10,4,34,15,,0.00,0,,325
1954-12-6,60,51,41,30,28,25,65,43,26,30.41,30.31,30.27,15,15,15,28,16,,0.00,0,,14
1954-12-7,68,52,35,47,34,25,72,55,33,30.26,30.10,29.94,15,12,10,25,7,,0.00,0,,149
1954-12-8,79,66,53,54,44,20,84,54,26,30.18,29.97,29.89,10,10,10,26,15,,0.00,0,,254
1954-12-9,64,53,42,25,21,15,49,31,16,30.36,30.28,30.18,15,15,15,23,13,,0.00,0,,22
1954-12-10,64,52,39,50,35,21,67,50,35,30.29,30.20,30.10,15,14,10,24,10,,0.00,0,Rain,121
1954-12-11,75,66,57,65,59,51,100,83,66,30.09,29.97,29.86,15,11,2,22,11,,0.38,,Fog-Rain-Thunderstorm,142
1954-12-12,55,49,42,53,38,31,90,67,45,30.36,30.23,30.04,15,13,10,26,17,,0.00,0,Rain,327
1954-12-13,62,50,37,31,28,22,76,51,24,30.34,30.24,30.09,15,15,15,18,10,,0.00,0,,311
1954-12-14,69,52,34,32,29,25,75,48,22,30.24,30.06,29.99,15,14,10,28,10,,0.00,0,,246
1954-12-15,64,52,41,34,27,21,73,43,19,30.30,30.19,30.03,15,15,15,17,10,,0.00,0,,235
1954-12-16,72,56,39,50,40,24,80,53,29,30.07,29.94,29.84,15,14,4,28,14,,0.00,0,Rain,216
1954-12-17,55,49,42,37,22,13,59,37,20,30.31,30.23,30.10,15,11,5,29,20,,0.00,0,Rain,305
1954-12-18,64,54,43,33,26,12,58,36,28,30.29,30.23,30.17,15,8,3,25,10,,0.00,0,,280
1954-12-19,70,54,39,32,29,26,70,42,22,30.33,30.26,30.19,10,8,2,28,9,,0.00,0,,314
1954-12-20,72,58,43,34,31,28,65,42,23,30.32,30.23,30.15,15,12,10,16,9,,0.00,0,,280
1954-12-21,77,57,37,32,27,21,76,38,13,30.15,30.09,30.03,15,15,10,13,7,,0.00,0,,260
1954-12-22,75,58,41,31,29,26,62,39,16,30.11,30.04,29.97,15,15,10,15,9,,0.00,0,,274
1954-12-23,68,56,43,50,40,28,77,57,45,30.10,30.04,29.99,15,11,3,13,4,,0.00,0,,199
1954-12-24,73,60,48,55,49,46,93,69,42,30.13,30.06,30.01,15,11,10,13,5,,0.00,0,,145
1954-12-25,73,65,57,61,59,53,93,83,55,30.07,30.02,29.97,15,12,6,23,11,,0.00,0,Fog-Rain,163
1954-12-26,75,68,61,65,62,59,97,84,62,30.04,29.97,29.92,15,11,8,25,14,,0.00,,,166
1954-12-27,77,72,57,65,63,54,90,80,60,29.93,29.87,29.79,15,13,10,30,17,,0.00,,Rain,170
1954-12-28,52,44,37,50,35,23,93,80,57,30.14,30.02,29.87,15,11,5,32,24,,0.01,,Rain,323
1954-12-29,55,45,35,25,21,15,64,46,23,30.28,30.20,30.13,15,15,15,28,19,,0.00,0,,293
1954-12-30,57,42,27,49,30,17,96,62,33,30.27,30.19,30.12,15,10,5,20,4,,0.01,0,Rain,143
1954-12-31,62,56,50,55,50,46,96,84,70,30.13,30.03,29.94,10,8,6,14,5,,0.00,,,113
