
CST,Max TemperatureF,Mean TemperatureF,Min TemperatureF,Max Dew PointF,MeanDew PointF,Min DewpointF,Max Humidity, Mean Humidity, Min Humidity, Max Sea Level PressureIn, Mean Sea Level PressureIn, Min Sea Level PressureIn, Max VisibilityMiles, Mean VisibilityMiles, Min VisibilityMiles, Max Wind SpeedMPH, Mean Wind SpeedMPH, Max Gust SpeedMPH,PrecipitationIn, CloudCover, Events, WindDirDegrees
1964-1-1,64,47,30,33,30,27,92,57,29,30.30,30.22,30.15,15,15,15,17,7,,0.00,0,,193
1964-1-2,71,52,34,41,31,28,82,50,21,30.22,30.14,30.07,15,15,10,21,7,,0.00,0,,188
1964-1-3,73,60,48,56,46,33,93,68,39,30.27,30.10,30.04,15,14,6,22,10,,0.00,0,Fog,205
1964-1-4,60,50,41,29,24,20,44,37,30,30.38,30.31,30.26,15,15,15,22,16,,0.00,0,,3
1964-1-5,62,48,35,40,31,20,74,53,36,30.28,30.14,30.01,15,15,15,10,8,,0.00,0,,299
1964-1-6,59,49,39,41,32,28,77,56,32,30.11,30.03,29.99,15,15,15,17,9,,0.00,,,342
1964-1-7,66,48,30,48,34,27,93,61,30,29.99,29.85,29.73,15,15,10,22,7,,0.00,0,,203
1964-1-8,71,61,48,55,44,28,100,67,21,30.10,29.83,29.73,15,9,0,22,9,,0.07,0,Fog,335
1964-1-9,51,42,30,28,17,8,57,39,19,30.50,30.39,30.14,15,15,15,25,17,,0.00,0,,342
1964-1-10,55,40,24,37,18,6,75,46,14,30.46,30.30,30.08,15,14,10,18,7,,0.00,0,,194
1964-1-11,63,52,41,50,38,21,86,64,33,30.11,29.96,29.85,15,14,10,23,12,,0.00,0,,231
1964-1-12,44,36,28,21,12,8,56,39,26,30.48,30.30,30.14,15,15,15,29,17,,0.00,0,,338
1964-1-13,39,30,21,8,4,-1,53,36,19,30.63,30.53,30.46,15,15,15,18,14,,0.00,0,,358
1964-1-14,43,30,18,16,5,-1,62,36,18,30.53,30.41,30.28,15,14,8,9,5,,0.00,0,,98
1964-1-15,37,34,32,33,29,18,96,80,45,30.27,30.18,30.07,15,7,2,21,11,,0.48,,Fog-Rain,58
1964-1-16,36,34,32,34,32,30,100,94,89,30.20,30.16,30.11,10,7,0,20,14,,0.38,0,Fog-Rain-Snow,336
1964-1-17,61,44,27,38,32,25,96,70,36,30.18,30.04,29.93,15,12,7,16,8,,0.00,0,,214
1964-1-18,69,51,33,57,41,28,93,72,49,29.94,29.85,29.77,15,14,10,20,7,,0.00,0,,185
1964-1-19,75,65,55,58,44,27,100,61,18,30.00,29.80,29.73,15,10,4,29,13,,0.00,0,Fog,251
1964-1-20,73,58,43,40,34,31,71,45,23,30.14,30.05,29.99,7,5,3,15,7,,0.00,0,,228
1964-1-21,66,58,51,61,54,42,100,85,66,30.06,29.96,29.87,10,5,0,21,7,,0.00,0,Fog,180
1964-1-22,73,66,59,62,61,59,100,88,66,29.96,29.90,29.84,15,8,0,12,8,,0.00,,Fog,191
1964-1-23,72,64,55,63,60,56,100,91,71,29.93,29.85,29.77,10,5,0,14,6,,0.00,,Fog,195
1964-1-24,66,58,48,64,35,13,97,47,15,30.20,29.96,29.75,15,13,8,26,15,,0.00,,,322
1964-1-25,63,50,36,25,19,11,62,35,13,30.31,30.21,30.12,15,15,15,15,7,,0.00,,,253
1964-1-26,64,49,34,43,28,17,62,43,28,30.18,30.10,30.02,15,15,15,17,6,,0.00,0,,182
1964-1-27,73,60,48,54,43,31,86,61,32,30.22,30.08,30.01,15,14,10,15,6,,0.00,0,,212
1964-1-28,68,56,43,51,37,27,90,54,40,30.39,30.30,30.25,15,12,9,16,11,,0.00,0,,50
1964-1-29,57,55,53,55,54,51,100,96,90,30.31,30.26,30.20,10,6,1,15,10,,0.05,,Fog-Rain,135
1964-1-30,55,53,51,55,53,50,100,96,93,30.21,30.10,30.00,10,6,1,18,11,,1.48,,Fog-Rain-Thunderstorm,139
1964-1-31,66,57,46,54,50,45,100,83,52,30.26,30.13,30.05,15,10,1,15,8,,0.00,,Fog,293
1964-2-1,61,52,43,45,41,37,93,70,42,30.35,30.27,30.20,15,15,10,15,9,,0.00,0,,35
1964-2-2,57,51,45,52,47,43,100,85,65,30.18,30.10,30.02,15,9,1,12,5,,0.00,,Fog-Rain,163
1964-2-3,55,54,52,54,53,51,100,99,93,30.09,30.02,29.95,10,4,0,17,8,,0.03,,Fog-Rain,108
1964-2-4,55,48,41,54,41,33,97,76,45,30.05,29.96,29.91,15,11,4,26,15,,0.71,0,Rain-Thunderstorm,319
1964-2-5,60,50,39,38,34,30,77,58,41,29.89,29.70,29.57,15,15,10,29,12,,0.00,0,,284
1964-2-6,57,47,37,38,36,32,85,62,45,29.89,29.74,29.62,15,15,15,20,11,,0.00,0,,341
1964-2-7,50,44,36,34,24,15,68,50,25,30.19,30.10,29.91,15,15,15,24,17,,0.00,0,,329
1964-2-8,64,48,32,28,22,18,67,41,17,30.20,30.13,30.06,15,15,15,14,7,,0.00,0,,267
1964-2-9,70,52,33,32,28,24,79,48,18,30.25,30.15,30.04,15,15,15,17,8,,0.00,0,,230
1964-2-10,75,60,46,52,40,33,90,54,24,30.13,30.02,29.96,15,15,10,15,9,,0.00,0,,220
1964-2-11,61,52,42,40,34,29,67,53,38,30.32,30.19,30.11,15,15,15,15,11,,0.00,0,,91
1964-2-12,68,58,48,59,53,40,96,79,65,30.11,29.89,29.74,15,13,4,23,14,,0.00,,Fog-Rain,177
1964-2-13,63,52,39,60,41,36,90,72,47,30.03,29.96,29.83,15,14,3,23,15,,0.03,0,Rain,10
1964-2-14,52,44,35,49,40,32,97,88,77,30.02,29.90,29.70,15,8,2,16,8,,0.03,0,Fog-Rain,124
1964-2-15,61,52,42,50,30,21,96,47,23,30.09,29.96,29.81,15,14,5,23,15,,0.04,0,Fog-Rain,321
1964-2-16,55,44,32,32,28,25,85,56,32,30.20,30.11,30.05,15,15,15,14,9,,0.00,0,,101
1964-2-17,55,46,36,51,43,30,100,88,68,30.05,29.86,29.76,15,6,0,10,4,,0.01,0,Fog-Rain,105
1964-2-18,64,54,44,48,35,22,100,59,20,30.08,29.97,29.82,15,12,0,23,12,,0.00,0,Fog,338
1964-2-19,62,50,37,29,24,19,68,41,21,30.20,30.08,30.00,15,15,15,16,10,,0.00,0,,326
1964-2-20,55,45,35,40,28,23,82,51,28,30.21,30.13,30.07,15,13,8,18,8,,0.01,0,Rain,82
1964-2-21,44,37,30,40,30,26,100,81,53,30.41,30.31,30.21,15,9,0,23,17,,0.13,0,Rain-Snow,10
1964-2-22,53,40,28,30,26,23,89,60,31,30.35,30.27,30.19,15,15,15,10,8,,0.00,0,,279
1964-2-23,57,44,32,34,29,27,85,57,32,30.27,30.19,30.10,15,13,10,16,7,,0.00,0,,177
1964-2-24,46,44,41,42,38,30,93,83,60,30.15,30.04,29.94,15,9,3,15,6,,0.35,0,Fog-Rain,72
1964-2-25,61,49,37,51,44,37,97,86,64,30.06,29.98,29.91,10,8,1,17,8,,0.00,0,Fog,200
1964-2-26,48,42,35,46,35,30,97,84,71,30.12,30.04,29.96,10,8,2,18,12,,0.01,,Fog-Rain,10
1964-2-27,62,50,37,35,29,19,76,49,29,30.09,29.95,29.85,15,12,10,21,12,,0.00,0,,336
1964-2-28,59,46,34,28,22,15,70,42,19,30.38,30.26,30.12,15,13,10,23,16,,0.00,0,,3
1964-2-29,57,48,39,52,38,22,96,68,43,30.24,30.10,30.01,15,12,1,20,6,,0.00,,Fog,156
1964-3-1,63,58,52,61,56,52,100,95,90,30.04,29.94,29.84,10,4,0,14,5,,0.03,,Fog-Rain,95
1964-3-2,77,62,48,54,42,29,100,59,18,29.86,29.77,29.68,15,12,0,20,8,,0.00,0,Fog,243
1964-3-3,77,62,46,63,53,39,97,78,57,29.69,29.55,29.40,15,11,1,18,8,,0.05,0,Fog,180
1964-3-4,61,54,46,45,35,28,74,48,30,30.00,29.75,29.45,15,11,2,32,21,,0.09,0,Rain-Thunderstorm,307
1964-3-5,70,54,39,47,35,30,82,52,25,30.17,30.05,29.97,15,14,10,18,10,,0.00,0,,208
1964-3-6,75,63,51,61,54,47,97,77,50,30.02,29.96,29.87,15,10,6,23,13,,0.00,0,Fog,173
1964-3-7,73,68,64,68,65,61,97,91,79,29.97,29.92,29.86,10,8,1,18,12,,0.02,,Fog-Rain,170
1964-3-8,75,72,68,67,66,65,96,87,76,29.89,29.74,29.52,15,10,6,23,17,,0.00,,Fog-Rain,173
1964-3-9,68,56,42,65,38,27,90,62,32,30.06,29.85,29.51,15,14,10,36,20,,0.12,0,Rain,323
1964-3-10,70,52,35,42,36,32,92,57,30,30.14,30.04,29.96,15,15,15,22,8,,0.00,0,,190
1964-3-11,70,56,42,50,44,38,92,66,42,30.19,30.10,30.01,15,15,15,13,7,,0.00,0,,309
1964-3-12,73,58,44,46,40,36,76,52,32,30.21,30.11,29.99,15,15,15,16,9,,0.00,0,,125
1964-3-13,73,64,55,65,60,42,100,86,60,29.99,29.84,29.73,10,7,0,20,10,,0.00,,Fog,180
1964-3-14,73,66,57,65,50,37,100,63,28,30.09,29.90,29.75,15,9,1,21,12,,0.01,0,Fog-Rain,8
1964-3-15,73,58,43,36,28,21,65,36,15,30.24,30.14,30.06,15,14,10,17,10,,0.00,0,,56
1964-3-16,73,58,43,44,36,30,68,44,24,30.20,30.14,30.08,15,14,10,16,6,,0.00,0,,122
1964-3-17,75,64,52,45,39,33,69,42,21,30.26,30.15,30.04,15,11,8,9,5,,0.00,0,,48
1964-3-18,69,62,55,60,49,42,97,65,42,30.03,29.86,29.60,15,11,3,21,9,,1.03,,Rain-Thunderstorm,132
1964-3-19,79,66,54,60,49,39,97,62,24,29.78,29.66,29.55,15,13,5,25,11,,0.30,0,Rain-Thunderstorm,270
1964-3-20,61,54,46,48,34,28,83,49,32,30.28,30.02,29.77,15,9,7,26,13,,0.00,0,,349
1964-3-21,61,49,37,38,32,28,73,55,36,30.33,30.23,30.13,15,12,10,14,10,,0.00,0,,32
1964-3-22,64,54,43,52,42,37,83,64,38,30.15,30.05,29.94,15,11,7,21,7,,0.00,,,148
1964-3-23,75,65,55,63,58,51,97,82,57,29.93,29.88,29.81,10,8,1,15,9,,0.01,,Fog,163
1964-3-24,75,70,66,68,66,63,97,87,74,29.89,29.84,29.80,10,8,0,18,12,,0.00,,Fog-Rain,179
1964-3-25,79,65,48,68,53,32,93,67,31,30.02,29.83,29.73,15,9,4,24,12,,0.00,0,Fog,352
1964-3-26,63,49,35,35,29,24,70,50,27,30.25,30.11,30.00,15,15,15,21,13,,0.00,0,,55
1964-3-27,73,58,42,59,49,35,86,72,52,29.99,29.92,29.84,15,10,8,18,8,,0.00,0,,183
1964-3-28,73,66,59,60,53,40,100,67,34,30.22,30.04,29.90,10,9,4,17,9,,0.00,,Fog,24
1964-3-29,75,62,50,45,41,34,57,46,31,30.36,30.30,30.24,15,12,10,16,11,,0.00,0,,91
1964-3-30,73,63,53,48,43,39,72,50,31,30.41,30.34,30.28,15,12,10,16,7,,0.00,,,133
1964-3-31,73,64,55,59,54,48,93,75,53,30.33,30.25,30.12,10,8,5,15,9,,0.00,0,Fog,189
1964-4-1,71,68,64,63,61,59,90,82,73,30.14,29.99,29.85,10,9,4,23,15,,0.00,,Fog-Rain,182
1964-4-2,73,70,66,67,65,62,87,84,79,29.84,29.72,29.64,10,10,7,23,16,,0.00,,,184
1964-4-3,86,78,69,67,66,65,90,74,53,29.80,29.68,29.60,10,10,8,23,17,,0.00,0,,179
1964-4-4,73,72,70,70,69,68,97,93,87,29.83,29.78,29.72,10,8,2,18,13,,0.02,,Fog-Rain,164
1964-4-5,80,70,59,69,51,37,97,62,22,29.89,29.80,29.70,15,13,7,23,10,,0.09,0,Rain,334
1964-4-6,82,66,51,66,57,45,87,68,49,29.80,29.74,29.66,15,12,10,16,7,,0.00,0,,215
1964-4-7,70,64,57,68,53,35,100,68,42,30.17,29.93,29.74,15,8,0,26,11,,0.00,,Fog,354
1964-4-8,59,54,50,36,32,27,56,43,32,30.39,30.31,30.17,15,12,10,25,19,,0.00,,,13
1964-4-9,71,58,44,34,30,25,63,39,19,30.40,30.31,30.20,15,13,10,14,7,,0.00,0,,74
1964-4-10,75,60,46,54,42,32,83,53,22,30.25,30.16,30.05,15,13,10,17,6,,0.00,0,,178
1964-4-11,81,69,57,68,62,54,100,84,58,30.07,29.95,29.85,15,8,1,17,10,,0.02,,Fog-Rain,171
1964-4-12,84,76,69,69,66,65,93,78,53,29.87,29.81,29.75,15,11,7,15,11,,0.00,,,182
1964-4-13,78,66,55,67,43,40,90,46,27,30.14,30.02,29.89,10,6,2,21,15,,0.07,0,Rain-Thunderstorm,35
1964-4-14,81,67,53,45,41,38,69,42,23,30.27,30.20,30.10,10,10,10,17,11,,0.00,0,,30
1964-4-15,82,68,53,58,47,41,73,48,27,30.35,30.25,30.14,15,13,7,18,8,,0.00,0,,141
1964-4-16,72,68,64,66,63,60,90,82,73,30.19,30.11,30.02,15,10,8,20,12,,0.03,0,Rain,166
1964-4-17,81,72,62,68,65,60,93,82,65,30.05,29.99,29.89,15,11,8,21,11,,0.14,,Rain-Thunderstorm,181
1964-4-18,82,76,69,69,67,65,93,77,56,30.08,30.02,29.96,10,10,7,17,11,,0.00,,,174
1964-4-19,82,76,70,68,66,65,87,74,56,30.05,29.99,29.93,15,12,10,17,13,,0.00,,,167
1964-4-20,82,76,71,68,66,64,87,74,58,29.98,29.93,29.87,15,13,10,21,14,,0.00,,,177
1964-4-21,80,76,71,68,67,66,87,77,64,29.91,29.86,29.80,15,12,10,18,12,,0.00,,,168
1964-4-22,82,76,71,71,67,63,93,75,51,29.86,29.79,29.70,10,9,4,23,11,,0.00,,Fog,166
1964-4-23,87,79,71,69,67,64,93,72,48,29.81,29.77,29.71,15,10,7,20,11,,0.00,,,165
1964-4-24,86,80,73,72,70,68,91,77,55,29.86,29.78,29.70,10,10,7,16,10,,0.00,0,,178
1964-4-25,79,74,69,70,68,60,93,80,58,29.80,29.73,29.66,15,12,7,21,11,,0.15,,Rain-Thunderstorm,175
1964-4-26,81,72,63,70,55,40,93,61,24,29.66,29.61,29.54,15,11,1,21,10,,0.95,0,Fog-Rain-Thunderstorm,261
1964-4-27,87,73,59,55,50,44,67,45,25,29.70,29.64,29.60,15,10,10,16,8,,0.00,0,,221
1964-4-28,82,71,60,52,45,38,72,43,22,29.92,29.81,29.65,10,8,5,21,10,,0.00,0,,15
1964-4-29,75,66,57,55,48,41,70,52,41,30.01,29.92,29.84,15,11,8,13,9,,0.00,,,49
1964-4-30,77,67,57,65,58,53,89,71,48,29.86,29.80,29.72,15,10,5,14,7,,0.00,,,109
1964-5-1,84,76,66,71,67,64,100,82,56,29.75,29.70,29.62,15,8,0,17,8,,0.52,0,Fog-Rain,134
1964-5-2,95,79,63,65,57,42,100,62,17,29.77,29.70,29.62,15,8,0,14,7,,0.00,0,Fog,180
1964-5-3,89,76,64,71,65,55,96,71,46,29.80,29.73,29.67,10,8,3,15,9,,0.00,0,Fog,177
1964-5-4,84,78,73,72,71,71,91,82,63,29.88,29.83,29.79,9,6,3,20,10,,0.00,,Fog,142
1964-5-5,79,76,72,74,72,71,100,92,79,29.89,29.85,29.80,10,6,1,21,12,,0.00,,Fog-Rain,160
1964-5-6,75,74,73,74,72,70,97,93,87,29.93,29.88,29.80,10,6,2,15,12,,0.04,,Fog-Rain,160
1964-5-7,80,76,73,74,72,70,96,87,76,29.94,29.89,29.83,10,8,5,23,13,,0.00,,Fog-Rain,170
1964-5-8,87,81,75,72,71,67,90,76,57,29.94,29.86,29.82,10,8,7,21,14,,0.00,,,177
1964-5-9,84,77,70,70,67,64,93,74,57,30.04,29.97,29.92,15,11,10,16,7,,0.00,,Rain,156
1964-5-10,90,80,71,73,69,66,97,74,48,29.98,29.90,29.81,10,9,3,17,10,,0.00,,Fog,174
1964-5-11,86,79,72,70,68,63,93,73,48,29.90,29.84,29.79,15,11,10,15,9,,0.00,,,177
1964-5-12,90,76,63,67,62,58,93,66,39,30.08,29.95,29.89,15,13,10,20,7,,0.00,0,,351
1964-5-13,84,72,60,55,44,36,69,40,17,30.25,30.16,30.09,15,15,15,15,11,,0.00,0,,52
1964-5-14,88,72,57,59,51,44,74,49,31,30.16,30.10,30.01,15,14,10,13,6,,0.00,0,,148
1964-5-15,84,73,62,61,58,54,86,59,38,30.12,30.06,30.00,15,15,10,17,9,,0.00,0,,172
1964-5-16,84,72,60,61,59,55,97,65,36,30.15,30.10,30.06,15,14,8,14,8,,0.00,0,,153
1964-5-17,84,72,61,61,58,53,90,61,33,30.19,30.13,30.07,15,10,8,15,7,,0.00,0,,158
1964-5-18,86,72,59,67,60,54,96,66,38,30.18,30.13,30.06,15,10,6,20,6,,0.00,0,,137
1964-5-19,86,76,66,68,64,57,100,70,40,30.23,30.18,30.12,15,12,3,16,8,,0.08,,Fog,100
1964-5-20,87,76,64,67,63,59,100,67,40,30.24,30.17,30.09,10,9,6,12,5,,0.00,,Fog,148
1964-5-21,79,74,68,67,65,61,90,75,56,30.16,30.11,30.05,15,10,7,12,5,,0.00,0,Rain,154
1964-5-22,80,74,69,73,68,64,97,86,64,30.08,30.03,29.96,10,9,4,13,6,,0.22,0,Fog-Rain,172
1964-5-23,82,74,66,73,69,66,100,86,63,30.01,29.98,29.94,15,10,2,21,8,,0.00,0,Fog-Rain,166
1964-5-24,90,80,70,73,70,67,100,81,46,30.09,30.02,29.98,15,11,6,15,9,,0.46,,Fog-Rain-Thunderstorm,168
1964-5-25,88,80,71,74,70,67,100,82,49,30.14,30.08,30.03,15,12,3,14,6,,0.00,0,Fog,149
1964-5-26,90,80,70,72,69,65,100,75,45,30.08,30.02,29.93,15,12,0,13,7,,0.00,,Fog,167
1964-5-27,91,82,72,72,68,64,97,70,41,30.02,29.97,29.89,15,14,8,14,10,,0.00,,,185
1964-5-28,91,82,72,71,68,65,93,66,42,30.00,29.92,29.83,15,13,8,14,9,,0.00,,,181
1964-5-29,88,79,70,69,66,61,91,68,43,29.92,29.80,29.68,15,12,8,17,8,,0.06,,Rain-Thunderstorm,151
1964-5-30,87,76,66,69,66,61,97,75,46,29.82,29.74,29.67,15,12,8,13,9,,0.49,,Rain-Thunderstorm,140
1964-5-31,73,68,61,66,60,55,96,78,63,30.12,30.01,29.88,15,13,8,20,13,,0.00,0,,12
1964-6-1,80,68,55,55,50,46,90,59,31,30.18,30.11,30.04,15,14,10,13,9,,0.00,0,,17
1964-6-2,84,70,57,55,51,47,83,53,27,30.09,30.04,29.98,15,14,10,12,5,,0.00,0,,124
1964-6-3,84,73,62,59,56,54,80,56,37,30.07,30.00,29.93,15,15,10,13,5,,0.00,0,,164
1964-6-4,86,75,64,65,62,57,90,64,41,29.98,29.93,29.84,15,10,4,18,8,,0.00,0,Fog,173
1964-6-5,84,74,63,67,63,59,100,69,44,30.00,29.92,29.86,15,12,7,16,8,,0.25,,Rain-Thunderstorm,249
1964-6-6,93,80,68,70,64,60,90,58,32,29.93,29.88,29.79,15,11,7,12,5,,0.00,0,,205
1964-6-7,93,83,73,70,66,61,90,60,38,29.87,29.79,29.70,15,13,10,16,12,,0.00,0,,184
1964-6-8,93,83,73,72,67,60,85,62,34,29.75,29.72,29.67,15,13,10,24,18,,0.00,0,,178
1964-6-9,91,84,78,74,72,69,84,68,47,29.86,29.78,29.73,15,12,10,17,13,,0.00,0,,176
1964-6-10,95,86,77,76,71,66,96,67,38,29.94,29.90,29.86,15,12,10,16,12,,0.00,0,,170
1964-6-11,91,84,77,75,71,69,94,69,47,29.96,29.91,29.84,15,13,10,16,11,,0.00,0,,168
1964-6-12,95,86,77,75,71,67,90,66,40,29.95,29.90,29.83,15,13,10,22,13,,0.00,0,,172
1964-6-13,93,83,73,73,69,64,93,65,38,29.96,29.92,29.85,15,13,10,22,13,,0.00,0,,174
1964-6-14,91,83,75,73,71,67,94,75,46,29.99,29.95,29.91,15,11,10,17,9,,0.38,0,Rain,157
1964-6-15,78,74,71,75,72,69,100,94,84,29.96,29.92,29.87,15,9,0,16,8,,2.56,,Fog-Rain-Thunderstorm,92
1964-6-16,79,75,71,76,73,70,100,94,81,30.00,29.93,29.88,15,9,1,12,9,,4.28,,Fog-Rain-Thunderstorm,171
1964-6-17,88,80,73,75,73,70,100,84,61,29.94,29.89,29.80,15,12,7,16,10,,0.07,0,Rain,175
1964-6-18,90,82,75,75,72,71,94,75,54,29.90,29.86,29.82,15,13,10,21,13,,0.00,,,174
1964-6-19,91,83,75,74,72,70,94,74,50,29.98,29.93,29.89,15,13,10,18,12,,0.00,0,,176
1964-6-20,91,83,75,73,72,69,94,72,50,30.01,29.96,29.90,15,13,10,17,13,,0.00,0,,172
1964-6-21,91,82,73,74,71,68,97,72,47,30.01,29.96,29.89,15,14,8,20,11,,0.00,0,,177
1964-6-22,91,83,75,73,71,67,91,70,44,29.99,29.94,29.88,15,14,10,17,12,,0.00,0,,179
1964-6-23,93,83,73,72,68,63,96,66,36,30.04,29.99,29.94,15,13,8,13,7,,0.00,0,,184
1964-6-24,91,82,73,69,65,53,82,56,30,30.09,30.02,29.94,15,15,15,16,8,,0.00,0,,29
1964-6-25,90,82,73,69,62,52,67,53,40,30.08,30.04,30.00,15,14,10,15,11,,0.00,,,51
1964-6-26,91,82,72,68,63,57,84,55,31,30.13,30.07,30.00,15,15,10,14,7,,0.00,0,,50
1964-6-27,93,83,73,70,63,56,82,54,30,30.08,30.02,29.94,15,11,7,12,5,,0.00,0,,52
1964-6-28,95,84,73,73,66,63,76,59,36,30.01,29.96,29.91,15,12,10,20,6,,0.00,0,,41
1964-6-29,91,83,75,73,71,68,91,69,47,30.03,29.98,29.95,10,9,6,12,4,,0.00,0,Fog,126
1964-6-30,93,82,72,74,70,66,100,66,40,30.05,30.00,29.95,15,12,10,12,6,,0.00,0,,90
1964-7-1,93,83,73,74,70,66,91,67,41,30.01,29.95,29.87,15,12,8,10,6,,0.00,0,,75
1964-7-2,93,83,73,70,68,64,90,62,37,29.98,29.92,29.85,15,12,10,12,6,,0.00,0,,91
1964-7-3,97,85,73,73,68,65,84,60,35,29.94,29.89,29.84,15,15,15,9,4,,0.00,0,,125
1964-7-4,96,84,73,74,70,66,87,64,40,29.97,29.93,29.89,15,14,10,15,6,,0.00,0,,163
1964-7-5,95,85,75,73,69,62,90,62,33,30.02,29.97,29.92,15,12,10,13,7,,0.00,0,,183
1964-7-6,97,86,75,74,70,66,90,63,37,30.05,30.00,29.95,15,13,10,14,9,,0.00,0,,175
1964-7-7,96,86,75,74,69,62,91,61,33,30.08,30.02,29.95,15,14,10,14,9,,0.00,0,,180
1964-7-8,93,83,73,72,68,67,85,60,41,30.01,29.96,29.87,15,12,10,12,8,,0.00,0,,190
1964-7-9,95,84,73,72,69,65,90,61,37,29.97,29.93,29.86,15,11,8,13,8,,0.00,0,,182
1964-7-10,97,85,73,73,69,66,93,61,37,30.01,29.96,29.90,15,13,10,16,9,,0.00,0,,188
1964-7-11,98,86,75,72,68,62,87,58,31,30.01,29.94,29.85,15,15,15,17,10,,0.00,0,,193
1964-7-12,95,86,78,71,69,62,76,60,43,29.94,29.89,29.83,15,15,15,14,11,,0.00,0,,215
1964-7-13,91,82,73,63,59,55,66,47,29,30.01,29.95,29.91,15,11,8,17,11,,0.00,0,,44
1964-7-14,93,82,71,70,63,57,82,54,31,30.04,29.97,29.91,15,10,6,13,5,,0.00,0,,165
1964-7-15,95,84,73,74,69,63,96,64,34,30.06,29.99,29.91,15,11,7,18,9,,0.00,0,,172
1964-7-16,95,85,75,75,69,61,96,64,33,30.04,29.99,29.91,15,13,10,14,9,,0.00,0,,151
1964-7-17,93,83,73,72,68,63,90,62,37,30.07,30.02,29.97,15,14,10,20,9,,0.00,0,,114
1964-7-18,90,82,73,71,68,67,82,66,46,30.09,30.06,30.01,15,15,10,15,8,,0.00,0,,114
1964-7-19,88,80,73,75,71,69,94,82,53,30.11,30.07,30.02,15,13,7,16,7,,0.23,0,Rain,143
1964-7-20,90,82,73,73,72,69,94,77,50,30.08,30.03,29.96,15,13,9,14,7,,0.29,,,167
1964-7-21,93,82,72,74,70,65,97,68,42,30.03,29.97,29.87,15,12,7,14,7,,0.00,,,183
1964-7-22,93,83,73,74,70,63,97,66,36,30.00,29.95,29.87,15,13,8,16,9,,0.00,0,,181
1964-7-23,96,86,77,75,71,65,90,64,37,30.05,30.00,29.93,15,14,10,15,9,,0.00,0,,187
1964-7-24,98,86,75,73,68,62,90,56,30,30.05,29.98,29.86,15,15,10,13,9,,0.00,0,,200
1964-7-25,102,88,75,73,66,59,87,53,23,29.93,29.87,29.75,15,14,10,22,8,,0.03,0,Rain-Thunderstorm,209
1964-7-26,100,86,73,70,67,63,90,55,30,29.87,29.82,29.74,15,14,10,13,5,,0.00,0,,157
1964-7-27,98,86,75,71,67,62,71,54,33,29.94,29.88,29.82,15,12,10,14,7,,0.00,0,,165
1964-7-28,98,86,75,74,71,65,87,63,35,30.01,29.95,29.92,15,12,10,16,8,,0.00,0,,173
1964-7-29,95,85,75,79,72,65,94,73,37,30.04,29.99,29.91,15,12,10,18,9,,0.10,0,Rain-Thunderstorm,171
1964-7-30,93,86,78,76,73,69,93,73,45,30.00,29.95,29.89,15,13,10,16,8,,0.00,,,164
1964-7-31,97,86,75,75,71,63,94,68,32,30.04,29.99,29.95,15,13,10,20,9,,0.00,,,169
1964-8-1,97,86,75,75,70,67,94,66,39,30.11,30.05,30.00,15,15,15,17,8,,0.00,0,,169
1964-8-2,97,86,75,76,71,65,97,65,35,30.14,30.08,30.00,15,14,8,16,10,,0.00,0,,172
1964-8-3,97,85,73,73,68,63,91,59,32,30.11,30.05,29.96,15,15,10,14,9,,0.00,0,,183
1964-8-4,99,86,73,72,66,59,91,54,27,30.07,30.00,29.93,15,15,15,10,7,,0.00,0,,190
1964-8-5,100,88,77,69,65,58,74,46,25,30.01,29.95,29.87,15,15,10,9,6,,0.00,0,,192
1964-8-6,99,89,79,73,68,64,82,55,32,30.01,29.92,29.83,15,15,10,17,8,,0.12,,Rain-Thunderstorm,183
1964-8-7,97,88,78,71,69,64,77,57,35,29.95,29.91,29.85,15,12,10,21,6,,0.00,0,,148
1964-8-8,89,82,75,75,72,68,97,78,50,30.05,29.98,29.94,15,12,5,14,7,,0.18,0,Rain,132
1964-8-9,95,85,75,76,71,67,97,69,41,30.04,29.97,29.89,15,13,7,12,5,,0.00,0,,185
1964-8-10,97,86,75,74,69,64,94,60,35,29.94,29.88,29.80,15,15,15,14,8,,0.00,0,,189
1964-8-11,98,86,75,74,69,63,94,60,31,29.93,29.88,29.82,15,15,10,14,11,,0.00,0,,186
1964-8-12,98,86,75,73,69,64,94,61,33,30.01,29.95,29.88,15,14,10,14,9,,0.00,0,,181
1964-8-13,96,86,77,76,71,68,84,64,40,29.96,29.91,29.84,15,15,10,16,8,,0.00,0,,170
1964-8-14,97,88,79,76,72,68,90,66,40,29.90,29.84,29.74,15,15,15,20,13,,0.00,0,,177
1964-8-15,97,88,78,74,71,67,84,64,37,29.87,29.81,29.70,15,15,10,17,13,,0.00,0,,183
1964-8-16,87,80,72,76,74,71,97,85,67,29.97,29.92,29.88,15,13,8,14,7,,0.87,,Rain-Thunderstorm,61
1964-8-17,96,86,75,77,72,66,97,69,38,30.04,29.98,29.92,15,13,10,13,6,,0.00,0,,169
1964-8-18,98,86,75,74,69,63,94,60,31,30.03,29.96,29.85,15,14,10,17,9,,0.00,0,,193
1964-8-19,98,88,77,68,65,60,74,50,29,29.91,29.85,29.75,15,12,10,15,9,,0.00,0,,186
1964-8-20,96,86,75,74,70,66,94,65,37,29.84,29.79,29.70,15,13,10,20,13,,0.00,0,,179
1964-8-21,98,88,78,74,71,68,84,62,39,29.83,29.78,29.68,15,15,15,23,15,,0.00,0,,185
1964-8-22,93,84,75,75,71,67,90,70,44,29.95,29.88,29.80,15,15,10,21,12,,0.30,,Rain-Thunderstorm,129
1964-8-23,87,80,73,74,72,70,97,84,61,30.13,30.04,29.95,15,13,7,14,7,,0.44,,Rain-Thunderstorm,127
1964-8-24,91,83,75,77,73,69,100,80,52,30.16,30.10,30.03,15,13,4,14,8,,0.02,,Fog-Rain-Thunderstorm,172
1964-8-25,93,84,75,75,72,66,97,70,41,30.09,30.02,29.91,15,13,10,16,10,,0.00,,Rain,181
1964-8-26,93,84,75,75,71,62,100,67,35,29.96,29.88,29.74,15,14,10,16,10,,0.00,,,181
1964-8-27,93,83,73,74,71,67,97,68,42,29.81,29.77,29.70,15,15,10,20,12,,0.00,,,176
1964-8-28,93,86,78,76,71,68,93,66,44,29.90,29.85,29.82,15,14,10,20,12,,0.00,0,,180
1964-8-29,95,86,77,74,70,65,90,63,37,29.96,29.90,29.82,15,15,10,17,12,,0.00,0,,182
1964-8-30,93,84,75,75,70,64,96,65,37,29.96,29.91,29.84,15,13,10,16,10,,0.00,0,,185
1964-8-31,96,86,77,76,70,62,94,65,35,30.01,29.95,29.89,15,14,10,12,8,,0.00,0,,173
1964-9-1,96,86,75,74,70,66,91,63,37,30.02,29.97,29.90,15,13,10,13,7,,0.00,0,,181
1964-9-2,96,86,75,73,68,64,82,58,35,30.00,29.95,29.88,15,10,8,13,7,,0.00,0,,172
1964-9-3,95,85,75,75,70,65,87,60,37,30.02,29.96,29.89,10,10,8,14,9,,0.00,0,,175
1964-9-4,96,86,75,75,70,63,94,65,33,30.04,29.96,29.88,15,10,5,14,5,,0.00,0,,163
1964-9-5,95,84,73,76,69,61,94,66,32,29.98,29.92,29.82,10,10,10,16,6,,0.00,0,,154
1964-9-6,90,82,73,72,69,64,90,74,42,29.93,29.89,29.82,15,10,7,14,6,,0.48,0,Rain-Thunderstorm,150
1964-9-7,93,83,73,74,71,67,96,73,42,30.01,29.94,29.89,15,12,3,14,5,,0.00,0,Fog,125
1964-9-8,96,86,75,74,70,66,90,69,37,30.02,29.96,29.89,15,12,8,10,6,,0.00,0,Rain,172
1964-9-9,96,84,73,74,69,65,90,65,38,30.03,29.96,29.88,15,11,10,14,4,,0.00,0,,127
1964-9-10,95,85,75,75,70,65,94,65,37,29.99,29.92,29.84,15,12,8,10,6,,0.00,0,,173
1964-9-11,96,86,75,74,71,68,87,65,40,29.97,29.92,29.86,15,12,10,13,7,,0.02,0,Rain-Thunderstorm,233
1964-9-12,84,78,72,70,65,60,81,65,46,30.07,30.02,29.93,10,10,10,20,13,,0.00,0,Rain,23
1964-9-13,88,76,64,60,47,43,60,37,21,30.14,30.06,29.98,15,13,10,13,10,,0.00,0,,52
1964-9-14,89,80,70,56,50,47,51,40,27,30.04,29.99,29.92,15,10,10,14,6,,0.00,,,97
1964-9-15,87,78,69,70,60,50,70,54,38,29.99,29.94,29.86,15,12,10,14,6,,0.00,,Rain,126
1964-9-16,84,78,71,75,73,70,96,86,69,29.94,29.90,29.82,15,10,3,16,10,,2.15,,Rain-Thunderstorm,166
1964-9-17,81,76,70,70,67,65,97,80,58,30.02,29.95,29.91,15,11,7,16,8,,0.05,0,Rain-Thunderstorm,41
1964-9-18,86,78,69,74,71,68,97,83,63,29.99,29.94,29.87,15,11,3,12,6,,0.00,0,Fog,193
1964-9-19,91,84,77,76,74,69,96,79,48,29.95,29.90,29.84,15,12,7,18,9,,0.00,,,171
1964-9-20,88,82,75,76,74,70,97,81,55,29.97,29.92,29.89,15,12,10,15,9,,0.00,,,155
1964-9-21,84,80,75,77,74,71,97,85,67,30.03,29.99,29.95,15,12,4,15,7,,0.05,0,Fog-Rain-Thunderstorm,148
1964-9-22,86,80,73,75,74,71,97,83,63,30.04,29.99,29.92,10,8,2,13,6,,0.00,,Fog,142
1964-9-23,89,81,73,75,71,63,96,77,42,30.04,29.98,29.92,10,9,4,12,5,,0.00,,Fog-Rain-Thunderstorm,73
1964-9-24,77,73,66,72,68,64,91,84,73,30.15,30.08,30.01,15,11,8,20,11,,0.00,0,Rain,39
1964-9-25,84,74,64,72,63,57,91,69,51,30.16,30.10,30.02,15,10,10,14,8,,0.16,0,Rain,92
1964-9-26,84,78,72,73,71,68,93,83,67,30.05,29.99,29.92,15,12,8,16,9,,0.02,,Rain,150
1964-9-27,75,68,60,75,66,56,97,88,78,30.14,30.05,29.96,15,10,2,18,10,,2.54,,Fog-Rain-Thunderstorm,36
1964-9-28,72,66,60,63,58,53,87,76,66,30.14,30.07,30.00,15,14,10,16,12,,0.00,,Rain,32
1964-9-29,79,72,64,68,65,62,96,85,69,30.05,30.01,29.97,15,10,6,12,5,,0.29,0,Fog-Rain,90
1964-9-30,78,73,66,68,65,63,96,83,64,30.07,30.02,29.99,15,10,7,14,7,,0.00,0,,46
1964-10-1,78,70,63,66,63,62,97,82,60,30.01,29.95,29.86,10,9,8,17,6,,0.00,0,,39
1964-10-2,86,76,66,70,66,63,93,74,49,29.99,29.93,29.89,15,11,7,18,7,,0.00,0,,7
1964-10-3,88,78,69,66,63,61,84,65,42,29.99,29.92,29.83,15,14,10,20,13,,0.00,0,,1
1964-10-4,82,76,66,64,55,39,84,55,30,30.28,30.07,29.91,15,15,10,23,14,,0.00,0,,7
1964-10-5,73,65,57,39,35,30,46,34,20,30.46,30.37,30.29,15,15,15,21,15,,0.00,0,,12
1964-10-6,73,62,50,42,38,34,68,44,25,30.43,30.36,30.30,15,15,15,12,9,,0.00,0,,60
1964-10-7,75,62,48,45,42,39,83,51,27,30.33,30.25,30.13,15,15,15,9,4,,0.00,0,,175
1964-10-8,80,66,51,55,50,43,86,61,38,30.18,30.11,30.04,15,15,15,14,6,,0.00,0,,187
1964-10-9,79,68,57,54,50,43,89,57,34,30.22,30.15,30.10,15,15,15,20,7,,0.00,0,,21
1964-10-10,75,64,52,46,44,43,74,53,32,30.29,30.21,30.17,15,15,15,9,7,,0.00,0,,77
1964-10-11,79,65,51,55,47,34,77,56,35,30.21,30.14,30.04,15,12,10,13,5,,0.00,0,,142
1964-10-12,80,66,53,58,55,52,96,69,47,30.17,30.09,30.02,15,11,7,18,6,,0.00,0,,165
1964-10-13,75,65,55,58,54,47,97,71,37,30.18,30.14,30.08,15,13,10,16,10,,0.12,0,Rain,358
1964-10-14,75,64,53,54,51,48,100,68,37,30.21,30.13,30.06,10,10,10,13,7,,0.00,0,,348
1964-10-15,80,66,53,53,50,47,89,62,32,30.10,30.04,29.94,15,12,10,8,5,,0.00,0,,347
1964-10-16,84,69,54,55,52,48,90,59,30,30.02,29.96,29.88,15,13,7,15,5,,0.00,0,,198
1964-10-17,87,72,57,64,61,56,100,71,44,29.98,29.92,29.86,15,12,5,17,8,,0.00,0,Fog,178
1964-10-18,79,72,62,67,58,38,93,68,37,30.23,30.03,29.91,15,10,8,25,11,,0.00,0,,72
1964-10-19,70,62,52,44,31,25,60,33,19,30.44,30.36,30.25,15,12,10,23,18,,0.00,0,Rain,15
1964-10-20,77,61,45,42,33,26,68,40,19,30.47,30.37,30.24,15,15,15,14,8,,0.00,0,,300
1964-10-21,80,63,46,45,40,37,74,46,21,30.23,30.17,30.08,15,14,8,13,6,,0.00,0,,229
1964-10-22,79,66,52,60,44,38,87,50,29,30.21,30.15,30.11,15,10,10,12,6,,0.00,0,,197
1964-10-23,79,66,54,55,51,49,86,62,36,30.30,30.24,30.20,10,10,10,12,5,,0.00,0,,43
1964-10-24,78,66,53,55,50,47,87,64,33,30.23,30.16,30.07,10,10,7,12,5,,0.00,0,,136
1964-10-25,82,70,57,64,60,55,100,78,44,30.09,30.01,29.91,15,10,2,16,7,,0.00,0,Fog,145
1964-10-26,68,65,62,66,62,60,100,92,81,30.04,29.97,29.93,15,10,4,14,9,,3.62,0,Rain-Thunderstorm,38
1964-10-27,73,68,62,63,62,60,97,86,71,30.13,30.07,30.01,10,9,6,9,6,,0.00,0,,35
1964-10-28,79,69,59,65,62,58,100,82,54,30.19,30.14,30.10,10,8,1,9,6,,0.00,0,Fog,348
1964-10-29,79,69,59,63,60,58,97,75,50,30.21,30.14,30.09,15,11,5,8,4,,0.00,0,Fog,298
1964-10-30,80,68,57,62,59,56,96,74,48,30.14,30.08,30.02,10,9,4,16,5,,0.00,0,Fog,182
1964-10-31,82,72,62,64,62,58,100,79,45,30.13,30.07,30.03,10,8,0,10,7,,0.00,0,Fog,173
1964-11-1,79,70,62,64,61,58,100,77,50,30.18,30.11,30.05,10,9,2,16,6,,0.00,0,Fog,150
1964-11-2,81,70,59,66,62,59,100,79,47,30.10,29.97,29.85,15,11,3,15,6,,0.00,0,Fog,168
1964-11-3,81,74,68,67,64,61,93,76,50,29.96,29.87,29.82,10,10,5,21,12,,0.00,,Fog,169
1964-11-4,70,65,60,65,60,59,100,96,84,30.22,30.10,29.95,10,7,4,10,7,,1.98,,Fog-Rain-Thunderstorm,93
1964-11-5,68,62,57,59,57,54,100,85,63,30.28,30.23,30.20,15,10,0,13,7,,0.00,,Fog,322
1964-11-6,72,63,54,55,50,44,96,70,37,30.24,30.16,30.06,15,13,10,12,7,,0.00,0,,303
1964-11-7,75,62,50,55,51,48,93,69,40,30.17,30.12,30.08,15,12,10,17,6,,0.00,0,,307
1964-11-8,77,64,50,58,55,49,96,75,50,30.23,30.17,30.12,10,10,10,8,4,,0.00,0,,125
1964-11-9,75,65,55,62,58,54,100,82,57,30.22,30.14,30.08,10,8,0,17,4,,0.00,0,Fog,183
1964-11-10,77,66,55,61,57,55,100,78,48,30.10,30.02,29.93,15,10,0,20,8,,0.00,0,Fog,183
1964-11-11,80,71,62,64,61,56,90,74,50,29.95,29.85,29.75,10,9,5,17,10,,0.00,,Fog,185
1964-11-12,77,66,55,66,48,33,90,53,23,30.03,29.94,29.85,10,10,5,15,7,,0.00,0,Fog,1
1964-11-13,79,64,48,66,53,42,84,67,42,30.08,30.01,29.94,15,10,10,10,6,,0.00,0,,181
1964-11-14,82,76,70,72,68,66,90,78,62,30.01,29.96,29.90,15,11,7,18,10,,0.00,,Rain,166
1964-11-15,81,76,72,69,66,62,85,74,52,30.11,30.05,30.00,15,11,10,18,13,,0.05,,Rain-Thunderstorm,158
1964-11-16,81,76,70,69,67,65,90,80,60,30.18,30.13,30.08,15,11,5,17,9,,0.00,,Fog,152
1964-11-17,78,74,70,68,67,63,93,80,64,30.15,30.08,30.01,10,10,7,15,9,,0.00,,,170
1964-11-18,73,71,69,69,66,65,90,84,76,30.04,29.85,29.66,15,11,7,17,10,,0.00,,Rain,176
1964-11-19,72,57,41,69,46,32,91,72,58,30.15,29.87,29.58,15,13,5,24,17,,0.42,,Rain-Thunderstorm,347
1964-11-20,53,46,39,39,36,33,86,71,50,30.33,30.22,30.15,15,12,10,7,5,,0.00,0,,244
1964-11-21,46,41,36,37,28,22,93,63,41,30.73,30.56,30.34,15,13,10,25,11,,0.00,0,,13
1964-11-22,48,40,32,30,22,15,65,51,34,30.77,30.68,30.58,15,15,10,15,10,,0.00,,,17
1964-11-23,55,45,35,32,29,27,78,55,36,30.56,30.40,30.25,15,15,10,9,5,,0.00,0,,132
1964-11-24,66,54,43,41,35,30,74,52,28,30.25,30.17,30.09,15,15,10,16,6,,0.00,0,,283
1964-11-25,72,54,37,40,37,35,97,58,26,30.07,29.94,29.81,15,14,7,18,7,,0.00,0,,206
1964-11-26,77,64,50,61,55,41,97,76,48,29.91,29.86,29.83,15,11,5,13,6,,0.00,0,Fog,183
1964-11-27,78,71,64,67,65,61,93,83,64,29.86,29.81,29.75,15,12,10,16,9,,0.00,0,,199
1964-11-28,64,56,48,60,40,31,90,57,28,30.26,30.11,29.88,15,13,10,18,12,,0.00,0,,6
1964-11-29,69,56,42,42,37,33,74,54,32,30.37,30.28,30.22,15,14,10,14,8,,0.00,0,,16
1964-11-30,54,44,35,36,25,20,65,50,31,30.59,30.47,30.37,15,15,15,23,15,,0.00,0,,20
1964-12-1,60,46,32,53,37,24,79,68,60,30.35,30.10,29.84,15,12,10,17,6,,0.00,0,,178
1964-12-2,75,68,57,61,58,55,93,80,60,29.82,29.67,29.57,10,10,10,21,12,,0.00,0,,200
1964-12-3,68,57,45,63,52,35,100,77,52,29.95,29.69,29.56,15,9,0,21,8,,0.00,0,Fog-Rain,336
1964-12-4,43,38,34,33,29,25,85,70,60,30.38,30.18,29.95,10,10,10,25,17,,0.05,,Rain,4
1964-12-5,46,38,30,26,25,24,79,63,41,30.53,30.45,30.36,10,10,10,18,13,,0.00,0,,5
1964-12-6,46,37,28,26,24,23,82,63,41,30.59,30.51,30.47,10,10,10,14,9,,0.00,0,,18
1964-12-7,48,39,30,30,26,24,82,57,41,30.51,30.42,30.33,10,10,10,9,6,,0.00,0,,9
1964-12-8,51,48,45,40,33,30,82,59,46,30.33,30.25,30.17,10,10,8,7,4,,0.00,,Rain,183
1964-12-9,55,49,44,55,46,34,100,92,61,30.16,30.02,29.88,10,4,0,12,5,,0.81,,Fog-Rain,94
1964-12-10,55,52,50,55,51,48,100,89,77,30.01,29.91,29.86,10,9,1,12,7,,0.00,,Fog,206
1964-12-11,64,54,44,49,43,39,97,73,40,30.09,30.04,29.99,15,12,5,14,5,,0.00,0,Fog,277
1964-12-12,70,54,39,50,45,37,89,71,49,30.05,30.01,29.93,15,15,15,17,7,,0.00,0,,179
1964-12-13,57,47,36,53,34,26,89,58,34,30.50,30.33,30.07,15,14,10,20,14,,0.00,0,Rain,356
1964-12-14,57,44,30,32,24,15,92,56,19,30.58,30.50,30.45,15,15,10,10,8,,0.00,0,,309
1964-12-15,60,44,28,41,30,24,96,60,32,30.46,30.26,30.06,15,13,8,21,7,,0.00,0,,188
1964-12-16,73,59,45,57,49,41,93,74,49,30.05,29.94,29.85,15,15,15,20,11,,0.00,0,,185
1964-12-17,61,44,28,60,35,8,100,75,43,30.60,30.22,29.93,15,9,5,25,13,,0.01,,Fog-Rain,359
1964-12-18,35,30,26,11,8,5,49,42,33,30.80,30.68,30.61,15,14,10,24,19,,0.00,,,17
1964-12-19,44,36,28,33,21,11,68,54,47,30.61,30.45,30.35,15,10,8,9,7,,0.00,,,160
1964-12-20,66,52,39,44,39,34,89,64,40,30.38,30.31,30.25,15,12,8,9,5,,0.00,0,,197
1964-12-21,75,59,43,46,43,40,97,66,31,30.30,30.21,30.12,15,10,4,9,5,,0.00,0,Fog,207
1964-12-22,70,56,43,51,48,42,100,77,49,30.12,29.99,29.86,15,10,0,17,7,,0.00,0,Fog,192
1964-12-23,73,64,55,60,58,52,100,87,64,29.85,29.72,29.61,10,6,0,20,12,,0.00,0,Fog,195
1964-12-24,81,68,54,58,48,38,100,62,21,29.68,29.61,29.55,15,10,4,16,8,,0.00,0,Fog,251
1964-12-25,79,66,52,44,42,41,69,47,26,29.65,29.56,29.50,15,13,10,22,7,,0.00,0,,293
1964-12-26,59,51,42,42,36,28,68,56,39,30.20,29.97,29.66,15,13,10,18,10,,0.00,0,,13
1964-12-27,57,46,34,37,31,26,73,59,43,30.25,30.14,30.07,15,12,10,13,8,,0.00,0,,71
1964-12-28,70,56,41,59,48,35,93,79,57,30.08,30.00,29.91,15,9,3,23,8,,0.00,0,Fog,187
1964-12-29,75,69,63,64,63,60,97,84,64,29.99,29.94,29.90,10,8,4,21,11,,0.00,,Fog-Rain,181
1964-12-30,77,70,64,67,64,60,97,85,56,30.14,30.05,29.98,10,9,3,13,6,,0.00,0,Fog-Rain,152
1964-12-31,80,73,66,66,63,59,93,78,48,30.19,30.13,30.08,15,11,9,18,11,,0.00,0,,166
