
CST,Max TemperatureF,Mean TemperatureF,Min TemperatureF,Max Dew PointF,MeanDew PointF,Min DewpointF,Max Humidity, Mean Humidity, Min Humidity, Max Sea Level PressureIn, Mean Sea Level PressureIn, Min Sea Level PressureIn, Max VisibilityMiles, Mean VisibilityMiles, Min VisibilityMiles, Max Wind SpeedMPH, Mean Wind SpeedMPH, Max Gust SpeedMPH,PrecipitationIn, CloudCover, Events, WindDirDegrees
1956-1-1,70,54,39,46,39,27,93,60,38,30.20,30.09,30.02,15,13,7,17,9,,0.00,0,,207
1956-1-2,77,59,41,52,46,38,93,68,36,30.18,30.12,30.07,15,14,7,8,4,,0.00,0,,207
1956-1-3,70,59,48,48,35,24,93,52,20,30.43,30.31,30.15,10,10,8,30,10,,0.00,0,,332
1956-1-4,70,54,37,30,25,21,73,34,18,30.42,30.32,30.18,15,13,10,17,9,,0.00,0,,244
1956-1-5,75,58,41,51,42,24,85,56,37,30.18,30.09,30.01,15,11,10,21,8,,0.00,0,,206
1956-1-6,82,65,48,52,46,23,100,58,24,30.10,30.02,29.96,10,9,4,17,9,,0.00,0,Fog,205
1956-1-7,60,53,46,37,29,19,52,39,30,30.33,30.22,30.11,15,13,10,25,14,,0.00,0,,349
1956-1-8,52,44,37,26,22,18,53,42,31,30.40,30.31,30.24,15,13,10,20,13,,0.00,0,,17
1956-1-9,62,48,35,31,26,21,70,47,30,30.32,30.25,30.21,10,9,7,15,6,,0.00,0,,358
1956-1-10,64,50,37,27,21,15,62,35,15,30.35,30.28,30.23,10,10,8,17,10,,0.00,0,,330
1956-1-11,59,48,37,22,16,6,52,30,14,30.37,30.29,30.24,15,15,10,21,13,,0.00,0,,336
1956-1-12,62,50,37,22,16,10,50,32,13,30.39,30.32,30.27,15,15,15,17,12,,0.00,0,,353
1956-1-13,62,48,35,23,17,13,57,34,18,30.43,30.32,30.20,15,12,6,12,8,,0.00,0,,8
1956-1-14,68,49,30,40,29,17,64,48,25,30.19,30.00,29.84,10,10,6,23,7,,0.00,0,,211
1956-1-15,61,50,39,37,28,16,86,45,24,29.91,29.83,29.76,15,11,10,24,10,,0.00,0,,8
1956-1-16,51,42,34,19,14,10,50,32,22,30.02,29.92,29.85,15,12,10,17,13,,0.00,0,,27
1956-1-17,46,41,34,39,28,12,96,64,33,30.03,29.93,29.85,10,8,4,29,12,,0.36,,Fog-Rain,35
1956-1-18,37,34,30,32,28,16,96,81,42,30.17,30.08,29.97,15,9,3,29,18,,0.80,0,Fog-Rain-Thunderstorm,328
1956-1-19,48,38,28,32,27,23,85,68,44,30.21,30.10,30.00,15,12,8,13,6,,0.00,0,,23
1956-1-20,54,42,30,48,36,27,97,80,64,30.00,29.92,29.86,10,8,7,16,5,,0.01,0,Rain,123
1956-1-21,51,48,46,51,48,44,100,97,90,29.95,29.89,29.84,7,2,0,16,10,,0.14,,Fog-Rain,30
1956-1-22,48,46,45,45,44,41,100,92,86,30.00,29.93,29.89,10,7,2,15,11,,0.21,,Fog-Rain,335
1956-1-23,46,44,43,41,40,39,89,82,76,30.04,29.98,29.93,15,11,8,14,9,,0.00,,,356
1956-1-24,57,50,43,52,45,40,100,87,72,30.01,29.94,29.88,10,10,7,17,9,,0.00,0,,181
1956-1-25,54,50,45,47,42,39,100,77,59,30.28,30.18,30.04,15,10,7,18,12,,0.00,0,,24
1956-1-26,62,56,51,60,53,45,97,89,77,30.19,30.12,30.05,10,6,0,8,3,,0.00,,Fog-Rain,125
1956-1-27,77,70,62,64,62,61,100,84,58,30.09,30.03,29.96,10,8,0,23,11,,0.00,0,Fog,190
1956-1-28,77,72,66,65,63,61,93,81,58,30.00,29.95,29.88,10,10,8,20,14,,0.00,,,187
1956-1-29,77,66,50,65,61,45,87,79,60,30.11,29.91,29.84,15,12,10,25,14,,0.00,0,,205
1956-1-30,48,41,34,41,29,24,77,63,49,30.41,30.32,30.14,15,14,10,24,18,,0.00,,,7
1956-1-31,46,42,39,47,37,28,100,81,63,30.35,30.25,30.10,15,9,0,13,10,,0.11,,Fog-Rain,54
1956-2-1,57,51,44,57,50,42,100,96,89,30.09,30.00,29.90,15,4,0,23,9,,0.12,,Fog-Rain,20
1956-2-2,43,36,28,41,29,23,100,87,78,30.25,30.18,30.08,10,6,3,25,18,,0.11,,Rain-Thunderstorm,350
1956-2-3,32,30,28,28,26,21,92,84,75,30.21,30.14,30.08,10,7,5,17,14,,0.01,,Fog-Rain,332
1956-2-4,43,35,27,25,22,17,85,64,40,30.16,30.11,30.06,15,13,10,16,11,,0.00,0,,309
1956-2-5,55,40,25,32,25,21,88,61,31,30.14,30.08,29.99,15,15,15,16,6,,0.00,0,,240
1956-2-6,62,48,34,35,30,23,74,57,31,30.20,30.12,30.03,15,15,10,12,7,,0.00,0,,47
1956-2-7,64,50,37,57,48,31,93,80,65,30.14,30.03,29.92,15,12,6,21,9,,0.00,0,Rain,125
1956-2-8,68,56,45,62,47,38,100,70,33,30.23,29.99,29.82,15,12,3,23,13,,1.44,0,Rain-Thunderstorm,330
1956-2-9,46,44,42,38,36,33,80,74,68,30.25,30.18,30.10,15,12,10,21,15,,0.00,,Rain,2
1956-2-10,53,46,37,39,33,27,93,69,41,30.14,30.05,29.99,15,13,8,17,10,,0.06,0,Rain,305
1956-2-11,64,48,33,33,30,27,89,55,27,30.03,29.96,29.89,15,13,9,17,7,,0.00,0,,215
1956-2-12,64,52,39,39,33,28,71,51,28,30.13,30.03,29.94,15,15,15,15,9,,0.00,0,,2
1956-2-13,77,59,41,63,50,33,100,75,43,29.98,29.90,29.82,15,11,0,21,8,,0.00,0,Fog,194
1956-2-14,81,72,64,65,62,58,93,76,47,29.87,29.80,29.73,15,11,7,20,13,,0.00,0,,187
1956-2-15,80,66,50,67,59,45,97,79,52,29.91,29.84,29.79,15,9,3,24,10,,0.00,,Fog,125
1956-2-16,77,64,50,65,56,46,100,82,60,29.89,29.81,29.74,10,7,0,10,3,,0.00,,Fog,111
1956-2-17,84,72,55,68,56,26,100,68,22,29.86,29.68,29.52,10,7,1,22,10,,0.00,0,Fog-Rain,200
1956-2-18,73,60,46,51,44,31,93,60,35,29.98,29.87,29.81,10,7,4,15,8,,0.00,0,,49
1956-2-19,80,68,55,67,58,45,100,74,45,30.09,29.91,29.83,10,8,2,23,5,,0.00,,Fog-Rain,310
1956-2-20,66,56,46,44,42,39,79,61,40,30.26,30.18,30.09,15,13,10,20,15,,0.00,,,14
1956-2-21,72,61,50,46,42,39,69,53,31,30.28,30.19,30.12,15,12,10,14,10,,0.00,,,80
1956-2-22,73,64,55,60,54,45,93,71,57,30.19,30.10,30.02,10,8,3,17,9,,0.00,,Fog-Rain,146
1956-2-23,73,68,64,65,62,59,96,82,68,30.03,29.90,29.81,10,9,4,23,16,,0.00,,Fog-Rain,181
1956-2-24,84,75,66,67,64,61,90,75,48,29.82,29.74,29.63,10,10,10,22,15,,0.00,,,191
1956-2-25,69,58,46,67,31,19,93,39,16,30.15,30.03,29.70,15,11,0,29,15,,0.00,,,27
1956-2-26,73,57,41,59,38,27,87,51,25,30.11,29.92,29.74,15,12,10,21,8,,0.00,0,,181
1956-2-27,73,64,54,61,36,13,97,46,10,30.08,29.87,29.70,10,8,4,21,10,,0.00,0,,294
1956-2-28,69,56,44,30,26,21,58,33,17,30.37,30.28,30.10,15,10,9,16,10,,0.00,0,,62
1956-2-29,73,57,41,48,37,25,64,50,30,30.36,30.26,30.14,15,12,10,22,7,,0.00,0,,158
1956-3-1,78,68,59,64,58,48,90,76,56,30.13,30.01,29.91,10,10,9,17,12,,0.00,0,,189
1956-3-2,86,74,61,65,57,39,97,65,20,29.98,29.87,29.75,15,12,5,15,8,,0.00,,Fog,212
1956-3-3,75,65,55,64,38,29,90,42,18,30.03,29.96,29.85,15,12,10,32,12,,0.00,0,,357
1956-3-4,82,66,50,62,44,26,84,45,29,30.04,29.96,29.88,15,14,10,17,10,,0.00,0,,138
1956-3-5,82,72,63,66,63,61,100,76,52,29.93,29.83,29.72,15,11,8,21,13,,0.00,0,,183
1956-3-6,82,76,69,69,67,66,93,79,60,29.74,29.63,29.52,10,10,5,22,14,,0.00,,Fog,179
1956-3-7,72,57,39,69,36,16,91,53,28,30.41,29.98,29.53,10,7,3,39,20,,0.00,0,,320
1956-3-8,64,47,30,21,15,9,61,31,12,30.44,30.32,30.18,15,13,10,22,9,,0.00,0,,223
1956-3-9,72,54,37,50,37,17,75,51,31,30.21,30.11,30.00,15,15,15,20,10,,0.00,0,,178
1956-3-10,82,67,52,60,52,49,93,65,31,30.03,29.91,29.80,15,12,9,23,9,,0.00,0,,197
1956-3-11,70,64,55,63,42,26,90,51,29,30.02,29.94,29.85,15,11,10,21,13,,0.00,0,,12
1956-3-12,55,44,33,34,27,22,92,58,31,30.22,30.14,30.01,15,11,5,31,20,,0.22,,Rain-Thunderstorm,6
1956-3-13,52,42,33,43,36,28,96,86,63,30.12,30.01,29.90,15,8,2,14,9,,0.02,0,Fog-Rain,5
1956-3-14,53,46,39,46,42,38,97,84,69,30.06,30.00,29.96,10,8,5,17,6,,0.00,0,Fog-Rain,61
1956-3-15,72,59,45,54,47,33,100,75,47,30.26,30.02,29.93,15,10,1,25,10,,0.00,0,Fog,27
1956-3-16,64,50,35,36,30,26,76,53,24,30.41,30.31,30.25,15,13,10,16,9,,0.00,0,,4
1956-3-17,75,57,39,38,32,24,86,44,15,30.32,30.23,30.12,15,13,10,17,8,,0.00,0,,225
1956-3-18,80,65,50,43,36,27,77,43,21,30.22,30.15,30.08,15,15,15,21,9,,0.00,0,,274
1956-3-19,71,57,43,32,29,26,65,34,22,30.34,30.24,30.18,15,15,15,17,11,,0.00,0,,46
1956-3-20,68,56,43,49,41,30,80,60,47,30.22,30.11,30.01,15,12,7,23,13,,0.00,0,Rain,119
1956-3-21,73,63,50,61,52,40,100,76,45,30.17,30.02,29.92,10,8,2,20,12,,0.02,0,Fog-Rain,116
1956-3-22,61,52,43,41,39,35,82,65,46,30.26,30.20,30.16,15,14,10,23,14,,0.00,0,,16
1956-3-23,71,57,43,52,48,39,96,77,51,30.22,30.14,30.07,15,11,2,16,5,,0.00,0,Fog,148
1956-3-24,80,66,52,56,50,39,100,67,23,30.27,30.19,30.12,15,9,0,9,5,,0.00,0,Fog,164
1956-3-25,82,65,48,55,50,46,90,59,28,30.28,30.19,30.09,15,11,10,20,7,,0.00,0,,198
1956-3-26,84,72,59,60,58,55,96,67,37,30.11,29.93,29.78,10,10,8,23,14,,0.00,0,,187
1956-3-27,90,78,66,65,62,56,81,65,31,29.81,29.73,29.62,10,10,10,22,19,,0.00,0,,185
1956-3-28,73,67,61,66,33,17,87,34,16,30.08,29.98,29.76,10,5,3,34,17,,0.00,,Rain,25
1956-3-29,80,66,51,40,34,23,44,31,19,30.08,30.01,29.93,8,6,4,13,8,,0.00,0,,45
1956-3-30,84,70,55,53,44,34,65,43,29,30.08,29.99,29.88,9,7,7,24,10,,0.00,0,,133
1956-3-31,82,72,62,64,61,53,87,72,52,29.94,29.85,29.76,10,9,7,22,14,,0.00,0,,168
1956-4-1,81,75,69,69,67,65,90,77,60,29.81,29.73,29.66,10,10,10,23,16,,0.00,,,163
1956-4-2,86,78,71,69,66,63,84,71,46,29.69,29.62,29.54,10,10,10,24,19,,0.00,,,166
1956-4-3,84,74,61,67,33,22,79,26,14,29.87,29.80,29.70,10,7,1,18,11,,0.00,0,,347
1956-4-4,84,69,54,48,40,33,57,35,16,29.90,29.84,29.77,10,8,6,16,7,,0.00,0,,63
1956-4-5,84,70,57,68,60,51,90,71,49,29.82,29.73,29.60,15,11,7,21,8,,0.00,0,Rain,339
1956-4-6,90,70,50,51,46,34,96,51,14,30.06,29.87,29.76,15,13,6,29,9,,0.00,0,,306
1956-4-7,72,61,50,53,35,26,78,40,19,30.23,30.11,30.03,15,12,10,23,17,,0.00,0,,55
1956-4-8,73,60,48,62,51,38,93,66,49,30.02,29.88,29.78,15,11,10,21,10,,0.00,0,,143
1956-4-9,70,62,50,65,47,31,96,58,29,30.02,29.87,29.76,10,7,1,28,13,,0.03,0,,312
1956-4-10,70,58,46,35,28,22,59,35,16,30.02,29.95,29.85,15,13,10,21,12,,0.00,0,,325
1956-4-11,78,60,42,40,34,27,67,42,20,30.05,29.96,29.90,15,15,15,12,7,,0.00,0,,38
1956-4-12,87,66,46,54,47,40,86,51,27,30.07,30.00,29.92,15,13,10,17,8,,0.00,0,,177
1956-4-13,87,72,57,60,56,52,90,60,32,30.00,29.92,29.82,10,10,10,21,12,,0.00,0,,177
1956-4-14,87,76,64,68,64,60,93,74,44,29.81,29.65,29.48,10,10,10,23,15,,0.00,0,,183
1956-4-15,81,72,60,69,42,32,91,38,20,29.85,29.64,29.54,10,7,4,25,12,,0.03,0,Rain,298
1956-4-16,89,68,48,38,36,32,66,33,15,29.91,29.85,29.79,15,12,8,12,6,,0.00,0,,244
1956-4-17,75,65,55,43,38,30,56,39,19,30.07,30.00,29.90,15,15,15,25,12,,0.00,0,,44
1956-4-18,73,63,53,35,31,28,48,32,21,30.20,30.12,30.06,15,15,15,23,16,,0.00,0,,40
1956-4-19,69,60,52,47,35,29,72,42,22,30.26,30.19,30.14,15,15,15,21,13,,0.00,0,Rain,3
1956-4-20,73,64,55,48,41,31,77,47,23,30.33,30.27,30.22,15,15,15,21,10,,0.00,,Rain,334
1956-4-21,66,62,57,57,52,46,96,75,48,30.27,30.20,30.13,15,12,7,17,6,,0.05,,Rain,142
1956-4-22,81,69,57,62,57,55,96,77,42,30.12,30.06,29.97,10,8,3,12,5,,0.00,,Fog-Rain,78
1956-4-23,72,66,60,63,60,59,100,86,64,30.09,30.04,29.99,10,7,2,15,7,,0.45,,Fog-Rain,135
1956-4-24,81,70,59,63,60,57,100,75,45,30.12,30.07,30.02,15,10,1,12,5,,0.00,0,Fog,132
1956-4-25,82,70,59,63,59,56,100,73,42,30.15,30.07,29.98,15,10,0,16,9,,0.00,0,Fog,180
1956-4-26,86,76,66,64,62,59,90,67,40,30.06,29.99,29.90,15,13,8,21,13,,0.00,0,,173
1956-4-27,84,76,68,67,65,63,90,73,53,29.96,29.90,29.84,10,10,10,20,15,,0.00,,,173
1956-4-28,90,80,70,69,67,64,90,71,43,29.89,29.85,29.80,10,10,10,23,15,,0.00,,,174
1956-4-29,88,80,72,69,66,61,91,67,40,29.98,29.91,29.86,10,10,10,21,12,,0.00,,,161
1956-4-30,86,76,66,68,64,59,84,65,44,30.02,29.97,29.91,10,10,10,21,12,,0.00,,,102
1956-5-1,84,74,63,70,67,61,100,76,47,29.98,29.91,29.81,15,11,3,23,13,,2.05,,Rain-Thunderstorm,152
1956-5-2,73,68,62,64,62,59,97,86,66,30.11,29.97,29.88,15,12,5,16,9,,0.83,,Rain-Thunderstorm,26
1956-5-3,82,72,62,63,61,57,97,73,42,30.01,29.97,29.91,15,13,7,12,7,,0.00,0,,26
1956-5-4,86,73,60,66,60,49,100,67,28,29.97,29.93,29.88,15,13,9,15,6,,0.00,0,,56
1956-5-5,87,74,61,68,63,61,100,69,43,29.92,29.86,29.79,15,13,10,13,5,,0.00,0,,80
1956-5-6,87,78,70,68,66,64,93,71,48,29.90,29.86,29.83,15,14,10,13,8,,0.00,0,,143
1956-5-7,91,80,68,67,65,62,93,66,39,29.98,29.94,29.88,15,14,8,12,8,,0.00,0,,148
1956-5-8,93,80,66,67,64,61,97,63,36,30.06,30.01,29.95,15,14,9,17,7,,0.00,0,,166
1956-5-9,91,78,66,66,63,60,90,62,35,30.04,29.98,29.91,15,15,10,23,10,,0.00,0,,178
1956-5-10,90,80,71,68,65,60,90,65,37,30.00,29.92,29.83,15,13,10,23,15,,0.00,0,,171
1956-5-11,91,82,73,69,67,63,87,65,38,30.03,29.98,29.92,15,15,15,22,16,,0.00,0,,169
1956-5-12,91,82,73,70,67,63,87,65,38,30.02,29.95,29.84,15,15,10,24,17,,0.00,0,,172
1956-5-13,93,83,73,70,67,65,85,64,41,29.89,29.83,29.75,15,15,15,24,18,,0.00,0,,174
1956-5-14,90,82,73,72,68,65,91,67,45,29.94,29.88,29.85,15,14,10,21,15,,0.00,0,,168
1956-5-15,81,74,66,72,61,50,93,66,35,30.19,30.04,29.91,15,12,8,29,12,,0.05,0,Rain,33
1956-5-16,84,72,59,53,49,42,78,48,23,30.30,30.24,30.18,15,15,15,14,8,,0.00,0,,68
1956-5-17,91,76,61,57,50,43,75,45,20,30.24,30.20,30.14,15,15,15,14,6,,0.00,0,,210
1956-5-18,93,77,61,57,51,43,75,43,18,30.21,30.15,30.08,15,15,15,16,7,,0.00,0,,200
1956-5-19,91,76,62,56,51,46,67,41,23,30.19,30.12,30.06,15,15,15,15,8,,0.00,0,,179
1956-5-20,90,76,62,58,53,50,75,44,25,30.15,30.09,30.02,15,15,15,16,8,,0.00,0,,186
1956-5-21,89,76,64,65,60,55,81,57,35,30.14,30.08,30.02,15,15,15,18,9,,0.00,,,169
1956-5-22,91,81,71,69,63,57,90,60,31,30.14,30.07,29.98,15,14,10,18,12,,0.00,,,169
1956-5-23,91,81,71,68,62,56,90,58,32,30.05,29.98,29.89,15,14,10,18,12,,0.00,0,,178
1956-5-24,91,80,70,67,61,52,90,58,28,30.03,29.97,29.91,15,14,10,15,10,,0.00,0,,173
1956-5-25,91,80,68,68,62,55,93,59,29,30.06,30.00,29.92,15,14,10,21,12,,0.00,0,,163
1956-5-26,91,81,71,72,67,62,93,70,38,30.05,29.99,29.89,15,14,10,17,12,,0.07,0,Rain-Thunderstorm,166
1956-5-27,91,82,73,69,66,60,87,62,35,29.95,29.87,29.77,15,15,15,23,16,,0.00,0,,167
1956-5-28,93,83,73,74,71,68,93,70,43,29.89,29.85,29.80,15,14,3,23,14,,0.05,0,Rain,162
1956-5-29,93,84,75,73,68,62,91,63,36,30.00,29.94,29.89,15,10,10,21,13,,0.00,0,Rain,163
1956-5-30,93,83,73,71,69,65,91,66,38,30.02,29.97,29.90,10,10,10,21,12,,0.00,0,,161
1956-5-31,96,82,68,70,67,62,96,72,32,30.08,30.00,29.95,15,11,6,29,10,,0.03,0,Rain,176
1956-6-1,86,77,68,69,65,62,90,71,44,30.16,30.09,30.04,15,13,10,20,12,,0.00,0,,28
1956-6-2,91,80,68,64,60,56,71,53,36,30.15,30.07,29.98,15,15,15,15,10,,0.00,0,,86
1956-6-3,90,82,73,70,68,66,85,67,48,30.04,30.00,29.94,15,10,10,21,15,,0.00,0,,159
1956-6-4,95,84,72,69,66,60,84,61,34,30.10,30.02,29.95,15,11,10,18,14,,0.00,,,154
1956-6-5,96,84,73,70,65,59,87,58,32,30.03,29.95,29.85,15,14,10,17,14,,0.00,0,,177
1956-6-6,93,82,72,69,65,60,91,58,32,29.95,29.90,29.84,15,15,15,20,13,,0.00,0,,173
1956-6-7,96,84,71,68,63,57,87,54,27,29.99,29.94,29.90,15,15,15,21,11,,0.00,0,,169
1956-6-8,98,84,71,68,61,53,87,50,22,30.06,29.99,29.91,15,15,15,12,8,,0.00,0,,164
1956-6-9,97,84,72,70,63,56,87,55,26,30.02,29.97,29.90,15,15,15,32,7,,0.42,0,Rain-Thunderstorm,170
1956-6-10,91,82,73,70,67,61,87,67,39,30.04,29.99,29.96,15,11,10,25,5,,0.01,,Rain-Thunderstorm,66
1956-6-11,95,82,70,69,65,60,93,59,31,30.03,29.99,29.93,10,10,10,20,6,,0.00,0,,62
1956-6-12,93,82,71,69,64,57,91,57,30,30.02,29.97,29.88,10,10,9,13,6,,0.00,0,,112
1956-6-13,93,82,70,68,64,61,84,56,34,29.92,29.85,29.77,15,12,10,20,6,,0.00,0,,97
1956-6-14,97,84,71,70,65,61,84,55,31,29.85,29.77,29.68,15,15,15,15,8,,0.00,0,,154
1956-6-15,96,86,75,73,68,60,91,59,33,29.81,29.75,29.69,15,13,8,26,15,,0.03,0,Rain-Thunderstorm,159
1956-6-16,98,88,77,73,68,63,88,58,31,29.88,29.82,29.77,15,15,15,23,16,,0.00,0,,169
1956-6-17,93,84,75,74,69,62,94,67,36,30.04,29.96,29.89,15,13,10,18,12,,0.01,0,Rain,156
1956-6-18,84,78,71,72,68,64,91,71,51,30.09,30.04,30.02,15,12,10,16,7,,0.00,0,Rain,122
1956-6-19,95,84,72,72,69,66,91,72,38,30.08,30.01,29.95,15,12,0,34,7,,0.47,,Rain-Thunderstorm,149
1956-6-20,93,83,73,72,68,61,96,64,35,29.98,29.91,29.83,15,12,10,20,10,,0.00,0,,176
1956-6-21,97,85,73,71,67,63,87,59,32,29.93,29.86,29.78,15,13,10,21,13,,0.00,0,,177
1956-6-22,98,86,75,72,68,61,85,60,30,29.91,29.87,29.80,15,15,15,20,16,,0.00,0,,179
1956-6-23,98,86,75,72,68,64,87,59,35,30.00,29.93,29.88,15,15,15,22,14,,0.00,0,,176
1956-6-24,96,86,75,73,67,58,91,58,30,30.03,29.96,29.88,15,15,10,23,14,,0.00,0,,178
1956-6-25,98,86,73,70,65,60,87,54,28,29.96,29.91,29.84,15,15,10,18,14,,0.00,0,,183
1956-6-26,98,86,75,73,67,61,88,57,29,30.04,29.96,29.92,15,14,10,21,14,,0.00,0,,177
1956-6-27,98,86,75,73,66,57,91,54,26,30.13,30.06,29.95,15,14,10,16,11,,0.00,0,,187
1956-6-28,102,88,75,71,64,56,79,48,22,30.06,29.99,29.88,15,14,10,20,10,,0.00,0,,172
1956-6-29,102,88,75,67,61,52,71,44,20,30.01,29.93,29.86,15,15,15,24,12,,0.00,0,,181
1956-6-30,99,86,73,68,62,54,84,50,23,29.99,29.91,29.84,15,15,15,24,13,,0.00,0,,187
1956-7-1,93,84,75,71,68,62,87,61,35,29.97,29.92,29.87,15,14,10,22,15,,0.00,0,,169
1956-7-2,97,86,75,73,68,61,87,58,32,29.99,29.93,29.87,15,13,10,23,14,,0.00,0,,180
1956-7-3,93,84,75,75,70,64,94,71,37,29.99,29.95,29.89,15,12,10,18,11,,0.08,0,Rain,182
1956-7-4,99,86,73,72,67,60,93,61,28,30.01,29.95,29.87,15,12,10,20,10,,0.00,0,,178
1956-7-5,100,88,75,71,65,57,82,51,23,30.06,29.98,29.89,15,15,15,18,10,,0.00,0,,177
1956-7-6,102,88,75,69,63,57,79,47,22,30.04,29.97,29.88,15,15,15,14,9,,0.00,0,,180
1956-7-7,100,88,77,69,63,54,76,46,21,29.99,29.93,29.86,15,15,15,20,10,,0.00,0,,187
1956-7-8,102,88,75,68,63,57,71,46,22,29.95,29.92,29.86,15,15,15,24,13,,0.00,0,,192
1956-7-9,97,86,75,72,67,61,85,58,34,30.06,30.00,29.96,15,15,15,20,11,,0.00,0,,182
1956-7-10,97,86,75,71,67,62,84,62,31,30.11,30.05,29.98,15,14,4,34,10,,0.00,0,,186
1956-7-11,97,85,73,71,65,57,90,57,29,30.08,30.01,29.94,15,15,15,22,10,,0.00,0,,188
1956-7-12,96,86,75,71,67,61,87,57,31,30.03,29.97,29.90,15,14,10,25,14,,0.00,0,,183
1956-7-13,98,86,75,71,67,57,82,56,30,30.05,30.00,29.94,15,15,15,23,16,,0.00,0,,175
1956-7-14,99,87,75,71,67,61,85,57,28,30.12,30.07,30.02,15,14,10,22,14,,0.00,0,,178
1956-7-15,99,87,75,72,65,56,87,54,24,30.12,30.06,29.96,15,11,10,23,14,,0.00,0,,181
1956-7-16,102,88,73,71,62,47,90,51,16,30.04,29.97,29.87,10,10,8,24,14,,0.00,0,,178
1956-7-17,102,86,71,68,60,49,90,48,17,30.02,29.95,29.86,10,9,7,17,12,,0.00,0,,181
1956-7-18,100,86,73,69,60,49,85,46,18,30.03,29.96,29.91,10,10,10,17,11,,0.00,0,,186
1956-7-19,100,86,73,69,61,55,85,46,22,30.06,29.99,29.93,15,12,10,16,10,,0.00,0,,188
1956-7-20,99,87,75,70,64,54,82,53,22,30.08,30.01,29.92,15,15,15,23,12,,0.00,0,,195
1956-7-21,97,84,71,67,61,50,75,51,21,30.12,30.03,29.96,15,14,10,13,6,,0.00,,Rain-Thunderstorm,194
1956-7-22,97,85,73,70,60,52,79,45,25,30.10,30.04,29.96,15,13,10,17,10,,0.00,0,,178
1956-7-23,97,86,75,71,65,59,87,54,28,30.11,30.05,29.95,15,14,10,21,12,,0.00,0,,187
1956-7-24,100,86,73,70,65,57,87,54,23,30.07,30.01,29.91,15,15,15,16,9,,0.03,0,Rain-Thunderstorm,180
1956-7-25,98,86,73,70,65,59,87,53,27,30.03,29.97,29.88,15,15,15,15,7,,0.00,0,,188
1956-7-26,96,86,75,71,69,65,79,64,37,30.10,30.03,29.96,15,15,15,25,11,,0.00,0,Rain,174
1956-7-27,97,85,73,72,68,65,91,62,36,30.18,30.11,30.05,15,14,10,16,7,,0.00,0,,167
1956-7-28,97,85,73,72,67,60,87,56,30,30.13,30.06,29.93,15,15,15,23,10,,0.00,0,,185
1956-7-29,99,87,75,69,65,60,79,52,28,30.02,29.97,29.87,15,15,15,15,9,,0.00,0,,184
1956-7-30,96,86,75,71,67,62,82,55,32,30.02,29.96,29.89,15,15,15,18,9,,0.00,,,185
1956-7-31,100,88,75,71,68,63,87,58,30,30.04,29.98,29.90,15,14,10,23,12,,0.00,0,,177
1956-8-1,99,88,77,72,68,64,84,57,33,30.03,29.98,29.90,15,14,10,23,13,,0.00,0,,172
1956-8-2,98,86,75,72,65,57,87,54,27,30.05,29.98,29.89,15,15,15,21,15,,0.00,0,,0
1956-8-3,98,86,75,71,65,59,87,54,28,30.11,30.04,29.96,15,14,10,20,13,,0.00,0,,182
1956-8-4,100,86,73,71,65,57,93,53,25,30.15,30.07,29.99,15,15,15,16,10,,0.00,0,,187
1956-8-5,100,86,73,64,61,58,71,40,25,30.09,30.02,29.94,15,15,15,15,8,,0.00,0,,169
1956-8-6,100,88,77,67,64,60,64,47,28,30.00,29.95,29.88,15,15,10,17,9,,0.00,0,,178
1956-8-7,98,86,75,71,66,62,71,50,31,30.00,29.93,29.87,15,15,10,20,9,,0.00,0,,168
1956-8-8,100,88,77,72,67,59,84,53,26,30.04,29.98,29.92,15,15,10,20,12,,0.00,0,,180
1956-8-9,100,88,75,71,66,60,82,52,28,30.07,30.02,29.95,15,15,10,17,11,,0.00,0,,173
1956-8-10,100,88,75,72,64,53,82,49,21,30.06,30.00,29.91,15,15,15,14,9,,0.00,0,,175
1956-8-11,100,88,75,70,66,58,79,53,25,30.05,29.97,29.88,15,15,15,16,11,,0.00,0,,178
1956-8-12,100,88,75,74,68,63,87,56,29,30.05,29.98,29.91,15,14,10,21,11,,0.00,0,,177
1956-8-13,100,88,77,73,68,62,84,54,28,30.09,30.02,29.95,15,15,15,18,11,,0.00,0,,172
1956-8-14,102,90,77,72,66,59,82,49,24,30.10,30.02,29.93,15,15,15,18,10,,0.00,0,,183
1956-8-15,102,90,78,68,65,62,66,44,28,30.01,29.95,29.87,15,14,10,13,8,,0.00,0,,171
1956-8-16,102,88,75,67,61,52,69,41,19,29.97,29.91,29.85,15,15,10,16,9,,0.00,0,,163
1956-8-17,93,84,75,71,69,66,84,59,41,29.97,29.92,29.87,15,15,10,17,9,,0.00,0,,157
1956-8-18,100,88,77,73,69,62,88,58,30,30.00,29.94,29.86,15,15,15,22,14,,0.00,0,,176
1956-8-19,100,88,75,74,69,61,91,60,28,30.00,29.93,29.84,15,14,10,16,9,,0.18,0,Rain-Thunderstorm,197
1956-8-20,84,78,73,73,69,65,94,77,53,30.06,30.00,29.95,15,10,7,18,8,,0.09,0,Rain,6
1956-8-21,88,78,69,66,60,53,87,58,31,30.12,30.04,29.99,15,15,15,21,11,,0.00,0,,30
1956-8-22,93,78,64,59,54,50,81,45,24,30.05,29.99,29.91,15,13,10,12,5,,0.00,0,,64
1956-8-23,97,82,68,66,58,53,81,49,24,30.01,29.97,29.91,15,11,7,13,4,,0.00,0,,149
1956-8-24,97,82,66,62,55,42,79,42,16,30.06,30.00,29.96,15,14,10,14,7,,0.00,0,,159
1956-8-25,93,78,64,69,62,50,90,58,33,30.08,30.02,29.97,15,11,9,14,5,,0.00,0,,164
1956-8-26,82,77,71,68,66,61,87,72,54,30.03,30.00,29.95,10,10,10,18,8,,0.00,,Rain,183
1956-8-27,91,80,70,74,70,65,97,76,41,29.96,29.89,29.79,15,11,6,17,8,,0.81,0,Rain,170
1956-8-28,95,85,75,74,71,65,91,68,38,29.89,29.84,29.78,15,13,10,21,12,,0.00,0,,178
1956-8-29,98,88,78,75,71,65,88,63,34,29.89,29.84,29.75,15,14,10,17,13,,0.00,0,,192
1956-8-30,100,90,79,73,71,65,82,62,36,29.85,29.78,29.64,15,14,10,24,14,,0.00,0,,187
1956-8-31,98,86,72,74,70,64,84,64,33,29.97,29.85,29.78,15,15,15,23,14,,0.05,0,Rain-Thunderstorm,194
1956-9-1,93,80,68,68,67,64,93,66,39,30.09,30.02,29.92,15,15,15,17,10,,0.05,0,Rain,160
1956-9-2,93,82,71,71,65,54,90,60,27,30.10,30.04,29.98,15,12,10,14,7,,0.00,0,,166
1956-9-3,91,82,73,73,69,63,90,73,44,30.06,30.01,29.96,15,15,10,17,5,,0.09,0,Rain,158
1956-9-4,93,83,73,73,69,65,93,72,41,30.09,30.03,29.96,15,15,15,16,7,,0.00,0,Rain-Thunderstorm,131
1956-9-5,93,82,71,72,68,65,91,68,38,30.06,30.00,29.92,15,15,15,13,5,,0.00,0,,117
1956-9-6,93,82,71,72,66,61,87,61,38,30.09,30.04,29.98,15,13,10,29,8,,0.00,0,,6
1956-9-7,90,82,73,68,62,58,69,51,35,30.17,30.11,30.07,15,15,10,23,17,,0.00,0,,32
1956-9-8,87,76,66,57,47,37,60,39,18,30.23,30.17,30.12,15,15,15,24,14,,0.00,0,,35
1956-9-9,90,77,64,58,51,42,52,41,31,30.25,30.18,30.11,15,15,15,17,12,,0.00,0,,45
1956-9-10,93,80,66,62,56,54,63,46,29,30.19,30.12,30.03,15,12,10,12,7,,0.00,0,,84
1956-9-11,93,78,64,64,58,54,84,52,28,30.10,30.03,29.95,15,11,8,17,6,,0.00,0,,177
1956-9-12,95,80,64,67,64,62,93,60,36,30.04,29.99,29.93,15,11,5,20,7,,0.00,0,,188
1956-9-13,95,82,70,70,66,56,93,62,28,30.06,29.99,29.92,15,12,7,18,9,,0.00,0,,178
1956-9-14,95,83,71,70,67,62,93,61,36,30.06,29.98,29.90,15,12,10,15,9,,0.00,0,,175
1956-9-15,93,82,71,68,65,60,87,59,35,29.95,29.89,29.79,15,14,10,21,11,,0.00,0,,191
1956-9-16,96,84,71,69,64,59,90,57,31,29.93,29.89,29.85,15,14,10,15,10,,0.00,0,,184
1956-9-17,95,82,70,69,63,57,87,55,28,30.03,29.99,29.94,15,14,10,14,8,,0.00,0,,160
1956-9-18,98,84,69,65,60,55,78,48,26,30.05,29.98,29.89,15,14,10,10,4,,0.00,0,,173
1956-9-19,100,86,71,66,60,53,75,44,21,29.92,29.87,29.80,15,14,10,13,7,,0.00,0,,213
1956-9-20,102,87,72,62,56,49,71,37,20,29.94,29.87,29.83,15,14,10,14,7,,0.00,0,,360
1956-9-21,98,86,73,70,60,50,90,49,20,29.96,29.89,29.83,15,15,10,16,8,,0.00,0,,167
1956-9-22,95,84,72,70,64,54,91,57,31,29.92,29.88,29.82,15,14,10,17,11,,0.00,0,,172
1956-9-23,96,82,69,66,61,55,84,51,25,29.92,29.87,29.81,15,14,8,21,7,,0.00,0,,18
1956-9-24,95,84,72,63,59,55,59,44,29,29.95,29.88,29.83,15,14,10,14,8,,0.00,0,,52
1956-9-25,96,84,72,59,56,51,61,41,28,29.99,29.91,29.86,15,12,10,14,7,,0.00,0,,67
1956-9-26,90,79,68,47,33,25,35,21,10,30.10,30.03,29.96,15,12,10,15,10,,0.00,0,,57
1956-9-27,93,76,59,52,41,29,51,33,13,30.13,30.06,30.00,15,15,10,10,5,,0.00,0,,280
1956-9-28,93,78,64,50,43,39,48,32,15,30.08,30.02,29.96,15,15,15,10,5,,0.00,0,,242
1956-9-29,93,80,66,49,44,38,42,30,15,30.03,29.98,29.95,15,15,15,14,8,,0.00,0,,220
1956-9-30,91,78,66,57,51,44,59,39,20,30.05,29.99,29.94,15,15,15,17,6,,0.00,0,,86
1956-10-1,89,78,66,64,58,50,90,56,30,29.99,29.93,29.87,15,14,10,12,5,,0.10,,Rain,180
1956-10-2,95,80,64,65,59,52,90,55,26,29.94,29.88,29.81,15,12,10,12,5,,0.00,0,,187
1956-10-3,90,78,66,67,63,58,90,64,40,29.94,29.89,29.84,15,12,10,20,9,,0.05,0,Rain-Thunderstorm,230
1956-10-4,96,81,66,67,61,52,93,62,26,30.03,29.95,29.88,15,12,10,21,6,,0.00,0,Rain,198
1956-10-5,91,77,63,61,53,42,87,49,21,30.11,30.04,29.96,15,13,10,18,8,,0.00,0,,15
1956-10-6,95,78,61,54,47,39,67,40,16,30.16,30.08,29.96,15,13,10,12,6,,0.00,0,,2
1956-10-7,91,76,62,50,42,36,65,32,15,30.21,30.13,30.08,15,15,10,17,8,,0.00,0,,3
1956-10-8,95,80,64,51,44,36,40,30,20,30.16,30.09,30.00,15,12,10,12,8,,0.00,0,,78
1956-10-9,93,78,63,67,57,46,93,53,25,30.16,30.10,30.05,10,9,4,12,4,,0.00,0,Fog,127
1956-10-10,88,74,59,55,47,38,83,44,17,30.25,30.17,30.11,10,9,5,15,5,,0.00,0,,112
1956-10-11,89,73,57,62,54,47,83,53,28,30.20,30.13,30.04,10,10,7,12,4,,0.00,0,,135
1956-10-12,90,78,66,67,62,58,93,65,34,30.13,30.06,29.98,15,12,3,21,9,,0.00,0,Fog,145
1956-10-13,81,76,72,71,66,64,91,74,56,30.09,30.04,29.99,10,10,10,24,12,,0.08,,Rain-Thunderstorm,149
1956-10-14,89,76,64,68,63,54,97,68,30,30.12,30.05,29.98,15,11,5,23,8,,0.00,0,Fog,129
1956-10-15,75,70,64,67,65,63,93,82,71,30.14,30.07,30.04,15,12,7,13,6,,0.14,0,Rain-Thunderstorm,82
1956-10-16,80,72,64,66,64,62,100,82,54,30.13,30.07,30.01,15,9,0,18,5,,0.05,0,Fog,341
1956-10-17,86,74,63,64,59,51,97,66,31,30.08,30.00,29.92,10,10,7,10,4,,0.00,0,,57
1956-10-18,79,72,64,65,61,56,93,73,45,30.02,29.97,29.91,10,10,10,14,4,,0.00,0,Rain,89
1956-10-19,86,73,60,64,61,57,100,71,37,30.02,29.97,29.91,15,12,10,9,4,,0.00,0,,228
1956-10-20,88,76,64,68,62,55,97,71,45,30.07,29.97,29.90,15,13,4,20,8,,0.42,0,Fog-Tornado,231
1956-10-21,79,70,61,55,43,31,78,45,19,30.12,30.05,29.98,15,15,15,18,11,,0.00,0,,330
1956-10-22,82,67,52,49,43,36,69,46,20,30.07,30.02,29.97,15,15,15,9,5,,0.00,0,,321
1956-10-23,84,68,51,49,47,44,86,51,25,30.14,30.06,30.00,15,14,10,12,6,,0.00,0,,185
1956-10-24,82,70,57,60,57,51,93,63,38,30.01,29.94,29.84,15,10,3,23,11,,0.00,0,Fog,176
1956-10-25,82,72,62,63,57,34,90,63,27,30.12,29.96,29.86,15,13,10,17,8,,0.00,0,,206
1956-10-26,75,65,55,38,32,27,45,31,18,30.27,30.18,30.13,15,15,15,20,16,,0.00,0,,28
1956-10-27,81,66,50,42,37,28,61,37,24,30.18,30.10,30.02,15,15,15,13,7,,0.00,0,,75
1956-10-28,84,73,62,66,55,36,81,56,34,30.05,29.99,29.89,15,10,10,21,8,,0.00,,Rain-Thunderstorm,134
1956-10-29,84,77,70,68,65,60,93,71,44,29.99,29.93,29.88,10,10,8,23,14,,0.00,0,,162
1956-10-30,77,68,59,67,48,30,87,55,18,30.02,29.95,29.86,15,12,10,18,13,,0.00,0,Rain,280
1956-10-31,82,66,50,45,38,27,80,44,14,30.02,29.94,29.86,15,15,15,8,6,,0.00,0,,249
1956-11-1,84,66,48,68,49,33,79,53,32,29.89,29.81,29.72,15,14,10,20,7,,0.00,0,,158
1956-11-2,73,62,51,69,53,42,90,78,60,29.99,29.89,29.72,10,9,6,21,12,,0.67,0,Rain-Thunderstorm,30
1956-11-3,54,51,48,49,45,37,97,82,53,30.09,30.01,29.95,10,7,2,23,13,,0.89,0,Fog-Rain-Thunderstorm,2
1956-11-4,54,51,48,51,50,48,100,92,83,30.18,30.10,30.04,15,11,5,17,11,,0.49,,Fog-Rain-Thunderstorm,337
1956-11-5,61,56,52,55,52,49,93,87,78,30.25,30.17,30.11,15,12,8,15,10,,0.02,,Rain,8
1956-11-6,68,62,57,61,58,54,93,86,70,30.17,30.12,30.08,10,10,8,12,5,,0.00,,,37
1956-11-7,73,66,60,60,57,50,93,76,59,30.24,30.13,30.08,15,11,7,13,8,,0.00,0,,18
1956-11-8,61,53,42,51,38,30,72,56,39,30.54,30.44,30.25,15,15,15,25,18,,0.00,0,,5
1956-11-9,57,47,37,38,31,25,82,59,28,30.61,30.53,30.46,15,15,15,13,8,,0.00,0,,354
1956-11-10,75,56,37,43,39,33,93,58,28,30.45,30.34,30.23,15,15,10,9,6,,0.00,0,,229
1956-11-11,75,58,42,45,40,36,92,51,26,30.21,30.14,30.07,15,15,15,17,7,,0.00,0,,204
1956-11-12,81,64,48,58,51,45,97,67,35,30.17,30.12,30.08,15,14,8,12,6,,0.00,0,,182
1956-11-13,80,66,52,61,56,50,97,70,38,30.13,30.00,29.88,15,13,8,22,9,,0.00,0,,184
1956-11-14,82,74,66,65,62,57,90,69,41,29.85,29.80,29.73,15,13,10,23,13,,0.01,,Rain,183
1956-11-15,72,62,51,67,43,21,90,55,28,30.38,30.06,29.82,10,10,7,32,15,,0.00,,,336
1956-11-16,54,49,44,24,19,12,40,31,19,30.47,30.38,30.31,15,15,15,23,17,,0.00,,,20
1956-11-17,63,52,41,31,22,18,62,35,18,30.39,30.29,30.21,15,15,15,9,6,,0.00,0,,37
1956-11-18,71,54,37,54,35,25,78,51,21,30.20,30.09,29.98,15,15,15,16,6,,0.00,0,,180
1956-11-19,79,70,62,67,63,55,87,77,58,29.98,29.90,29.82,15,12,9,21,12,,0.00,,Rain,177
1956-11-20,82,68,53,68,57,30,87,63,41,30.19,29.92,29.84,15,15,10,32,18,,0.00,,,190
1956-11-21,62,55,48,28,19,12,43,26,17,30.44,30.37,30.23,15,15,15,25,20,,0.00,0,,343
1956-11-22,68,56,43,35,29,22,74,45,19,30.56,30.45,30.37,15,15,10,12,7,,0.00,0,,277
1956-11-23,70,56,43,32,28,24,65,35,18,30.40,30.29,30.20,15,12,10,23,7,,0.00,,,268
1956-11-24,64,54,43,35,31,29,71,47,27,30.48,30.39,30.25,15,13,10,16,10,,0.00,0,,316
1956-11-25,71,58,46,31,28,24,54,35,21,30.23,30.15,30.08,15,13,10,21,12,,0.00,0,,308
1956-11-26,55,49,41,26,22,18,49,36,23,30.41,30.34,30.23,15,15,15,21,13,,0.00,0,,343
1956-11-27,62,47,32,26,24,21,73,45,22,30.36,30.23,30.10,15,13,10,15,6,,0.00,0,,223
1956-11-28,70,54,37,40,29,22,70,44,23,30.26,30.08,30.00,15,14,10,24,9,,0.00,0,,232
1956-11-29,53,45,37,25,19,9,62,40,22,30.41,30.27,30.17,15,14,10,21,13,,0.00,0,,314
1956-11-30,71,52,34,35,28,19,67,41,24,30.17,30.11,30.07,15,15,15,16,7,,0.00,0,,288
1956-12-1,75,60,45,39,34,30,63,45,20,30.20,30.14,30.10,15,15,15,12,7,,0.00,0,,330
1956-12-2,77,59,41,37,34,31,80,45,19,30.15,30.09,30.01,15,12,8,14,6,,0.00,0,,227
1956-12-3,77,60,44,57,45,33,78,57,33,30.14,30.06,30.01,15,13,7,18,8,,0.00,0,,159
1956-12-4,78,69,60,64,59,57,93,76,50,30.08,30.01,29.96,15,11,10,23,11,,0.00,0,,198
1956-12-5,80,73,66,66,63,61,96,77,56,30.12,30.04,29.99,10,9,8,20,11,,0.00,,,188
1956-12-6,80,75,70,67,66,63,90,78,58,30.05,29.98,29.91,15,10,9,23,15,,0.00,,Rain,181
1956-12-7,79,75,71,67,65,60,87,73,52,30.07,30.02,29.97,10,10,8,21,14,,0.00,,,175
1956-12-8,77,58,39,65,52,29,90,78,58,30.54,30.22,30.05,10,10,10,29,13,,0.00,,,131
1956-12-9,48,42,35,29,22,17,73,49,32,30.70,30.62,30.55,15,15,10,32,24,,0.00,,Rain,350
1956-12-10,55,45,35,33,26,23,70,47,30,30.58,30.34,30.07,15,14,10,18,9,,0.00,0,,235
1956-12-11,75,60,44,54,40,26,77,52,39,30.04,29.90,29.79,15,15,15,21,11,,0.00,0,,202
1956-12-12,75,63,51,60,52,37,80,67,41,29.94,29.78,29.71,15,13,8,18,8,,0.00,,Rain,193
1956-12-13,53,45,37,39,31,26,76,59,46,30.14,30.06,29.97,15,14,10,28,18,,0.00,0,,347
1956-12-14,63,48,33,39,35,31,92,67,38,30.07,30.00,29.91,15,10,7,16,6,,0.00,0,,219
1956-12-15,62,52,42,38,34,27,85,54,32,30.25,30.15,29.99,10,9,7,17,8,,0.00,0,,325
1956-12-16,64,52,39,39,34,31,76,53,31,30.25,30.14,30.04,10,10,7,10,6,,0.00,0,Rain,234
1956-12-17,71,64,55,62,52,41,90,72,53,30.22,30.08,30.01,10,8,4,25,7,,0.01,,Rain,68
1956-12-18,48,44,39,45,40,39,100,95,86,30.37,30.29,30.23,15,7,2,20,13,,1.17,,Fog-Rain-Thunderstorm,345
1956-12-19,52,46,41,50,46,40,100,97,89,30.28,30.18,30.12,10,5,1,13,9,,0.47,,Fog-Rain,317
1956-12-20,63,54,46,49,47,45,93,81,56,30.25,30.17,30.11,15,11,9,14,8,,0.00,0,,301
1956-12-21,60,52,45,55,50,45,100,91,77,30.11,30.00,29.88,10,8,0,10,4,,0.00,,Fog,113
1956-12-22,75,65,55,59,53,41,100,75,46,29.88,29.81,29.74,10,7,0,17,7,,0.08,,Fog-Rain,271
1956-12-23,55,50,43,42,37,35,76,59,49,30.27,30.09,29.87,15,12,10,21,12,,0.00,0,,315
1956-12-24,59,48,36,36,32,28,86,60,33,30.43,30.36,30.26,15,15,15,15,8,,0.00,0,,306
1956-12-25,61,49,37,34,30,24,83,54,24,30.45,30.40,30.35,15,15,15,15,8,,0.00,0,,288
1956-12-26,66,54,43,36,31,28,73,49,25,30.48,30.41,30.36,15,13,10,17,9,,0.00,0,,281
1956-12-27,69,54,39,36,32,30,70,49,23,30.35,30.26,30.16,15,15,15,12,7,,0.00,0,,274
1956-12-28,71,58,44,33,30,27,58,39,21,30.28,30.18,30.12,15,15,15,17,11,,0.00,0,,307
1956-12-29,71,56,41,39,35,32,76,49,28,30.39,30.27,30.17,15,14,10,20,10,,0.00,0,,274
1956-12-30,79,65,51,37,32,25,50,34,14,30.16,30.07,29.99,15,14,10,13,8,,0.00,0,,243
1956-12-31,77,60,44,47,39,29,82,49,29,30.03,29.96,29.88,15,14,10,20,8,,0.00,0,,204
