
CST,Max TemperatureF,Mean TemperatureF,Min TemperatureF,Max Dew PointF,MeanDew PointF,Min DewpointF,Max Humidity, Mean Humidity, Min Humidity, Max Sea Level PressureIn, Mean Sea Level PressureIn, Min Sea Level PressureIn, Max VisibilityMiles, Mean VisibilityMiles, Min VisibilityMiles, Max Wind SpeedMPH, Mean Wind SpeedMPH, Max Gust SpeedMPH,PrecipitationIn, CloudCover, Events, WindDirDegrees
1974-1-1,39,30,21,22,16,13,72,58,43,30.40,30.30,30.22,15,15,15,21,14,25,0.00,1,,35
1974-1-2,37,34,32,36,32,26,97,89,70,30.28,30.22,30.17,15,6,2,20,11,32,0.01,8,Fog,45
1974-1-3,32,28,25,30,22,16,96,76,54,30.43,30.37,30.28,15,10,3,23,18,31,0.00,8,Fog,3
1974-1-4,39,34,30,21,15,10,56,48,42,30.37,30.29,30.19,15,14,10,15,11,,0.00,8,,45
1974-1-5,46,39,32,43,31,21,96,72,55,30.23,30.13,30.07,15,9,0,9,5,,0.01,8,Fog,156
1974-1-6,70,57,44,50,44,37,100,77,36,30.09,30.02,29.95,15,8,0,15,6,,0.00,5,Fog-Rain,343
1974-1-7,51,44,36,45,36,32,96,77,54,30.15,30.07,30.01,10,6,1,13,9,,0.01,5,Fog,63
1974-1-8,64,55,46,62,54,45,100,97,90,30.03,29.94,29.87,8,2,0,12,5,,0.02,8,Fog,206
1974-1-9,62,48,35,61,42,35,100,96,76,30.09,30.02,29.95,10,4,0,18,10,,0.04,8,Fog-Rain,27
1974-1-10,41,38,34,41,38,34,100,99,93,30.10,30.00,29.94,8,4,0,16,9,20,0.03,8,Fog,25
1974-1-11,43,38,32,38,31,27,93,78,58,30.38,30.21,30.10,15,10,5,17,14,21,0.00,6,Fog,27
1974-1-12,34,30,26,27,25,22,89,81,70,30.54,30.45,30.39,15,10,5,17,13,23,0.00,5,,35
1974-1-13,46,38,30,46,37,27,100,97,88,30.41,30.33,30.22,7,2,0,7,3,,0.05,8,Fog,117
1974-1-14,64,54,45,57,52,45,100,93,73,30.23,30.17,30.09,15,4,0,15,5,,15.00,6,Fog,198
1974-1-15,61,49,37,52,44,36,100,84,56,30.29,30.21,30.14,15,5,0,12,7,,0.00,5,Fog,17
1974-1-16,71,58,46,56,50,46,100,84,49,30.19,30.14,30.03,10,4,0,16,4,,0.00,6,Fog,192
1974-1-17,75,68,60,64,62,58,100,85,62,30.09,29.99,29.88,15,8,0,17,10,26,0.00,7,Fog,197
1974-1-18,78,70,61,65,63,59,93,84,54,29.94,29.87,29.75,15,9,4,17,13,25,0.88,8,Rain-Thunderstorm,185
1974-1-19,60,54,46,56,46,41,97,80,51,29.98,29.91,29.84,15,15,15,20,13,,0.00,5,,334
1974-1-20,78,60,41,47,43,39,100,69,25,30.00,29.87,29.81,15,12,5,14,6,,0.00,1,Fog,245
1974-1-21,75,58,42,60,49,39,93,76,50,30.06,29.98,29.91,15,12,7,14,8,,0.00,0,,143
1974-1-22,75,64,53,64,58,41,97,81,54,30.09,29.97,29.89,15,9,4,22,11,21,0.00,7,Fog-Rain,185
1974-1-23,54,46,39,41,37,35,89,74,59,30.24,30.16,30.09,15,13,7,23,16,26,0.54,8,Rain-Thunderstorm,18
1974-1-24,46,44,41,40,37,33,89,76,63,30.25,30.20,30.13,15,10,4,20,17,30,0.57,8,Rain-Thunderstorm,19
1974-1-25,48,45,42,46,41,35,100,86,63,30.25,30.16,30.05,15,8,2,14,9,,0.37,8,Fog-Rain,18
1974-1-26,71,56,42,47,43,38,100,71,30,30.06,29.95,29.86,15,12,2,21,8,26,0.08,3,Fog-Rain,231
1974-1-27,70,58,46,63,54,44,100,90,73,29.97,29.88,29.76,15,6,0,12,6,,0.00,4,Fog,188
1974-1-28,62,53,44,56,39,34,86,58,38,30.08,29.99,29.87,15,15,10,17,12,,0.00,0,,345
1974-1-29,66,52,37,46,41,35,93,70,47,30.09,30.02,29.96,15,13,7,10,4,,0.00,0,,124
1974-1-30,73,57,41,42,35,28,86,52,20,30.12,30.04,29.96,15,15,15,13,7,,0.00,1,,249
1974-1-31,75,60,46,55,46,39,83,61,37,30.12,30.04,30.00,15,12,10,9,6,,0.00,1,,190
1974-2-1,73,64,54,66,60,50,100,87,69,30.01,29.88,29.73,15,7,0,17,6,24,0.01,6,Fog-Rain,211
1974-2-2,81,70,57,65,54,36,100,67,27,29.88,29.74,29.65,15,10,1,18,10,,0.00,4,Fog-Rain,263
1974-2-3,64,55,46,35,31,24,63,43,23,30.26,30.09,29.90,15,13,10,21,14,28,0.00,0,,16
1974-2-4,66,52,37,33,28,23,79,45,20,30.35,30.25,30.14,15,15,15,14,9,,0.00,0,,241
1974-2-5,72,58,44,59,47,34,90,71,53,30.12,29.92,29.77,15,15,10,22,10,34,0.00,3,,202
1974-2-6,62,54,44,62,44,26,100,71,43,30.05,29.92,29.80,15,9,0,21,10,30,0.00,8,Fog-Rain,14
1974-2-7,46,41,36,26,24,21,62,52,42,30.22,30.05,30.00,15,14,10,21,17,25,0.00,7,,2
1974-2-8,50,39,28,21,17,10,61,43,22,30.42,30.31,30.20,15,15,15,23,16,31,0.00,0,,346
1974-2-9,63,48,33,22,16,12,52,32,16,30.35,30.30,30.25,15,15,15,23,11,34,0.00,0,,320
1974-2-10,69,50,32,29,23,21,73,41,17,30.34,30.27,30.18,15,15,15,14,5,,0.00,3,,219
1974-2-11,72,56,39,35,28,22,62,36,20,30.30,30.21,30.12,15,15,10,13,7,,0.00,0,,241
1974-2-12,77,60,44,57,48,39,97,68,33,30.14,30.02,29.87,15,13,7,18,9,26,0.00,1,,203
1974-2-13,80,68,57,60,58,56,100,77,45,29.96,29.88,29.75,15,11,7,17,12,21,0.00,4,,197
1974-2-14,75,70,64,63,62,61,93,82,64,29.93,29.85,29.80,10,9,7,12,7,,0.00,8,,181
1974-2-15,71,65,55,62,45,33,97,55,27,30.05,29.96,29.89,15,12,5,21,8,,0.00,5,Fog-Rain-Thunderstorm,294
1974-2-16,69,56,44,44,41,36,85,61,39,30.19,30.09,30.03,15,14,10,12,7,,0.00,2,,38
1974-2-17,69,56,42,53,46,40,96,78,49,30.15,30.05,29.88,15,7,0,15,7,21,0.00,5,Fog,140
1974-2-18,75,65,55,62,45,18,96,61,13,29.86,29.66,29.54,15,10,4,26,13,38,0.00,5,,228
1974-2-19,73,60,46,37,35,33,63,41,23,29.88,29.78,29.70,15,13,7,21,11,30,0.00,1,,238
1974-2-20,79,62,46,65,54,38,100,75,45,29.75,29.65,29.48,15,10,0,28,13,40,0.01,4,Fog-Rain,174
1974-2-21,70,60,48,65,40,28,87,57,33,30.17,29.79,29.49,15,13,4,28,17,39,0.35,5,Rain-Thunderstorm,298
1974-2-22,61,50,39,34,26,21,67,44,22,30.38,30.26,30.19,15,15,15,17,9,,0.00,1,,334
1974-2-23,72,56,39,44,36,26,70,49,33,30.18,30.07,29.98,15,12,9,20,7,29,0.00,1,,214
1974-2-24,59,48,37,32,22,16,53,39,28,30.62,30.48,30.17,15,15,10,23,15,32,0.00,0,,9
1974-2-25,53,40,28,19,16,15,58,40,24,30.70,30.61,30.51,15,15,15,13,8,,0.00,0,,43
1974-2-26,62,47,32,39,24,19,66,43,20,30.53,30.41,30.28,15,15,15,18,6,25,0.00,1,,180
1974-2-27,71,60,48,55,48,39,83,69,53,30.27,30.15,30.03,15,15,10,22,11,33,0.01,6,,185
1974-2-28,80,70,60,60,58,55,90,73,45,30.20,30.13,30.07,15,12,6,20,12,28,0.00,5,Fog,191
1974-3-1,79,67,55,61,59,56,100,78,50,30.18,30.10,29.96,15,11,4,20,11,31,0.00,6,Fog,189
1974-3-2,82,72,63,61,60,57,90,72,45,30.02,29.92,29.81,15,12,8,20,16,24,0.00,6,,193
1974-3-3,82,73,64,62,60,58,90,72,44,29.92,29.83,29.73,15,13,10,24,16,32,0.00,5,,186
1974-3-4,81,74,66,64,61,60,90,71,50,29.85,29.79,29.74,15,12,8,20,15,29,0.00,6,,185
1974-3-5,80,72,64,66,63,60,97,76,50,29.93,29.85,29.80,15,12,10,15,8,,0.00,6,,187
1974-3-6,81,75,69,67,64,62,90,74,52,29.91,29.86,29.81,15,13,10,17,12,23,7.16,6,,189
1974-3-7,81,75,69,67,63,55,93,72,43,29.96,29.90,29.85,15,13,8,23,13,28,0.00,7,,175
1974-3-8,81,74,66,67,65,62,96,76,54,30.00,29.93,29.87,15,13,10,20,13,32,0.00,7,,175
1974-3-9,82,76,70,68,65,63,90,75,56,30.00,29.93,29.88,15,13,10,16,14,24,0.00,7,,165
1974-3-10,81,76,70,68,65,61,93,77,52,30.01,29.94,29.87,15,15,15,20,12,26,0.00,6,,170
1974-3-11,84,76,69,70,66,63,97,76,51,30.00,29.94,29.86,15,13,6,15,7,,0.00,5,Fog-Rain-Thunderstorm,191
1974-3-12,75,70,64,68,58,46,96,68,42,30.10,30.01,29.92,15,13,5,25,10,23,0.00,7,Fog-Rain,55
1974-3-13,73,64,55,50,48,46,72,58,41,30.14,30.05,29.97,15,15,10,16,11,,0.00,6,Rain,69
1974-3-14,64,60,55,58,54,50,93,85,67,30.04,30.01,29.97,15,7,2,16,6,,0.06,7,Fog-Rain,113
1974-3-15,72,64,55,63,58,55,97,90,71,30.02,29.96,29.88,10,5,1,9,4,,0.11,7,Fog-Rain,96
1974-3-16,68,62,57,62,47,37,97,61,36,30.31,30.18,30.04,15,10,2,23,10,32,0.00,5,Fog,46
1974-3-17,79,64,48,62,52,44,86,67,48,30.22,30.12,29.97,15,14,10,17,5,23,0.00,2,,195
1974-3-18,80,73,66,67,65,63,93,82,60,29.97,29.85,29.73,15,10,3,17,14,,0.01,8,Fog,201
1974-3-19,90,76,62,68,60,51,100,66,35,29.82,29.75,29.67,15,12,5,15,11,,0.00,4,Fog,181
1974-3-20,79,68,53,66,54,46,81,72,59,29.98,29.78,29.64,15,10,5,23,9,32,0.01,6,Rain,45
1974-3-21,55,46,37,42,30,22,74,53,29,30.25,30.14,30.01,15,15,15,25,18,33,0.00,4,,25
1974-3-22,69,54,39,53,38,30,84,57,38,30.14,29.98,29.82,15,15,15,17,8,25,0.00,1,,155
1974-3-23,80,63,41,56,48,28,93,65,38,30.08,29.85,29.79,15,12,7,24,12,31,0.00,4,,230
1974-3-24,39,36,33,36,31,25,93,81,64,30.24,30.17,30.09,15,11,0,21,17,33,1.05,8,Rain-Thunderstorm,21
1974-3-25,46,41,36,43,38,34,97,91,85,30.27,30.20,30.15,15,8,3,16,12,,0.00,8,Fog,44
1974-3-26,64,54,45,57,49,43,96,86,75,30.22,30.15,30.04,15,11,7,13,6,,0.00,6,Rain,52
1974-3-27,77,64,51,62,57,51,100,85,58,30.17,30.10,30.00,15,8,0,14,6,,0.00,5,Fog,183
1974-3-28,86,74,62,69,58,32,100,73,14,30.04,29.92,29.77,15,8,0,18,9,,0.00,5,Fog,203
1974-3-29,88,70,53,43,39,36,66,33,16,29.91,29.84,29.80,15,15,15,22,9,31,0.00,0,,326
1974-3-30,91,72,53,67,49,38,81,47,23,29.91,29.80,29.65,15,15,15,17,7,,0.00,0,,229
1974-3-31,90,76,62,70,65,61,97,75,40,29.68,29.62,29.53,15,12,6,21,12,29,0.00,1,Fog,187
1974-4-1,88,77,66,70,49,30,91,49,12,29.79,29.69,29.58,15,12,7,18,13,24,0.00,3,,293
1974-4-2,84,70,55,66,52,36,84,54,38,29.80,29.64,29.44,15,15,15,22,9,31,0.00,0,,198
1974-4-3,84,74,64,65,48,36,90,49,18,29.65,29.54,29.41,15,12,5,20,10,,0.00,2,,313
1974-4-4,71,62,52,40,32,26,47,34,25,30.23,30.01,29.70,15,11,7,24,18,32,0.00,3,,13
1974-4-5,71,58,44,33,27,25,53,33,18,30.46,30.34,30.24,15,15,15,13,7,,0.00,0,,338
1974-4-6,75,59,43,51,38,31,67,45,25,30.32,30.16,29.85,15,15,15,21,8,30,0.00,0,,191
1974-4-7,88,72,57,59,55,51,90,61,30,29.94,29.82,29.72,15,14,10,23,13,28,0.00,2,,198
1974-4-8,75,64,54,55,36,30,70,36,19,30.26,30.14,29.88,15,13,8,29,14,23,0.00,0,,9
1974-4-9,75,60,46,49,36,33,64,41,22,30.27,30.16,30.01,15,15,15,16,9,24,0.00,0,,117
1974-4-10,75,66,57,66,60,50,93,82,69,30.00,29.82,29.66,15,10,5,20,12,33,0.07,7,Fog,161
1974-4-11,75,66,57,66,58,48,96,72,38,29.82,29.74,29.67,15,10,1,21,13,30,0.90,5,Fog-Rain-Thunderstorm,182
1974-4-12,82,72,61,68,63,56,100,74,49,29.85,29.77,29.68,15,9,2,13,6,,0.00,4,Fog,202
1974-4-13,88,77,66,69,67,63,100,74,43,29.85,29.78,29.72,15,10,2,14,8,,0.00,4,Fog,184
1974-4-14,70,62,55,66,44,37,87,52,37,30.17,30.07,29.84,15,14,5,22,12,29,0.17,7,Rain-Thunderstorm,11
1974-4-15,63,58,53,49,47,44,80,65,54,30.22,30.15,30.11,15,15,15,14,8,,0.04,6,,107
1974-4-16,77,62,46,48,44,38,93,58,24,30.21,30.16,30.12,15,15,15,12,7,17,0.00,0,,10
1974-4-17,80,66,53,50,46,40,71,51,29,30.23,30.15,30.06,15,15,15,14,8,18,0.00,3,,112
1974-4-18,78,68,57,63,59,50,90,75,58,30.12,30.05,29.96,15,13,4,14,8,,0.00,6,Fog,154
1974-4-19,79,72,66,67,64,62,93,80,58,30.02,29.96,29.90,15,11,4,20,12,28,0.00,7,Fog-Rain,153
1974-4-20,75,72,68,68,66,64,90,84,73,29.95,29.88,29.84,15,11,8,16,13,23,0.00,8,Rain,166
1974-4-21,82,76,71,70,68,65,93,78,54,29.93,29.86,29.75,10,9,5,22,13,37,0.00,8,Fog-Rain-Thunderstorm,173
1974-4-22,77,70,64,71,65,60,96,80,60,30.07,29.93,29.80,15,12,5,21,12,26,0.44,6,Rain-Thunderstorm,39
1974-4-23,80,70,61,62,58,51,100,69,36,30.17,30.11,30.05,15,12,1,14,9,,0.00,4,Fog,44
1974-4-24,81,70,60,63,56,52,78,63,42,30.19,30.14,30.09,15,15,10,12,8,,0.00,3,,83
1974-4-25,81,70,60,62,57,54,93,67,41,30.20,30.14,30.06,15,13,5,14,7,,0.00,3,Fog,155
1974-4-26,79,70,62,63,60,53,93,74,56,30.18,30.10,30.04,15,11,5,16,9,,0.00,7,Fog,163
1974-4-27,82,73,64,65,63,59,93,75,50,30.10,30.05,30.00,15,11,5,17,12,23,0.00,6,Fog,174
1974-4-28,82,75,68,68,66,64,93,76,54,30.07,30.04,29.98,15,10,7,18,12,29,0.00,6,,168
1974-4-29,81,76,71,68,66,62,87,73,56,30.09,30.03,29.99,15,10,7,18,14,26,0.00,7,Rain,165
1974-4-30,75,70,66,70,67,62,97,86,69,30.11,30.04,29.99,10,9,7,17,9,,0.22,8,Rain,108
1974-5-1,77,70,64,68,65,63,100,87,69,30.06,29.97,29.89,15,11,3,14,8,,0.87,7,Fog-Rain-Thunderstorm,163
1974-5-2,87,78,68,71,69,66,96,76,57,29.95,29.88,29.81,15,13,10,18,11,,0.00,4,,198
1974-5-3,90,80,66,72,69,60,97,77,52,30.02,29.91,29.84,15,8,3,29,11,45,0.09,6,Fog-Rain-Thunderstorm,193
1974-5-4,84,74,64,65,62,57,87,65,47,29.99,29.89,29.80,15,14,10,15,9,,0.00,5,,109
1974-5-5,75,68,62,68,62,59,100,79,62,29.94,29.87,29.81,15,13,4,21,8,32,0.59,6,Rain-Thunderstorm,14
1974-5-6,75,68,61,60,59,57,93,75,55,30.00,29.93,29.86,15,11,7,14,9,,0.00,5,,36
1974-5-7,77,70,63,61,59,51,87,68,46,29.97,29.88,29.79,15,12,9,12,6,,0.00,6,,111
1974-5-8,84,73,62,67,64,62,100,74,49,29.91,29.83,29.75,15,10,3,12,6,,0.00,2,Fog,182
1974-5-9,86,75,64,70,68,63,97,82,55,29.81,29.74,29.61,15,11,1,25,9,39,3.30,6,Rain-Thunderstorm,176
1974-5-10,75,69,63,66,64,61,97,87,69,29.68,29.63,29.59,15,13,7,12,8,,0.01,7,Rain,158
1974-5-11,82,72,63,69,66,63,100,83,62,29.78,29.64,29.56,15,9,1,13,6,,0.00,5,Fog,58
1974-5-12,87,76,66,70,68,65,96,75,53,29.94,29.88,29.80,15,13,7,12,6,,0.00,2,,108
1974-5-13,84,76,69,72,70,68,97,82,63,29.91,29.80,29.66,10,8,4,17,12,28,0.00,6,Fog,177
1974-5-14,84,80,75,75,73,70,90,83,72,29.72,29.66,29.59,10,8,6,16,13,22,0.00,7,,179
1974-5-15,91,83,75,75,73,71,100,78,55,29.76,29.70,29.65,8,6,3,15,10,,0.00,5,Fog,177
1974-5-16,88,82,75,75,74,73,94,79,63,29.80,29.76,29.72,10,8,6,15,11,21,0.01,7,,169
1974-5-17,87,82,75,74,71,68,87,73,53,29.94,29.87,29.82,15,12,8,16,14,,0.00,6,,172
1974-5-18,90,82,73,72,70,65,93,71,46,30.04,29.95,29.89,15,13,8,16,11,16,0.00,5,,168
1974-5-19,89,80,72,71,69,65,93,73,48,30.03,29.97,29.89,15,12,6,16,10,,0.00,5,,167
1974-5-20,84,78,71,70,68,64,93,76,49,29.94,29.89,29.84,15,12,6,18,8,28,0.00,6,Fog,151
1974-5-21,87,80,72,69,68,65,91,73,48,29.93,29.87,29.80,15,12,7,9,7,,0.00,6,Rain,95
1974-5-22,89,80,70,72,69,67,93,73,49,29.92,29.88,29.84,15,12,7,13,5,,0.00,1,,64
1974-5-23,90,79,68,69,67,65,96,70,45,29.97,29.91,29.85,15,13,8,15,6,,0.00,3,,150
1974-5-24,91,82,72,71,69,66,97,71,44,30.01,29.95,29.90,15,12,5,14,8,,0.00,5,Fog,157
1974-5-25,91,82,73,73,70,67,91,71,47,29.97,29.90,29.80,15,15,10,14,9,22,0.00,6,Rain,168
1974-5-26,88,78,68,71,64,60,96,65,40,29.98,29.89,29.83,15,14,1,25,11,31,0.61,3,Rain-Thunderstorm,6
1974-5-27,87,76,64,67,62,58,96,63,37,30.05,29.99,29.93,15,15,15,10,7,,0.00,0,,56
1974-5-28,91,78,66,70,66,62,97,68,39,30.05,29.97,29.88,15,12,2,13,7,,0.00,2,Fog,178
1974-5-29,93,83,73,73,70,67,94,70,42,29.94,29.85,29.73,15,15,15,16,11,26,0.01,6,,184
1974-5-30,89,80,71,74,71,65,94,80,59,29.84,29.75,29.67,15,10,7,17,12,26,0.14,7,Rain-Thunderstorm,177
1974-5-31,90,78,66,75,71,67,100,81,55,29.83,29.74,29.68,15,10,1,13,7,,0.00,5,Fog-Rain-Thunderstorm,160
1974-6-1,86,75,64,70,66,60,96,74,49,30.00,29.94,29.84,15,14,7,20,10,41,0.43,4,Rain-Thunderstorm,40
1974-6-2,87,78,69,70,67,65,93,72,49,30.08,30.00,29.96,15,14,10,12,7,,0.00,3,,74
1974-6-3,87,80,73,73,69,66,96,73,51,30.05,29.97,29.88,15,7,2,15,7,18,0.79,5,Fog,153
1974-6-4,89,81,73,73,70,68,96,73,50,29.99,29.90,29.79,15,11,4,16,9,23,0.00,5,Fog,163
1974-6-5,91,83,75,73,71,69,91,73,48,29.87,29.78,29.66,15,14,10,20,11,29,0.14,6,,179
1974-6-6,89,82,75,74,72,70,88,73,53,29.75,29.65,29.53,15,13,10,23,15,34,0.00,6,Rain-Thunderstorm,179
1974-6-7,91,85,79,76,74,71,85,73,55,29.59,29.55,29.48,10,10,10,18,16,26,0.00,7,,185
1974-6-8,91,86,80,76,74,72,85,73,57,29.61,29.55,29.52,10,10,8,21,16,30,0.00,7,,172
1974-6-9,86,75,64,74,68,59,90,75,63,29.96,29.80,29.62,15,12,8,21,12,30,0.01,7,Rain-Thunderstorm,107
1974-6-10,84,74,64,70,64,58,84,70,51,30.11,30.01,29.94,15,13,10,13,8,,0.00,6,Rain-Thunderstorm,89
1974-6-11,90,80,70,72,69,67,97,75,46,30.08,30.03,29.91,15,10,1,14,4,,0.00,5,Fog,169
1974-6-12,88,80,71,72,68,63,96,76,51,30.04,29.97,29.81,15,13,10,21,7,32,0.01,5,Rain,185
1974-6-13,89,76,64,70,66,63,97,71,45,29.99,29.92,29.85,15,14,8,13,7,,0.00,4,,150
1974-6-14,91,80,69,71,68,63,96,68,39,29.98,29.94,29.90,15,14,8,12,5,,0.00,3,,183
1974-6-15,93,82,70,67,64,62,84,58,37,29.98,29.93,29.88,15,15,10,13,6,,0.00,0,,211
1974-6-16,93,82,71,68,64,58,87,57,31,29.99,29.88,29.81,15,15,15,12,8,,0.00,1,,196
1974-6-17,93,82,71,68,65,57,84,58,29,29.89,29.83,29.78,15,15,10,14,9,21,0.00,0,,194
1974-6-18,91,82,73,69,67,64,87,64,41,29.92,29.86,29.82,15,15,10,17,12,24,0.00,2,,187
1974-6-19,91,81,71,72,69,66,94,67,42,30.02,29.97,29.93,15,13,10,15,9,22,0.01,3,,172
1974-6-20,91,82,73,73,70,65,94,69,42,30.10,30.02,29.92,15,13,10,16,8,,0.01,3,Rain,178
1974-6-21,91,82,73,71,68,64,90,64,39,29.97,29.89,29.79,15,15,15,14,9,,0.00,2,,194
1974-6-22,93,82,71,71,67,62,93,62,35,29.85,29.82,29.78,15,14,10,18,10,,0.00,2,,188
1974-6-23,97,85,73,70,67,62,85,57,31,29.91,29.86,29.80,15,15,10,15,9,18,0.00,1,,238
1974-6-24,86,79,72,63,56,49,68,48,29,30.02,29.95,29.89,15,15,15,18,15,26,0.00,4,,35
1974-6-25,86,72,59,55,52,49,78,48,29,30.06,29.99,29.89,15,15,15,14,8,,0.00,0,,54
1974-6-26,84,74,63,55,52,47,72,49,27,30.06,30.00,29.95,15,15,15,13,8,,0.00,0,,64
1974-6-27,88,75,62,57,54,52,72,51,32,30.08,30.03,29.98,15,12,10,9,7,,0.00,0,,81
1974-6-28,88,76,64,62,58,54,84,54,32,30.10,30.05,29.99,10,9,4,14,7,,0.00,0,,169
1974-6-29,89,78,66,64,59,57,78,55,35,30.09,30.04,29.97,15,12,8,12,8,16,0.00,0,,186
1974-6-30,93,80,66,69,65,63,90,62,37,30.06,29.99,29.89,15,12,6,15,10,,0.00,1,,174
1974-7-1,90,82,73,73,70,67,93,73,48,30.01,29.94,29.87,15,13,8,23,10,38,0.03,4,Rain,181
1974-7-2,91,82,73,72,69,65,96,69,45,30.03,29.97,29.92,15,13,7,18,11,28,0.00,5,,172
1974-7-3,93,83,73,72,69,65,91,68,38,30.10,30.03,29.99,15,10,7,23,11,32,0.02,4,,181
1974-7-4,93,82,71,71,67,63,93,64,37,30.14,30.05,29.96,15,10,6,16,6,,0.00,5,Fog,188
1974-7-5,95,85,75,70,66,61,82,57,32,30.03,29.98,29.90,15,12,7,14,9,,0.00,5,,200
1974-7-6,95,82,70,69,64,56,84,55,27,30.01,29.97,29.93,15,12,10,15,9,23,0.00,3,,194
1974-7-7,93,83,73,71,66,59,91,60,31,30.11,30.04,29.96,15,12,6,16,9,,0.00,3,,177
1974-7-8,91,80,70,71,66,61,93,62,35,30.13,30.04,29.95,15,15,10,15,9,21,0.00,2,,178
1974-7-9,95,84,73,71,67,60,93,62,34,30.08,30.00,29.92,15,11,8,18,10,24,0.00,4,,184
1974-7-10,95,84,72,71,66,57,93,61,29,30.05,29.99,29.91,10,8,6,16,10,24,0.00,3,,176
1974-7-11,90,80,71,72,69,65,96,69,43,30.04,29.98,29.94,15,13,7,21,9,30,0.00,4,Rain-Thunderstorm,165
1974-7-12,87,79,71,72,69,65,93,74,49,30.18,30.09,30.02,15,14,4,15,6,,0.25,5,Rain-Thunderstorm,160
1974-7-13,93,82,70,72,67,61,97,66,34,30.22,30.13,30.04,15,15,10,12,4,,0.00,3,,146
1974-7-14,97,84,71,70,65,61,87,55,32,30.11,30.04,29.95,15,14,10,10,6,,0.00,1,,203
1974-7-15,93,84,75,70,67,62,82,62,35,30.05,29.97,29.87,15,10,10,17,8,26,0.00,5,,156
1974-7-16,93,83,73,71,67,63,87,65,36,30.00,29.95,29.90,10,10,8,25,5,38,0.07,4,Rain-Thunderstorm,157
1974-7-17,90,81,72,72,68,65,93,74,43,30.13,30.06,30.00,15,9,5,16,5,,0.00,6,Fog-Rain,131
1974-7-18,93,83,73,72,70,65,93,77,39,30.23,30.15,30.01,15,10,1,20,6,24,0.26,6,Rain-Thunderstorm,162
1974-7-19,93,82,70,72,68,61,97,67,34,30.23,30.16,30.08,15,9,6,10,4,,0.00,2,Fog,172
1974-7-20,97,84,71,69,63,54,87,54,25,30.16,30.09,29.99,15,12,8,10,6,,0.00,1,,190
1974-7-21,98,86,73,65,62,58,71,44,28,30.04,29.98,29.90,15,12,8,10,6,,0.00,1,,208
1974-7-22,100,88,75,67,63,59,69,45,26,29.96,29.91,29.85,15,12,6,10,7,13,0.00,2,,206
1974-7-23,98,86,75,68,64,59,71,49,28,29.98,29.91,29.86,15,13,10,12,7,,0.00,1,,168
1974-7-24,97,86,75,76,66,61,82,55,31,29.98,29.94,29.90,15,15,15,12,9,,0.00,0,,186
1974-7-25,97,86,75,69,66,61,79,53,30,30.00,29.93,29.86,15,15,15,15,11,,0.00,4,,189
1974-7-26,99,88,78,72,69,63,79,59,32,29.99,29.93,29.86,15,15,15,13,11,17,0.00,5,,219
1974-7-27,97,88,79,73,70,67,74,62,37,30.02,29.96,29.91,15,15,10,12,6,,0.00,6,,190
1974-7-28,100,86,73,72,66,57,91,55,25,30.00,29.95,29.86,15,14,10,12,6,,0.00,1,,160
1974-7-29,100,86,72,69,63,55,87,50,22,29.97,29.92,29.83,15,15,15,13,8,,0.00,1,,171
1974-7-30,91,83,75,67,65,62,69,54,39,30.04,29.98,29.93,15,15,15,15,8,,0.00,4,Rain,357
1974-7-31,91,83,75,69,66,62,71,58,37,30.07,30.00,29.93,15,15,15,14,6,,0.00,6,,171
1974-8-1,95,84,73,72,67,61,90,64,33,30.04,29.95,29.85,15,14,10,17,7,,0.00,5,Rain,179
1974-8-2,80,76,73,72,67,64,91,73,60,29.99,29.93,29.88,15,12,10,8,6,,0.12,7,Rain,126
1974-8-3,91,81,71,73,68,65,93,71,42,30.03,29.99,29.95,15,13,6,14,5,,0.00,6,Rain-Thunderstorm,133
1974-8-4,82,77,72,71,69,66,97,82,63,30.14,30.07,30.03,15,11,2,16,7,,1.45,7,Fog-Rain-Thunderstorm,23
1974-8-5,82,77,72,70,69,67,93,79,58,30.06,30.00,29.93,15,11,5,14,5,,0.00,8,Rain,141
1974-8-6,80,76,71,73,70,68,97,89,76,29.98,29.93,29.89,15,8,3,14,5,,0.57,8,Fog-Rain-Thunderstorm,125
1974-8-7,79,75,71,72,70,69,100,90,72,30.00,29.95,29.91,15,11,1,12,6,,0.67,7,Fog-Rain,136
1974-8-8,84,76,69,76,71,68,100,88,65,30.05,29.98,29.91,15,8,1,13,7,,2.78,7,Rain-Thunderstorm,170
1974-8-9,91,83,75,75,73,70,97,76,53,30.08,29.94,29.85,15,10,5,17,9,23,0.00,5,Fog,174
1974-8-10,91,84,77,75,72,66,94,71,48,29.99,29.90,29.85,15,11,6,16,12,21,0.00,4,Fog,176
1974-8-11,93,83,73,74,71,67,97,70,44,30.06,30.00,29.95,15,12,7,17,8,16,0.00,5,,181
1974-8-12,93,84,75,74,71,63,94,68,39,30.09,30.02,29.94,15,14,10,14,9,,0.00,5,,189
1974-8-13,93,84,75,75,72,68,97,71,44,30.08,29.99,29.90,15,13,5,12,6,,0.00,3,Fog,178
1974-8-14,91,83,75,75,71,67,97,69,44,30.04,29.98,29.92,15,15,15,12,8,,0.00,4,,181
1974-8-15,93,83,73,74,70,66,97,67,41,30.07,30.01,29.96,15,15,10,13,8,,0.00,2,,176
1974-8-16,93,83,73,75,71,67,100,70,42,30.12,30.07,30.01,15,14,7,12,7,,0.01,3,,192
1974-8-17,93,83,73,74,70,66,94,66,43,30.15,30.06,29.95,15,14,8,12,7,,0.01,2,,193
1974-8-18,95,84,73,73,68,63,96,64,36,30.04,29.99,29.91,15,14,7,14,8,,0.00,0,,191
1974-8-19,95,85,75,74,70,66,94,65,40,30.07,29.99,29.91,15,14,8,15,8,16,0.00,3,,178
1974-8-20,93,83,73,75,71,66,97,67,40,30.06,29.99,29.92,15,14,9,14,8,,0.00,3,,175
1974-8-21,93,83,73,73,69,63,94,66,37,30.08,30.01,29.94,15,14,10,10,7,,0.00,3,,182
1974-8-22,93,83,73,72,68,63,91,63,37,30.07,30.02,29.97,15,14,10,12,6,,0.00,1,,186
1974-8-23,93,83,73,70,67,62,85,61,36,30.07,30.01,29.87,15,11,6,12,4,16,0.00,1,Fog,135
1974-8-24,93,82,72,72,69,64,91,68,39,30.10,30.01,29.94,15,10,5,14,6,,0.00,4,Fog,116
1974-8-25,84,78,72,72,69,67,91,77,55,30.02,29.98,29.93,10,10,8,15,4,23,0.02,6,Rain-Thunderstorm,85
1974-8-26,82,77,72,72,70,68,93,86,65,29.97,29.90,29.85,15,9,1,12,7,,0.34,7,Fog-Rain,301
1974-8-27,89,80,70,74,72,70,100,80,55,30.02,29.94,29.84,15,11,3,15,7,,0.02,5,Fog-Rain-Thunderstorm,175
1974-8-28,90,80,71,76,73,69,97,85,55,29.96,29.91,29.83,15,10,0,20,7,34,1.34,7,Rain-Thunderstorm,143
1974-8-29,75,73,71,74,72,70,100,95,93,29.99,29.93,29.88,15,10,1,14,6,,0.79,8,Fog-Rain-Thunderstorm,117
1974-8-30,81,76,71,75,73,69,97,91,79,30.02,29.95,29.89,15,9,5,13,7,,0.70,7,Fog-Rain,204
1974-8-31,90,82,75,76,73,68,100,79,54,30.00,29.94,29.87,15,13,7,15,8,,0.00,4,,179
1974-9-1,91,82,73,74,72,69,97,76,52,29.97,29.90,29.81,15,13,7,16,7,,0.00,3,,180
1974-9-2,91,82,72,74,71,65,96,76,50,30.01,29.88,29.81,15,14,10,21,9,29,0.00,4,Rain-Thunderstorm,190
1974-9-3,72,66,61,63,57,54,93,76,55,30.15,30.09,30.01,15,12,7,18,15,,0.02,6,Rain,18
1974-9-4,75,66,57,56,52,48,87,63,38,30.13,30.08,30.03,15,14,10,16,8,21,0.00,1,,37
1974-9-5,78,66,55,52,50,48,81,58,35,30.15,30.08,30.00,15,14,10,15,8,18,0.00,0,,30
1974-9-6,81,69,57,53,50,47,78,55,30,30.09,30.03,29.96,15,14,9,13,8,,0.00,0,,36
1974-9-7,84,73,62,64,59,53,84,64,44,30.04,29.98,29.91,15,10,4,18,10,,0.00,2,,23
1974-9-8,87,76,66,62,58,51,81,56,30,29.93,29.85,29.76,10,9,6,23,14,32,0.00,2,,4
1974-9-9,75,72,68,71,66,56,97,83,50,29.83,29.77,29.71,10,7,1,17,13,24,0.33,8,Fog-Rain,315
1974-9-10,82,76,71,71,70,68,96,86,60,29.97,29.89,29.83,15,9,2,14,7,,0.02,7,Fog-Rain,194
1974-9-11,87,80,73,78,72,70,96,84,59,29.94,29.90,29.85,15,12,4,24,10,30,0.02,6,Fog-Rain,176
1974-9-12,79,76,73,74,73,72,97,92,79,29.95,29.89,29.84,10,8,3,12,7,,0.41,8,Fog-Rain,140
1974-9-13,73,68,63,72,64,59,97,90,81,30.13,30.01,29.91,15,11,4,23,10,23,0.04,8,Fog-Rain,11
1974-9-14,68,66,63,66,63,61,97,94,87,30.18,30.14,30.10,10,8,3,13,10,,0.07,8,Fog-Rain,3
1974-9-15,77,72,66,72,69,65,97,92,79,30.17,30.12,30.05,10,6,2,9,6,,0.00,8,Fog-Rain,61
1974-9-16,86,80,73,74,72,70,100,84,61,30.11,30.03,29.92,15,7,2,12,7,,0.02,7,Fog,161
1974-9-17,87,80,73,74,72,69,100,83,55,30.05,29.99,29.94,15,8,1,12,6,,0.00,7,Fog-Rain,137
1974-9-18,84,78,72,73,71,68,100,81,57,30.07,30.01,29.96,10,6,0,9,6,,0.00,5,Fog,94
1974-9-19,87,80,73,73,71,68,100,79,53,30.09,30.03,29.96,10,5,0,9,6,,0.00,6,Fog,152
1974-9-20,87,80,72,73,70,66,97,77,51,30.08,30.02,29.96,15,7,0,9,5,,0.00,4,Fog,174
1974-9-21,77,74,70,72,69,66,96,87,82,30.11,30.05,30.00,15,11,4,17,9,23,0.15,8,Fog-Rain-Thunderstorm,43
1974-9-22,75,70,64,66,57,54,90,67,50,30.17,30.12,30.09,15,13,10,20,15,28,0.00,8,,44
1974-9-23,71,65,59,55,51,48,72,63,51,30.18,30.13,30.07,15,12,10,16,11,,0.00,8,,53
1974-9-24,71,65,59,64,55,50,87,74,65,30.13,30.04,29.96,15,11,6,15,9,,0.00,8,Rain,46
1974-9-25,62,60,57,59,56,55,97,87,78,30.08,30.03,29.99,15,9,4,16,13,,0.48,8,Fog-Rain,353
1974-9-26,79,69,59,61,58,56,90,76,52,29.99,29.87,29.73,15,15,15,10,7,,0.00,5,,327
1974-9-27,84,70,57,71,64,58,100,78,51,29.76,29.72,29.65,15,14,8,16,8,22,0.00,2,,182
1974-9-28,81,74,64,73,62,45,94,68,39,30.11,29.89,29.74,15,11,7,22,12,28,0.00,5,,277
1974-9-29,79,66,53,47,43,39,74,47,25,30.25,30.19,30.12,15,15,15,14,9,,0.00,0,,7
1974-9-30,79,66,52,49,44,42,74,49,28,30.28,30.21,30.16,15,15,15,12,8,,0.00,0,,35
1974-10-1,81,66,52,54,49,46,93,58,32,30.26,30.20,30.15,15,15,15,9,6,,0.20,0,,301
1974-10-2,82,68,53,56,52,47,96,59,28,30.30,30.25,30.20,15,11,8,9,5,,0.00,0,,169
1974-10-3,81,70,59,63,58,56,90,69,43,30.37,30.28,30.22,10,9,4,13,5,,0.00,1,Fog,167
1974-10-4,82,70,59,63,60,58,97,73,47,30.25,30.18,30.09,15,11,7,16,8,25,0.00,4,,163
1974-10-5,84,72,59,63,60,58,96,72,47,30.19,30.14,30.08,15,12,5,18,7,,0.00,4,Fog,163
1974-10-6,80,72,63,66,63,60,93,75,54,30.23,30.18,30.14,15,13,5,8,5,,0.00,5,Fog,104
1974-10-7,82,72,63,65,60,55,93,68,41,30.29,30.22,30.16,15,12,6,12,5,,0.00,3,,41
1974-10-8,82,71,60,62,58,56,93,67,41,30.22,30.15,30.06,15,10,5,7,5,,0.00,0,,194
1974-10-9,86,74,61,60,58,57,87,61,38,30.12,30.07,30.02,15,11,5,10,5,,0.00,2,,221
1974-10-10,86,74,61,63,59,57,90,64,37,30.14,30.08,30.05,15,12,5,12,3,,0.00,1,,163
1974-10-11,81,72,64,68,64,62,100,78,54,30.19,30.13,30.07,15,8,0,12,4,,0.00,5,Fog,162
1974-10-12,82,72,62,65,62,60,93,73,49,30.23,30.17,30.13,15,9,3,12,6,,0.00,3,Fog,136
1974-10-13,82,76,69,70,65,62,96,75,49,30.19,30.10,29.97,15,9,2,14,7,,0.20,6,Fog-Rain,138
1974-10-14,82,71,55,70,64,53,97,81,54,30.17,30.00,29.91,15,8,0,29,8,39,0.27,7,Fog-Rain,127
1974-10-15,68,60,51,53,44,38,90,62,34,30.34,30.26,30.20,15,14,8,21,16,31,0.09,2,Rain,356
1974-10-16,73,59,45,48,42,38,90,58,29,30.28,30.21,30.13,15,15,15,9,6,,0.13,0,,293
1974-10-17,80,64,48,52,48,45,90,60,29,30.23,30.16,30.10,15,15,15,6,2,,0.00,0,,257
1974-10-18,82,67,52,56,51,47,93,58,28,30.18,30.13,30.07,15,15,15,7,3,,0.17,1,,308
1974-10-19,82,70,57,56,55,53,90,63,41,30.18,30.12,30.09,15,14,10,13,7,,0.00,5,,6
1974-10-20,79,67,55,57,53,50,87,64,36,30.23,30.18,30.13,15,15,10,10,8,,0.39,5,,56
1974-10-21,77,70,62,61,59,55,90,71,52,30.34,30.27,30.22,15,8,4,15,9,,0.80,7,Fog,104
1974-10-22,78,66,55,61,58,51,90,72,56,30.42,30.36,30.33,15,12,10,12,7,,0.80,6,,107
1974-10-23,75,70,66,68,65,60,93,88,73,30.39,30.33,30.25,15,6,2,12,8,,0.81,8,Fog-Rain,121
1974-10-24,70,66,63,64,62,61,97,89,76,30.27,30.22,30.16,15,8,5,8,5,,0.16,8,Rain,94
1974-10-25,72,67,61,61,59,55,96,82,55,30.29,30.23,30.19,10,5,2,8,4,,0.00,6,Fog-Rain,69
1974-10-26,75,65,55,59,57,54,97,78,54,30.29,30.24,30.17,10,7,3,12,5,,0.00,1,Fog,41
1974-10-27,75,66,57,65,59,54,90,77,55,30.18,30.04,29.90,10,7,5,14,4,,0.00,5,Fog,111
1974-10-28,79,72,66,70,66,64,97,85,62,29.89,29.77,29.64,15,10,2,17,9,24,0.19,7,Fog-Rain-Thunderstorm,201
1974-10-29,84,73,62,71,68,61,100,85,61,29.95,29.86,29.77,15,10,0,15,7,,0.00,5,Fog,177
1974-10-30,80,76,73,73,72,71,93,88,74,30.04,29.96,29.91,15,9,4,16,12,29,0.60,8,Rain-Thunderstorm,165
1974-10-31,73,68,61,72,64,60,100,84,62,30.05,29.96,29.87,15,10,0,17,11,26,0.97,6,Fog-Rain-Thunderstorm,151
1974-11-1,78,69,60,70,66,60,100,93,76,30.07,30.02,29.96,10,4,0,12,4,,0.01,7,Fog,130
1974-11-2,79,74,70,70,68,65,97,83,64,30.07,30.01,29.94,10,10,7,17,10,26,0.94,7,,170
1974-11-3,80,75,70,70,68,65,93,82,62,30.00,29.92,29.85,15,10,8,18,12,25,1.04,7,Rain,180
1974-11-4,71,62,50,68,54,45,100,82,62,30.11,30.01,29.88,15,10,3,21,12,28,0.55,7,Fog-Rain,350
1974-11-5,60,53,46,49,45,42,90,75,51,30.15,30.10,30.04,15,15,15,9,6,,1.04,6,Rain,354
1974-11-6,66,58,50,51,47,46,93,72,48,30.25,30.19,30.12,15,14,8,15,8,,0.04,7,Rain,37
1974-11-7,54,51,48,51,49,47,97,93,86,30.32,30.28,30.25,15,6,3,14,10,16,1.04,8,Fog-Rain,48
1974-11-8,53,50,48,50,48,46,96,91,86,30.26,30.21,30.16,15,11,3,12,7,,0.02,8,Fog-Rain,54
1974-11-9,55,53,51,56,53,50,100,98,96,30.18,30.07,29.98,10,3,0,6,4,,0.09,8,Fog-Rain,91
1974-11-10,72,64,57,62,58,53,100,88,61,30.06,29.91,29.85,15,8,0,15,6,,0.41,6,Fog-Rain,311
1974-11-11,68,59,50,53,46,41,89,65,37,30.33,30.19,30.06,15,15,15,16,9,23,0.00,0,,354
1974-11-12,64,55,46,42,36,31,71,51,30,30.43,30.32,30.20,15,15,15,16,10,,0.00,0,,1
1974-11-13,73,58,42,48,41,36,89,60,33,30.19,30.00,29.85,15,15,15,20,8,33,0.00,0,,203
1974-11-14,57,50,43,46,34,30,72,55,40,30.32,30.22,29.98,15,15,15,18,14,29,0.00,0,,23
1974-11-15,55,46,37,45,35,29,73,61,43,30.31,30.23,30.12,15,15,15,10,8,,0.00,4,,108
1974-11-16,62,57,52,55,51,46,93,83,77,30.12,30.06,30.00,15,9,6,14,7,,0.01,8,Rain,52
1974-11-17,64,58,51,54,52,50,100,86,67,30.18,30.11,30.06,10,6,0,13,9,,0.01,7,Fog,31
1974-11-18,61,56,51,58,54,51,100,93,86,30.13,30.04,29.94,10,5,0,7,5,,0.00,8,Fog,106
1974-11-19,77,69,61,68,65,59,100,92,71,29.99,29.90,29.83,10,6,0,14,6,,0.00,5,Fog,209
1974-11-20,70,59,48,64,38,29,97,47,22,30.34,30.23,30.04,15,15,10,18,14,24,0.00,1,,22
1974-11-21,73,58,42,42,39,36,92,57,30,30.26,30.15,30.04,15,15,15,13,6,,0.00,0,,227
1974-11-22,77,62,48,63,56,44,97,77,56,30.05,29.98,29.91,15,14,7,18,8,28,0.00,3,,177
1974-11-23,75,70,64,68,65,63,96,87,71,30.01,29.95,29.89,15,9,1,15,10,22,4.10,8,Rain-Thunderstorm,187
1974-11-24,64,55,46,64,42,29,100,66,50,30.44,30.20,29.96,15,12,2,24,16,34,0.47,5,Rain-Thunderstorm,359
1974-11-25,57,48,39,35,30,26,74,51,38,30.52,30.41,30.32,15,15,15,16,12,25,0.00,0,,18
1974-11-26,62,50,37,36,34,30,86,59,34,30.31,30.21,30.12,15,15,15,16,6,,0.00,0,,224
1974-11-27,63,52,41,43,39,34,89,63,44,30.30,30.21,30.15,15,15,15,16,8,,0.00,0,,357
1974-11-28,68,52,37,54,46,36,93,77,56,30.14,30.02,29.92,15,15,15,15,5,21,0.00,5,,166
1974-11-29,59,47,34,55,39,24,93,80,62,30.32,30.14,29.98,15,14,5,24,13,34,0.09,7,Rain,4
1974-11-30,45,36,28,24,20,16,70,54,37,30.44,30.35,30.29,15,15,15,20,15,24,0.00,0,,348
1974-12-1,48,39,30,25,20,17,65,49,32,30.41,30.34,30.26,15,15,15,18,11,,0.00,2,,338
1974-12-2,52,44,35,31,25,21,68,52,36,30.34,30.27,30.20,15,15,15,10,8,,0.00,6,,20
1974-12-3,57,44,32,35,30,27,96,61,31,30.37,30.30,30.26,15,13,10,9,5,,0.00,0,,14
1974-12-4,55,45,35,39,33,29,82,62,45,30.32,30.26,30.18,15,12,7,8,4,,0.00,6,,142
1974-12-5,63,56,50,62,53,40,100,93,63,30.18,29.99,29.84,15,4,0,12,6,,0.05,7,Fog-Rain,157
1974-12-6,73,62,51,55,45,37,100,64,28,29.91,29.83,29.73,15,12,0,18,9,24,0.00,0,Fog,307
1974-12-7,66,57,48,39,38,37,71,56,37,30.14,29.98,29.90,15,15,15,18,15,24,0.00,0,,333
1974-12-8,54,46,39,39,34,22,86,65,44,30.42,30.28,30.14,15,15,15,17,12,24,0.00,2,,7
1974-12-9,44,37,30,25,20,16,61,48,38,30.44,30.36,30.27,15,15,15,14,8,,0.00,7,,43
1974-12-10,43,41,39,41,35,25,96,80,51,30.26,30.07,29.95,15,9,0,17,7,24,0.87,7,Fog-Rain-Thunderstorm,13
1974-12-11,61,48,34,42,38,33,100,74,44,30.00,29.96,29.91,15,12,0,17,5,,0.00,3,Fog,278
1974-12-12,70,53,36,50,43,34,93,74,41,30.05,29.98,29.89,15,13,4,13,4,,0.00,1,,194
1974-12-13,68,58,48,55,43,35,96,64,30,30.18,30.08,30.04,15,15,10,13,7,,0.01,2,,309
1974-12-14,62,56,50,59,51,32,100,83,43,30.06,29.97,29.88,15,6,0,14,5,,0.15,8,Fog-Rain,237
1974-12-15,61,49,37,34,31,29,79,50,30,30.01,29.94,29.85,15,15,15,12,7,,0.00,3,,245
1974-12-16,55,46,37,33,29,27,70,55,35,30.25,30.12,29.96,15,15,15,17,12,23,0.00,3,,335
1974-12-17,64,50,35,29,28,26,76,51,26,30.24,30.11,30.00,15,15,15,17,9,,0.00,0,,235
1974-12-18,68,54,39,51,38,30,93,60,28,30.01,29.94,29.89,15,14,7,16,9,22,0.00,4,,257
1974-12-19,60,50,39,38,37,34,83,63,44,30.02,29.96,29.86,15,15,15,16,7,,0.00,3,,223
1974-12-20,62,50,39,38,31,26,82,52,26,30.12,30.05,29.94,15,15,15,14,9,,0.00,0,,2
1974-12-21,73,54,36,39,34,29,79,52,20,30.14,30.07,30.01,15,15,15,13,6,,0.00,1,,238
1974-12-22,75,60,46,62,54,38,100,82,55,29.99,29.90,29.78,15,8,0,20,10,33,0.00,6,Fog,181
1974-12-23,75,70,66,66,64,61,97,83,69,29.90,29.84,29.76,15,13,10,15,11,22,0.00,8,,179
1974-12-24,69,56,43,68,56,37,97,91,80,30.23,30.00,29.86,15,8,3,26,10,28,0.16,8,Fog-Rain,324
1974-12-25,42,38,35,34,31,29,89,78,67,30.40,30.27,30.22,15,13,4,20,17,30,0.21,8,Rain,9
1974-12-26,41,37,35,39,35,30,96,92,76,30.25,30.19,30.13,10,7,2,15,11,,0.10,8,Fog-Rain,11
1974-12-27,50,46,41,45,41,38,93,88,77,30.32,30.22,30.17,15,9,7,10,6,,0.05,8,Rain,352
1974-12-28,52,49,46,52,48,44,100,95,86,30.20,30.11,30.03,10,4,0,7,3,,0.03,8,Fog-Rain,69
1974-12-29,61,56,52,58,55,52,100,95,87,30.11,30.06,30.02,10,4,0,6,3,,0.00,8,Fog,181
1974-12-30,68,62,57,65,60,56,100,97,90,30.11,30.01,29.90,10,5,1,13,6,,0.21,8,Fog-Rain,63
1974-12-31,68,58,48,65,51,42,97,86,74,30.30,30.11,29.93,15,11,4,21,13,28,0.17,8,Fog-Rain,16
