
CST,Max TemperatureF,Mean TemperatureF,Min TemperatureF,Max Dew PointF,MeanDew PointF,Min DewpointF,Max Humidity, Mean Humidity, Min Humidity, Max Sea Level PressureIn, Mean Sea Level PressureIn, Min Sea Level PressureIn, Max VisibilityMiles, Mean VisibilityMiles, Min VisibilityMiles, Max Wind SpeedMPH, Mean Wind SpeedMPH, Max Gust SpeedMPH,PrecipitationIn, CloudCover, Events, WindDirDegrees
2010-1-1,55,45,35,34,27,21,82,55,28,30.53,30.44,30.38,10,10,10,14,4,22,0.00,1,,333
2010-1-2,55,42,29,36,30,27,92,64,35,30.41,30.31,30.22,10,10,10,9,2,14,0.00,0,,127
2010-1-3,49,45,41,43,38,32,92,79,65,30.40,30.27,30.19,10,9,6,9,2,16,T,8,,25
2010-1-4,48,40,32,32,27,22,76,59,42,30.56,30.47,30.39,10,10,9,15,6,23,0.00,3,,354
2010-1-5,49,38,27,30,27,24,92,69,45,30.54,30.44,30.34,10,10,8,9,2,12,0.00,0,,143
2010-1-6,51,44,36,50,41,29,100,85,70,30.32,30.14,30.03,10,7,0,9,4,17,0.00,8,Fog,172
2010-1-7,53,41,28,50,27,6,100,66,32,30.56,30.31,30.06,10,9,1,21,11,35,0.00,6,,347
2010-1-8,35,28,21,9,4,3,42,35,28,30.69,30.61,30.56,10,10,10,15,6,24,0.00,1,,352
2010-1-9,42,30,17,15,10,7,80,52,24,30.63,30.59,30.51,10,10,10,7,1,10,0.00,0,,59
2010-1-10,48,34,20,19,15,12,84,55,26,30.72,30.63,30.57,10,10,10,8,1,14,0.00,0,,140
2010-1-11,57,42,27,38,30,19,85,66,47,30.57,30.49,30.40,10,10,10,8,1,13,0.00,0,,164
2010-1-12,66,53,39,42,39,36,85,61,37,30.53,30.44,30.38,10,10,10,9,2,14,0.00,2,,314
2010-1-13,59,51,43,48,44,39,83,70,57,30.38,30.27,30.16,10,10,8,9,3,15,0.01,7,Rain,163
2010-1-14,58,54,50,57,52,46,100,92,83,30.14,30.07,30.00,9,4,1,12,4,18,0.42,8,Rain,119
2010-1-15,55,50,45,54,49,41,100,90,80,30.11,30.07,30.03,10,4,2,16,8,28,1.73,8,Rain-Thunderstorm,29
2010-1-16,62,53,44,45,42,41,93,70,46,30.08,30.02,29.95,10,9,5,15,8,25,0.13,5,Rain,337
2010-1-17,65,52,39,46,43,39,100,72,44,30.10,30.03,29.98,10,10,6,9,2,14,0.00,0,,255
2010-1-18,69,57,45,57,52,43,93,77,61,30.08,30.00,29.93,10,10,7,12,3,22,0.00,4,,185
2010-1-19,73,67,60,63,60,57,93,80,66,29.97,29.86,29.74,10,9,2,13,6,20,0.00,7,,183
2010-1-20,73,65,56,63,62,55,100,84,68,29.84,29.68,29.53,10,6,2,13,4,22,T,6,,172
2010-1-21,76,61,46,53,41,27,100,58,16,29.82,29.72,29.62,10,8,2,10,1,17,0.00,0,,292
2010-1-22,75,61,47,60,51,37,87,70,53,29.83,29.71,29.58,10,10,7,18,7,31,0.00,2,,166
2010-1-23,72,62,52,61,49,32,87,62,37,29.66,29.60,29.55,10,9,7,22,6,36,0.00,5,,315
2010-1-24,65,54,42,36,29,25,65,44,22,29.95,29.76,29.66,10,10,10,18,7,31,0.00,0,,293
2010-1-25,67,51,35,36,30,22,92,56,19,30.12,30.02,29.94,10,10,10,10,2,16,0.00,0,,348
2010-1-26,69,53,36,40,33,26,89,58,26,30.28,30.18,30.12,10,10,10,12,3,18,0.00,0,,145
2010-1-27,69,61,53,56,52,41,83,71,59,30.20,30.13,30.08,10,10,10,14,6,22,0.00,8,,134
2010-1-28,67,64,60,63,60,56,90,84,78,30.12,29.97,29.85,10,9,5,18,9,28,0.04,8,Rain,133
2010-1-29,64,48,32,63,41,24,93,76,59,30.16,30.01,29.86,10,7,2,18,10,35,0.96,7,Rain-Thunderstorm,326
2010-1-30,46,38,30,30,25,22,78,66,53,30.29,30.22,30.13,10,10,10,14,7,22,0.00,2,,346
2010-1-31,36,33,30,30,29,27,92,85,78,30.34,30.27,30.20,10,7,5,8,3,15,0.00,8,,68
2010-2-1,46,40,34,43,37,30,92,87,82,30.21,30.12,30.04,9,5,2,6,1,9,T,8,Rain,127
2010-2-2,52,48,44,46,44,43,100,87,74,30.22,30.14,30.08,10,5,2,9,3,17,T,8,,29
2010-2-3,50,48,46,46,45,43,100,87,74,30.13,30.00,29.90,8,4,2,13,6,21,0.86,8,Rain,73
2010-2-4,47,46,45,46,45,44,100,97,93,29.93,29.88,29.81,10,4,1,10,5,15,0.65,8,Rain,14
2010-2-5,60,52,43,46,45,42,100,81,62,30.04,29.95,29.89,10,10,10,10,3,17,0.00,5,,321
2010-2-6,61,50,39,42,39,36,96,70,44,30.17,30.09,30.04,10,10,10,10,4,15,0.00,0,,2
2010-2-7,51,46,40,48,39,35,93,85,76,30.11,30.02,29.89,10,8,5,9,4,14,T,8,,106
2010-2-8,66,55,44,61,51,36,96,83,70,30.07,29.83,29.74,10,5,1,23,8,36,0.33,8,Rain-Thunderstorm,87
2010-2-9,49,42,35,35,25,17,76,54,31,30.38,30.27,30.09,10,10,10,20,7,29,0.00,3,,356
2010-2-10,41,37,33,32,27,21,82,66,50,30.39,30.30,30.18,10,10,8,9,3,12,0.02,5,Rain,101
2010-2-11,40,38,36,39,36,32,100,88,76,30.18,30.00,29.88,10,6,2,10,5,15,0.52,8,Rain,21
2010-2-12,48,41,33,36,33,30,96,81,65,30.19,30.12,30.05,10,10,6,12,4,18,0.00,5,,345
2010-2-13,58,44,30,41,35,28,100,76,51,30.18,30.11,29.99,10,5,0,12,4,18,0.00,4,Fog,196
2010-2-14,69,53,37,50,38,24,96,71,45,30.29,30.07,29.94,10,9,4,23,6,37,0.00,4,,349
2010-2-15,55,44,32,22,16,8,63,40,16,30.37,30.30,30.23,10,10,10,18,8,29,0.00,0,,339
2010-2-16,59,45,30,25,20,13,78,48,17,30.37,30.29,30.22,10,10,10,14,5,20,0.00,0,,325
2010-2-17,63,47,30,28,23,16,85,51,17,30.35,30.28,30.20,10,10,10,9,2,14,0.00,0,,328
2010-2-18,64,49,33,38,29,26,75,50,25,30.26,30.18,30.11,10,10,10,14,5,21,0.00,1,,155
2010-2-19,59,54,48,53,49,38,100,80,59,30.11,30.07,30.02,10,7,1,9,4,15,0.00,8,,156
2010-2-20,67,61,54,57,54,52,100,82,63,30.07,29.99,29.89,10,8,1,14,5,21,0.04,8,Rain,149
2010-2-21,76,62,48,61,52,33,100,61,21,29.89,29.82,29.75,10,6,1,14,5,21,0.02,5,Rain,166
2010-2-22,53,47,40,38,36,32,82,66,50,30.02,29.95,29.89,10,10,9,14,7,22,0.00,5,,2
2010-2-23,40,37,33,35,32,30,96,83,70,30.26,30.11,29.95,10,6,0,15,7,24,0.56,8,Fog-Rain-Snow,349
2010-2-24,54,43,32,30,28,24,89,61,32,30.35,30.27,30.21,10,10,10,16,4,22,0.00,1,,327
2010-2-25,64,48,32,43,34,27,85,60,34,30.19,30.02,29.88,10,10,10,16,5,24,0.00,1,,161
2010-2-26,57,50,42,45,39,34,93,70,47,30.19,30.04,29.92,10,10,10,20,8,33,0.00,3,,317
2010-2-27,66,52,37,36,34,31,85,58,30,30.24,30.16,30.07,10,10,9,8,3,13,0.00,0,,304
2010-2-28,66,52,37,52,41,33,93,64,34,30.09,29.93,29.78,10,9,2,18,6,30,0.08,3,Rain,135
2010-3-1,61,53,44,52,46,36,100,80,60,30.17,29.86,29.75,10,6,0,18,8,30,0.55,6,Fog-Rain,326
2010-3-2,61,49,37,36,32,28,82,57,32,30.26,30.17,30.11,10,10,10,16,5,23,0.00,1,,332
2010-3-3,68,52,36,40,37,34,92,63,34,30.19,30.12,30.05,10,10,10,10,3,16,0.00,0,,132
2010-3-4,71,57,43,48,44,40,89,65,40,30.19,30.12,30.06,10,10,8,15,5,24,0.00,0,,167
2010-3-5,64,56,48,49,46,42,93,71,48,30.19,30.13,30.08,10,9,7,15,7,29,0.00,6,,151
2010-3-6,66,59,51,52,49,46,83,73,63,30.25,30.19,30.14,10,10,10,13,5,20,0.00,7,,139
2010-3-7,62,58,54,58,53,48,93,83,72,30.16,30.10,30.02,10,9,2,14,7,22,0.02,8,Rain,130
2010-3-8,66,62,58,64,61,57,100,97,93,30.02,29.87,29.72,10,5,1,15,8,24,0.08,8,Rain,156
2010-3-9,80,66,52,63,52,37,100,62,23,29.85,29.77,29.64,10,7,0,15,3,22,0.12,4,Fog-Rain-Thunderstorm,238
2010-3-10,80,66,51,61,51,25,100,57,13,29.63,29.59,29.51,10,6,2,15,4,26,0.08,4,Rain-Thunderstorm,213
2010-3-11,75,61,46,41,35,29,77,48,19,29.85,29.71,29.59,10,10,10,20,4,36,0.00,1,,316
2010-3-12,72,59,46,37,34,28,71,47,22,29.99,29.90,29.84,10,10,10,16,5,25,0.00,0,,307
2010-3-13,75,60,45,38,34,26,65,41,17,29.97,29.87,29.78,10,10,10,14,4,18,0.00,0,,306
2010-3-14,81,63,45,52,44,38,71,49,26,29.94,29.86,29.80,10,10,10,13,4,21,0.00,0,,164
2010-3-15,71,62,53,56,50,46,87,67,47,30.23,30.06,29.94,10,10,7,15,6,22,0.18,6,Rain,31
2010-3-16,57,54,50,52,51,48,96,90,83,30.30,30.26,30.19,10,7,1,10,5,17,0.81,8,Rain,340
2010-3-17,72,60,47,49,43,38,93,61,29,30.27,30.18,30.08,10,10,10,12,5,17,0.00,1,,303
2010-3-18,69,58,47,44,41,36,82,61,39,30.21,30.11,30.01,10,10,10,8,3,14,0.00,0,,59
2010-3-19,75,63,51,56,51,43,93,68,43,30.01,29.92,29.81,10,10,5,17,7,26,0.00,6,,169
2010-3-20,62,50,38,58,43,26,93,74,55,30.25,30.00,29.80,10,8,1,22,11,36,1.05,8,Rain-Thunderstorm,314
2010-3-21,61,49,37,27,23,19,64,42,20,30.23,30.13,30.05,10,10,10,22,9,35,0.00,0,,310
2010-3-22,73,56,39,36,30,24,64,41,17,30.17,30.07,29.96,10,10,10,9,4,17,0.00,0,,254
2010-3-23,77,61,45,57,48,36,78,60,41,29.98,29.92,29.83,10,10,10,17,7,26,0.00,2,,167
2010-3-24,65,61,56,63,59,54,97,91,84,29.92,29.86,29.77,10,7,1,18,5,37,0.43,8,Rain-Thunderstorm,161
2010-3-25,69,58,47,54,44,36,93,64,35,30.09,30.01,29.94,10,10,10,17,7,29,0.00,0,Thunderstorm,323
2010-3-26,73,58,42,49,44,40,93,65,37,30.11,29.98,29.81,10,10,10,18,5,29,0.00,0,,158
2010-3-27,82,66,50,57,43,22,96,54,12,30.01,29.84,29.77,10,10,5,16,6,28,0.00,1,,270
2010-3-28,72,60,48,40,34,27,63,42,20,30.19,30.10,30.02,10,10,10,18,6,36,0.00,0,,330
2010-3-29,76,61,46,43,38,35,76,52,27,30.17,30.07,29.96,10,10,10,12,4,17,0.00,0,,206
2010-3-30,80,67,53,46,42,38,64,46,28,30.02,29.95,29.87,10,10,10,17,6,31,0.00,0,,186
2010-3-31,83,70,56,61,57,46,93,70,46,29.96,29.91,29.86,10,10,10,18,9,28,0.00,3,,176
2010-4-1,79,71,62,63,60,57,84,69,54,29.95,29.85,29.74,10,10,10,18,11,35,0.00,7,,169
2010-4-2,81,70,59,65,61,46,87,60,32,29.90,29.76,29.68,10,9,7,16,6,26,0.00,6,,168
2010-4-3,84,67,49,60,46,31,89,53,17,30.00,29.93,29.87,10,10,10,12,4,23,0.00,0,,151
2010-4-4,82,75,67,70,66,62,100,81,62,30.00,29.94,29.88,10,7,2,16,7,25,0.01,7,,162
2010-4-5,84,76,68,67,65,61,90,73,55,30.05,29.98,29.90,10,10,7,17,9,29,0.00,7,,164
2010-4-6,81,74,67,65,63,60,87,73,58,29.94,29.82,29.72,10,10,8,16,9,37,T,7,,170
2010-4-7,77,68,58,66,56,26,93,56,19,30.07,29.84,29.72,10,8,2,18,5,29,T,7,Rain,284
2010-4-8,72,60,47,37,32,28,59,40,20,30.19,30.11,30.04,10,10,10,14,5,23,0.00,0,,353
2010-4-9,75,58,41,50,39,34,86,56,25,30.18,30.12,30.06,10,10,10,12,5,28,0.00,0,,161
2010-4-10,80,67,54,59,55,50,93,72,50,30.17,30.12,30.06,10,10,10,16,6,25,0.00,6,,153
2010-4-11,69,65,60,64,61,57,100,89,78,30.21,30.16,30.12,10,7,2,13,3,21,0.01,7,,125
2010-4-12,79,69,59,63,55,42,97,63,29,30.17,30.12,30.04,10,9,1,15,5,22,0.00,2,,129
2010-4-13,80,69,58,60,57,52,90,71,51,30.12,30.08,30.01,10,10,7,16,6,24,0.00,5,,121
2010-4-14,77,70,62,63,61,58,93,79,64,30.19,30.13,30.08,10,10,9,16,7,24,0.00,6,,124
2010-4-15,75,71,66,68,64,62,93,79,64,30.16,30.11,30.07,10,8,2,16,8,24,0.57,8,Rain,118
2010-4-16,73,69,64,65,64,63,100,87,73,30.16,30.08,30.02,10,8,2,14,6,21,0.12,8,Rain,128
2010-4-17,77,69,60,67,64,57,100,84,68,30.02,29.95,29.86,10,6,0,14,5,20,1.21,7,Fog-Rain-Thunderstorm,181
2010-4-18,70,64,58,57,55,54,90,79,68,30.02,29.97,29.94,10,10,10,14,6,22,0.00,7,,314
2010-4-19,63,60,56,55,52,50,87,77,67,30.12,30.05,30.01,10,10,10,10,4,17,0.00,8,,352
2010-4-20,77,67,56,55,53,51,86,66,46,30.06,29.99,29.91,10,10,10,9,3,13,0.00,2,,49
2010-4-21,82,68,54,60,58,53,100,74,48,29.93,29.86,29.78,10,10,6,13,5,22,0.00,1,,162
2010-4-22,73,69,64,68,65,59,97,88,79,29.82,29.71,29.62,10,9,3,14,8,26,0.02,8,Rain,156
2010-4-23,88,75,62,70,67,64,97,73,48,29.66,29.59,29.49,10,9,7,25,5,38,T,6,,165
2010-4-24,82,69,55,59,49,41,86,55,23,29.75,29.67,29.57,10,9,2,21,5,35,0.19,2,Rain-Thunderstorm,309
2010-4-25,84,71,57,49,45,36,64,42,20,29.88,29.81,29.73,10,10,10,14,5,24,0.00,0,,309
2010-4-26,88,71,53,59,51,45,77,54,31,29.94,29.81,29.69,10,10,10,18,6,30,0.00,0,,205
2010-4-27,78,67,56,47,43,39,62,44,26,30.10,30.00,29.93,10,10,10,10,4,16,0.00,3,,17
2010-4-28,81,65,49,57,50,45,86,60,33,30.02,29.94,29.84,10,10,10,14,5,23,0.00,0,,170
2010-4-29,85,74,62,65,62,58,90,71,51,29.85,29.71,29.54,10,10,10,22,9,36,0.00,6,,173
2010-4-30,88,81,73,71,67,61,79,65,50,29.59,29.50,29.41,10,10,9,15,6,29,T,6,,159
2010-5-1,83,74,65,65,56,46,87,64,41,29.65,29.55,29.47,10,10,10,15,5,24,0.02,6,Rain,343
2010-5-2,87,74,60,55,43,29,73,43,12,29.82,29.72,29.66,10,10,10,14,2,21,T,2,Rain,308
2010-5-3,91,73,54,54,45,41,72,46,19,30.03,29.91,29.81,10,10,10,13,4,22,0.00,1,,257
2010-5-4,92,73,54,53,49,44,77,49,20,30.06,29.95,29.83,10,10,10,12,4,21,0.00,0,,182
2010-5-5,95,77,59,59,52,49,72,48,24,29.88,29.84,29.80,10,10,10,14,4,21,0.00,0,,179
2010-5-6,92,78,64,67,63,60,93,64,34,29.89,29.83,29.75,10,10,10,15,7,25,0.00,2,,170
2010-5-7,96,84,71,68,66,58,84,63,41,30.05,29.85,29.76,10,10,10,14,7,30,0.00,5,,177
2010-5-8,76,71,65,58,49,43,57,48,38,30.23,30.14,30.05,10,10,10,15,6,28,T,8,,37
2010-5-9,77,72,66,69,59,49,87,67,47,30.15,30.07,29.98,10,10,10,16,5,25,0.01,8,Rain,124
2010-5-10,87,80,73,70,68,67,87,74,61,29.97,29.88,29.77,10,10,10,15,9,29,0.00,7,,171
2010-5-11,91,82,73,70,68,66,87,67,47,29.91,29.82,29.75,10,10,10,18,8,30,0.00,6,,160
2010-5-12,91,82,73,71,68,66,87,67,47,29.87,29.81,29.73,10,10,10,22,10,35,0.00,5,,164
2010-5-13,89,82,74,72,68,65,82,66,50,30.02,29.92,29.80,10,10,10,16,8,29,0.00,5,,152
2010-5-14,77,71,65,71,67,63,100,90,79,30.11,30.03,29.93,10,10,2,13,5,21,0.22,6,Rain-Thunderstorm,114
2010-5-15,84,74,63,65,64,62,100,76,51,30.07,30.01,29.92,10,9,5,20,4,31,1.23,4,Rain-Thunderstorm,36
2010-5-16,87,76,65,69,66,64,100,78,55,30.02,29.97,29.88,10,10,10,7,0,9,T,2,,115
2010-5-17,92,80,67,69,67,65,93,69,44,30.11,29.99,29.89,10,10,8,16,3,29,0.37,2,Rain-Thunderstorm,63
2010-5-18,88,77,66,70,66,64,93,72,50,29.98,29.91,29.82,10,10,10,12,4,22,0.00,0,Thunderstorm,162
2010-5-19,90,80,69,70,68,66,97,75,52,29.85,29.79,29.69,10,10,10,12,6,23,0.00,5,,185
2010-5-20,87,81,74,73,72,70,93,79,65,29.87,29.79,29.73,10,10,8,13,5,20,0.01,7,Rain,184
2010-5-21,91,83,75,72,70,66,87,68,49,29.97,29.89,29.83,10,10,10,15,7,22,0.00,6,,163
2010-5-22,91,84,76,72,70,68,87,70,52,29.94,29.87,29.78,10,10,10,12,8,25,0.00,6,,165
2010-5-23,90,83,75,72,71,69,79,66,52,29.94,29.89,29.85,10,10,10,15,10,27,0.00,7,,154
2010-5-24,88,81,73,70,68,64,87,68,48,29.95,29.88,29.82,10,10,10,14,8,23,0.00,6,,138
2010-5-25,84,79,73,73,69,65,87,73,58,29.96,29.90,29.82,10,10,10,14,6,22,T,4,Rain,145
2010-5-26,90,81,72,70,67,63,93,68,43,30.05,29.97,29.89,10,10,10,9,3,16,0.00,4,,162
2010-5-27,94,81,67,69,65,59,93,63,33,30.01,29.95,29.89,10,10,8,8,1,12,0.00,1,Thunderstorm,339
2010-5-28,96,83,69,68,65,60,90,61,31,29.94,29.88,29.80,10,10,10,7,1,13,0.00,1,,337
2010-5-29,96,84,71,72,67,62,79,58,36,29.82,29.77,29.70,10,10,8,8,2,16,0.02,2,Thunderstorm,289
2010-5-30,95,84,73,70,66,61,79,58,36,29.89,29.80,29.76,10,10,10,10,3,17,0.00,1,,200
2010-5-31,94,82,69,70,67,63,93,65,36,29.95,29.90,29.86,10,10,7,10,3,17,0.00,0,,192
2010-6-1,94,82,70,69,66,62,90,63,36,29.96,29.88,29.78,10,10,6,14,4,20,0.00,0,,171
2010-6-2,97,82,67,72,68,61,90,66,41,29.86,29.77,29.66,10,8,0,16,4,31,1.00,4,Fog-Rain-Thunderstorm,216
2010-6-3,74,71,67,71,68,65,100,94,87,29.81,29.75,29.67,10,10,4,6,2,10,0.10,4,Rain,335
2010-6-4,95,82,68,70,67,65,97,68,39,29.82,29.76,29.72,10,10,10,9,2,15,0.00,0,,193
2010-6-5,93,82,71,75,71,66,87,70,52,29.87,29.78,29.73,10,10,8,13,5,22,0.00,1,,183
2010-6-6,94,87,79,76,74,71,91,70,49,29.93,29.86,29.79,10,7,3,10,5,18,0.00,6,,142
2010-6-7,94,87,79,76,74,70,91,70,49,29.99,29.94,29.86,10,9,5,10,5,18,0.00,2,Rain,151
2010-6-8,90,83,75,75,72,66,94,73,51,29.98,29.91,29.85,10,10,7,14,5,23,T,5,Rain,154
2010-6-9,86,79,71,77,72,69,100,87,74,29.98,29.91,29.82,10,6,1,12,4,20,1.44,7,Rain-Thunderstorm,140
2010-6-10,93,86,78,75,74,71,91,74,56,29.92,29.85,29.76,10,9,6,16,8,26,0.00,6,,169
2010-6-11,92,85,78,75,74,71,91,74,56,29.95,29.85,29.81,10,9,7,17,9,25,0.00,6,,151
2010-6-12,93,87,80,77,75,72,85,69,52,30.01,29.94,29.88,10,10,9,15,9,26,T,6,Rain,157
2010-6-13,94,87,79,76,74,71,85,69,52,30.02,29.96,29.87,10,10,9,14,8,25,0.00,6,,167
2010-6-14,93,86,78,75,73,71,85,69,52,29.98,29.92,29.79,10,10,10,16,8,25,0.00,5,,170
2010-6-15,95,86,76,74,72,69,94,72,49,30.02,29.95,29.89,10,10,10,10,5,18,0.00,3,,161
2010-6-16,95,86,77,74,72,69,88,69,49,30.09,30.02,29.95,10,10,9,16,6,22,0.00,3,Thunderstorm,167
2010-6-17,92,84,75,79,74,69,94,75,56,30.06,30.00,29.92,10,8,1,14,5,24,0.69,4,Rain-Thunderstorm,172
2010-6-18,94,86,78,75,73,70,91,70,49,30.04,29.97,29.90,10,10,10,14,7,21,T,4,,176
2010-6-19,95,86,76,74,72,69,94,70,46,30.08,30.00,29.95,10,10,7,12,6,21,0.00,3,,178
2010-6-20,94,86,77,74,72,67,88,67,46,30.07,30.00,29.91,10,10,10,14,6,20,0.00,4,,178
2010-6-21,95,85,75,73,71,69,88,66,43,30.04,29.96,29.91,10,10,7,12,5,18,0.00,2,,174
2010-6-22,95,85,75,73,71,68,87,67,46,30.02,29.97,29.93,10,10,10,10,4,18,0.00,1,,155
2010-6-23,96,86,75,73,72,69,88,66,43,30.08,30.00,29.94,10,10,10,12,4,20,0.00,2,,159
2010-6-24,91,84,77,75,73,69,89,74,52,30.11,30.03,29.96,10,10,10,10,3,,0.00,3,Thunderstorm,140
2010-6-25,97,87,77,74,72,67,88,65,41,30.07,30.00,29.90,10,10,10,13,5,22,0.00,4,,159
2010-6-26,98,87,75,75,72,69,94,68,42,30.01,29.91,29.78,10,10,10,14,6,21,0.00,1,,171
2010-6-27,99,87,75,73,71,66,88,63,38,29.89,29.83,29.71,10,10,10,12,6,20,0.00,3,,175
2010-6-28,99,88,77,74,72,66,85,60,35,29.89,29.82,29.72,10,10,10,14,3,20,0.00,2,Thunderstorm,120
2010-6-29,92,83,74,76,73,70,94,77,59,29.96,29.90,29.83,10,7,0,14,4,23,2.50,5,Fog-Rain-Thunderstorm,17
2010-6-30,86,81,75,76,73,71,87,76,65,29.98,29.93,29.89,10,9,2,15,5,22,0.20,6,Rain,34
2010-7-1,83,79,75,77,74,72,94,84,74,30.03,29.98,29.92,10,9,4,13,6,22,0.10,8,Rain,79
2010-7-2,87,81,74,77,75,73,100,88,75,30.03,29.96,29.91,10,7,0,9,5,16,0.76,8,Fog-Rain-Thunderstorm,109
2010-7-3,90,83,75,77,75,73,97,78,59,29.97,29.90,29.83,10,8,3,16,7,24,T,5,Rain,144
2010-7-4,92,85,78,76,73,70,91,70,49,29.93,29.87,29.80,10,10,10,14,8,23,0.00,5,,153
2010-7-5,94,85,76,74,72,68,94,72,49,29.91,29.85,29.77,10,10,10,12,5,20,0.00,4,,157
2010-7-6,95,85,75,74,71,68,94,70,46,29.89,29.84,29.78,10,10,10,9,1,14,0.00,2,,113
2010-7-7,94,85,76,74,73,70,88,70,52,29.98,29.88,29.83,10,10,10,15,3,23,0.00,2,,106
2010-7-8,84,79,74,76,74,72,94,90,85,30.04,29.98,29.92,10,7,0,18,3,28,0.93,7,Fog-Rain-Thunderstorm,109
2010-7-9,89,82,75,75,74,73,100,82,63,30.06,30.02,29.95,10,8,3,21,4,36,0.02,5,Rain-Thunderstorm,115
2010-7-10,93,85,76,75,74,73,94,75,56,30.09,30.02,29.92,10,9,4,10,3,16,0.00,4,,167
2010-7-11,92,84,76,75,73,70,94,73,52,29.95,29.89,29.79,10,10,10,12,6,22,0.00,0,,190
2010-7-12,92,85,77,76,74,72,91,74,56,29.90,29.82,29.75,10,10,10,15,7,24,0.00,3,,180
2010-7-13,93,86,79,75,74,73,85,71,56,29.93,29.85,29.82,10,10,9,14,8,24,0.00,5,,177
2010-7-14,95,87,79,75,74,72,85,67,49,30.03,29.97,29.91,10,10,9,14,7,23,0.00,5,,173
2010-7-15,96,87,78,75,73,70,91,67,43,30.10,30.01,29.94,10,10,9,10,5,18,0.00,4,,182
2010-7-16,97,87,76,74,70,63,94,65,36,30.05,29.99,29.91,10,10,7,9,2,14,0.00,1,,186
2010-7-17,98,87,75,73,70,66,87,63,38,30.02,29.97,29.91,10,10,10,9,3,14,0.00,0,,191
2010-7-18,98,88,77,74,72,66,85,60,35,30.02,29.96,29.88,10,10,10,17,3,29,0.01,1,,173
2010-7-19,97,87,76,75,73,70,88,65,42,30.02,29.96,29.89,10,10,10,16,5,23,0.00,3,,163
2010-7-20,95,86,76,75,72,68,94,70,46,30.06,29.99,29.93,10,10,9,13,4,22,0.00,3,,175
2010-7-21,96,86,76,75,73,71,94,72,49,30.06,30.01,29.96,10,10,9,14,5,20,0.00,2,,147
2010-7-22,95,87,78,77,75,72,91,72,52,30.05,29.99,29.92,10,10,2,14,4,21,0.10,4,Rain-Thunderstorm,131
2010-7-23,93,85,76,79,75,71,97,77,56,30.06,30.00,29.93,10,8,1,14,5,24,0.48,5,Rain-Thunderstorm,156
2010-7-24,95,85,75,75,73,67,94,69,44,30.09,30.04,29.95,10,9,6,13,2,17,0.00,4,,162
2010-7-25,97,86,74,74,70,64,94,68,41,30.04,30.00,29.94,10,10,10,15,1,25,T,1,Rain-Thunderstorm,177
2010-7-26,98,86,74,74,72,67,94,67,39,30.03,29.96,29.86,10,9,0,17,1,25,0.73,4,Fog-Rain-Thunderstorm,64
2010-7-27,91,82,73,74,73,71,100,76,52,30.05,29.99,29.92,10,9,5,16,3,29,0.00,5,Thunderstorm,149
2010-7-28,83,79,74,77,74,71,94,84,74,30.16,30.09,30.00,10,9,1,16,4,25,0.25,6,Rain-Thunderstorm,159
2010-7-29,94,85,75,75,73,69,94,72,49,30.21,30.13,30.01,10,10,7,14,4,18,0.00,4,,157
2010-7-30,96,86,76,75,72,65,100,70,39,30.09,30.02,29.89,10,9,6,10,4,17,0.00,3,,188
2010-7-31,99,87,75,74,69,58,94,61,27,29.96,29.89,29.82,10,10,7,9,4,16,0.00,1,,196
2010-8-1,102,88,73,73,66,53,94,58,22,29.90,29.87,29.82,10,10,10,10,3,17,0.00,0,,171
2010-8-2,101,88,74,69,63,57,79,53,26,29.98,29.93,29.89,10,10,10,10,4,17,0.00,0,,156
2010-8-3,99,87,74,74,70,66,82,60,38,30.04,29.98,29.94,10,10,10,12,4,21,0.00,0,,176
2010-8-4,98,88,77,75,72,69,91,65,39,30.01,29.94,29.87,10,10,7,12,3,20,0.00,0,,175
2010-8-5,100,88,76,73,70,67,87,61,35,29.93,29.87,29.80,10,10,10,10,4,17,0.00,0,,182
2010-8-6,102,90,77,73,71,67,85,59,33,29.91,29.86,29.79,10,10,10,9,4,17,0.00,0,,177
2010-8-7,98,88,77,74,71,68,85,63,40,29.90,29.85,29.79,10,10,10,13,5,20,0.00,0,,174
2010-8-8,99,89,78,75,71,67,85,62,38,29.92,29.86,29.79,10,10,10,12,6,21,0.00,1,,175
2010-8-9,100,89,78,75,71,64,85,60,35,29.95,29.90,29.82,10,10,10,13,5,20,0.00,1,,171
2010-8-10,102,90,77,76,72,67,91,63,35,29.94,29.89,29.83,10,10,10,10,3,15,0.00,0,,170
2010-8-11,100,89,78,78,74,71,82,64,45,29.91,29.86,29.80,10,10,10,13,1,21,T,1,Thunderstorm,270
2010-8-12,99,88,76,75,71,68,88,63,38,29.87,29.81,29.74,10,10,10,10,3,15,0.00,0,,162
2010-8-13,101,89,77,74,70,66,88,62,35,29.83,29.78,29.72,10,10,10,12,4,20,0.00,1,,161
2010-8-14,102,91,79,76,73,68,91,64,37,29.92,29.86,29.81,10,10,7,14,6,22,0.00,2,,184
2010-8-15,103,91,78,75,71,64,91,60,29,29.98,29.92,29.87,10,10,10,12,4,20,0.00,1,,192
2010-8-16,105,91,77,72,70,65,79,54,28,29.96,29.90,29.81,10,10,10,17,3,29,0.00,1,Thunderstorm,106
2010-8-17,102,90,77,73,71,68,85,60,34,29.93,29.87,29.79,10,10,10,9,1,14,0.00,1,,158
2010-8-18,103,91,79,74,71,66,79,55,31,29.94,29.89,29.82,10,10,10,13,3,22,0.00,1,Thunderstorm,227
2010-8-19,101,90,79,74,71,67,85,59,33,29.93,29.86,29.78,10,10,10,15,5,22,0.00,0,,170
2010-8-20,101,90,79,75,72,65,91,62,33,29.93,29.84,29.75,10,10,10,16,8,25,0.00,3,,175
2010-8-21,102,90,78,74,71,64,85,58,31,30.02,29.92,29.86,10,10,10,13,7,20,0.00,2,,176
2010-8-22,103,91,78,74,70,63,85,58,31,30.05,29.95,29.86,10,10,10,10,4,18,0.00,2,,195
2010-8-23,106,92,77,70,66,62,74,50,26,29.90,29.84,29.76,10,10,10,10,3,18,0.00,0,,197
2010-8-24,107,93,78,72,67,62,69,47,25,29.91,29.82,29.76,10,10,8,15,2,24,T,1,Rain-Thunderstorm,21
2010-8-25,96,88,79,71,68,62,69,52,34,30.06,29.98,29.91,10,10,10,13,7,20,0.00,4,,9
2010-8-26,93,86,78,67,64,61,67,52,36,30.07,30.01,29.96,10,10,10,9,4,14,0.00,4,,360
2010-8-27,97,84,71,65,55,47,73,46,18,30.00,29.93,29.86,10,10,10,10,3,18,0.00,0,,38
2010-8-28,99,83,66,60,54,51,68,46,23,29.91,29.85,29.77,10,10,10,9,2,14,0.00,0,,140
2010-8-29,98,86,73,74,67,60,74,54,34,29.90,29.86,29.82,10,10,7,14,5,23,T,1,,147
2010-8-30,100,90,80,76,73,69,85,62,39,30.04,29.96,29.89,10,10,10,14,7,23,0.00,4,,157
2010-8-31,101,90,79,76,74,68,85,62,39,30.06,29.98,29.87,10,10,10,17,5,69,0.00,4,,161
2010-9-1,100,90,79,76,73,66,91,63,35,29.98,29.90,29.76,10,10,10,15,6,21,0.00,4,,158
2010-9-2,99,87,75,75,73,65,94,65,35,29.95,29.89,29.80,10,8,0,10,3,17,3.55,5,Fog-Rain-Thunderstorm,168
2010-9-3,84,78,72,75,70,62,100,76,51,30.12,30.04,29.94,10,8,0,15,4,23,0.77,6,Fog-Rain-Thunderstorm,360
2010-9-4,92,83,73,70,61,53,74,58,41,30.08,30.01,29.92,10,10,10,9,3,15,0.00,5,,53
2010-9-5,93,82,70,70,67,61,93,65,36,29.96,29.89,29.80,10,9,5,12,4,18,0.00,1,,134
2010-9-6,92,83,73,75,72,69,87,68,49,29.93,29.86,29.80,10,9,3,17,4,26,0.02,5,Rain,132
2010-9-7,78,76,73,76,74,72,100,93,85,29.96,29.86,29.75,10,4,0,21,10,35,7.04,8,Fog-Rain-Thunderstorm,118
2010-9-8,87,81,74,78,75,73,100,87,74,29.93,29.87,29.81,10,8,1,16,7,30,0.51,7,Rain-Thunderstorm,178
2010-9-9,92,85,77,77,74,71,97,75,52,29.93,29.85,29.75,10,9,6,12,5,18,0.00,5,,176
2010-9-10,93,85,77,74,72,69,88,69,49,29.91,29.83,29.76,10,10,10,13,6,21,0.00,4,,183
2010-9-11,95,86,76,75,73,71,91,70,49,29.93,29.88,29.83,10,10,10,9,4,17,0.00,2,,183
2010-9-12,94,85,76,74,72,69,94,72,49,30.06,29.99,29.94,10,10,10,8,2,14,0.00,1,,117
2010-9-13,93,85,76,75,73,70,94,72,49,30.08,30.00,29.93,10,10,10,9,1,14,0.00,1,,132
2010-9-14,94,86,77,75,73,68,91,68,44,30.05,29.97,29.89,10,10,9,9,3,14,0.00,3,,142
2010-9-15,94,86,77,75,73,69,94,70,46,30.03,29.95,29.86,10,8,4,12,4,18,0.00,4,,168
2010-9-16,93,84,74,73,70,60,94,65,36,30.03,29.95,29.87,10,9,4,7,2,12,0.00,3,,157
2010-9-17,94,83,72,74,71,66,94,72,49,30.04,29.97,29.88,10,9,2,20,2,35,0.26,4,Rain,134
2010-9-18,88,81,73,73,72,70,93,76,59,30.05,29.99,29.95,10,10,7,15,4,23,0.00,2,,79
2010-9-19,87,78,68,75,70,66,93,79,65,30.10,30.04,29.99,10,10,2,18,3,28,0.04,3,Rain,102
2010-9-20,85,76,67,72,68,65,93,77,61,30.05,29.98,29.92,10,10,5,17,2,25,0.02,6,Rain,146
2010-9-21,85,77,69,74,71,68,100,83,65,29.99,29.93,29.87,10,8,0,15,2,21,0.63,5,Fog-Rain-Thunderstorm,144
2010-9-22,87,80,73,75,72,69,100,81,61,30.01,29.94,29.87,10,7,1,17,5,29,0.25,6,Rain,123
2010-9-23,91,83,74,74,72,69,100,76,52,30.02,29.96,29.89,10,9,4,13,6,23,0.00,5,,153
2010-9-24,91,83,74,75,73,70,94,75,56,30.14,30.05,29.97,10,8,2,9,3,15,0.11,5,Rain,149
2010-9-25,92,83,73,73,71,68,94,72,50,30.05,29.98,29.90,10,10,10,6,2,9,0.00,1,,200
2010-9-26,87,75,62,68,65,57,90,69,48,30.01,29.95,29.87,10,10,10,14,5,23,0.00,3,,355
2010-9-27,79,68,57,54,51,47,80,57,33,30.06,29.99,29.95,10,10,10,10,5,17,0.00,0,,180
2010-9-28,87,71,55,55,52,46,86,55,24,29.98,29.90,29.80,10,10,10,7,1,10,0.00,0,,295
2010-9-29,89,76,62,60,56,49,87,57,26,29.84,29.79,29.72,10,10,10,9,3,14,0.00,0,,347
2010-9-30,89,75,60,58,55,52,78,55,31,30.00,29.92,29.82,10,10,10,10,3,17,0.00,0,,358
2010-10-1,87,77,66,59,55,50,73,53,32,30.09,30.02,29.98,10,10,10,10,5,16,0.00,0,,3
2010-10-2,86,75,64,51,49,45,56,42,27,30.12,30.06,30.01,10,10,10,9,5,15,0.00,0,,16
2010-10-3,77,70,62,53,48,40,63,49,35,30.26,30.19,30.11,10,10,10,13,7,20,0.00,0,,22
2010-10-4,77,65,52,44,41,37,66,46,26,30.33,30.25,30.20,10,10,10,8,3,14,0.00,0,,50
2010-10-5,80,65,49,45,43,40,80,53,25,30.34,30.28,30.23,10,10,10,8,1,13,0.00,0,,120
2010-10-6,82,66,50,52,45,39,80,53,25,30.34,30.26,30.19,10,10,10,7,1,10,0.00,0,,110
2010-10-7,84,69,53,52,45,39,83,53,22,30.27,30.20,30.13,10,10,8,7,1,12,0.00,0,,221
2010-10-8,84,70,55,53,46,40,72,46,20,30.19,30.12,30.05,10,10,10,10,2,14,0.00,0,,193
2010-10-9,86,72,57,59,52,49,86,58,29,30.12,30.06,29.99,10,10,10,9,2,16,0.00,0,,170
2010-10-10,86,74,61,66,61,56,90,64,37,30.04,29.96,29.84,10,10,7,7,4,14,0.00,2,,0
2010-10-11,87,76,65,67,64,61,100,72,44,29.93,29.88,29.81,10,8,2,12,3,17,0.02,1,Rain-Thunderstorm,191
2010-10-12,89,76,63,66,58,46,93,60,27,30.10,30.00,29.92,10,8,2,10,3,15,0.00,0,,14
2010-10-13,85,73,61,55,52,47,73,53,32,30.25,30.17,30.10,10,10,10,13,6,21,0.00,0,,339
2010-10-14,80,66,51,47,38,30,66,41,16,30.34,30.25,30.17,10,10,3,13,4,20,0.00,0,,357
2010-10-15,85,68,51,49,42,36,77,47,17,30.21,30.14,30.06,10,10,10,7,1,12,0.00,0,,305
2010-10-16,84,68,51,54,47,42,77,52,26,30.17,30.11,30.06,10,10,10,9,1,16,0.00,0,,245
2010-10-17,84,72,59,65,58,54,90,64,37,30.14,30.06,29.97,10,9,6,9,2,18,0.00,1,,190
2010-10-18,85,75,65,66,63,57,93,67,40,30.04,29.96,29.87,10,9,4,10,4,17,0.00,3,,183
2010-10-19,85,74,63,66,62,60,93,70,47,30.02,29.95,29.91,10,10,10,9,1,17,0.00,2,,212
2010-10-20,87,76,64,65,63,60,93,68,42,30.06,30.00,29.96,10,10,7,7,1,12,0.00,1,,142
2010-10-21,87,76,65,67,64,61,93,69,45,30.07,29.98,29.89,10,10,10,13,4,23,0.00,2,,165
2010-10-22,86,77,68,70,66,61,93,69,44,30.00,29.94,29.86,10,9,5,18,9,30,0.01,5,Rain-Thunderstorm,157
2010-10-23,86,78,70,72,67,62,97,73,48,29.98,29.93,29.83,10,8,2,14,6,25,0.05,5,Rain-Thunderstorm,166
2010-10-24,87,77,67,68,66,63,93,70,46,29.98,29.88,29.77,10,8,3,10,4,18,0.00,3,,193
2010-10-25,88,79,70,69,67,62,90,68,45,29.78,29.64,29.45,10,7,4,15,8,28,0.00,3,,191
2010-10-26,84,72,60,69,55,42,90,57,23,29.78,29.68,29.52,10,8,2,13,3,23,0.00,1,,95
2010-10-27,89,72,55,67,58,48,83,62,40,30.13,29.90,29.78,10,10,7,18,3,31,0.00,2,,13
2010-10-28,78,68,57,42,27,20,35,24,12,30.44,30.35,30.15,10,10,10,17,8,29,0.00,2,,17
2010-10-29,73,59,45,36,30,24,61,39,17,30.45,30.35,30.23,10,10,10,8,2,13,0.00,0,,347
2010-10-30,80,60,40,41,36,34,79,50,20,30.22,30.10,29.99,10,10,10,10,2,17,0.00,0,,177
2010-10-31,86,71,55,60,52,42,86,59,32,30.01,29.95,29.87,10,10,10,12,3,20,0.00,0,,195
2010-11-1,84,74,63,68,64,46,97,69,41,30.06,29.98,29.92,10,10,4,15,3,25,0.00,5,,277
2010-11-2,71,62,53,54,50,45,93,69,45,30.12,30.06,30.00,10,9,2,15,8,25,0.20,5,Rain-Thunderstorm,334
2010-11-3,62,57,51,52,48,37,83,63,42,30.12,30.04,29.99,10,9,3,18,8,32,0.02,8,Rain,341
2010-11-4,69,61,52,38,30,23,51,35,19,30.27,30.19,30.12,10,10,10,18,9,29,0.00,0,,344
2010-11-5,68,56,43,34,28,22,67,43,19,30.35,30.27,30.22,10,10,10,10,3,17,0.00,0,,336
2010-11-6,71,55,38,36,32,28,79,51,22,30.42,30.35,30.30,10,10,10,7,2,13,0.00,0,,114
2010-11-7,75,59,42,49,42,36,76,56,35,30.41,30.32,30.22,10,10,10,9,3,17,0.00,0,,157
2010-11-8,78,64,49,53,50,46,93,65,36,30.18,30.08,29.97,10,9,2,12,4,20,0.00,0,,175
2010-11-9,80,66,52,58,52,46,93,63,32,29.96,29.90,29.83,10,9,4,15,5,23,0.00,1,,172
2010-11-10,82,70,57,63,58,55,97,71,45,30.02,29.95,29.89,10,8,2,14,3,18,0.00,3,,147
2010-11-11,80,72,64,65,63,60,93,74,54,30.16,30.09,30.02,10,8,2,13,5,21,T,6,,139
2010-11-12,82,69,56,68,63,44,93,69,45,30.25,30.12,30.04,10,9,2,16,8,28,0.46,7,Rain,164
2010-11-13,65,56,47,42,38,35,77,56,34,30.31,30.22,30.14,10,10,10,16,6,24,0.00,4,,352
2010-11-14,62,55,48,42,40,36,80,60,39,30.15,30.04,29.88,10,10,10,8,3,15,0.00,7,,118
2010-11-15,67,58,49,54,50,40,93,76,59,29.86,29.73,29.60,10,8,1,9,2,14,T,5,Rain,180
2010-11-16,68,58,48,46,40,34,93,60,27,30.02,29.92,29.78,10,9,2,13,5,20,0.00,0,,285
2010-11-17,81,63,45,53,40,31,83,51,19,30.32,30.04,29.92,10,10,10,17,6,29,0.00,0,,299
2010-11-18,66,55,43,37,36,33,76,53,29,30.45,30.36,30.29,10,10,10,13,4,18,0.00,0,,336
2010-11-19,71,54,36,49,38,33,92,60,27,30.30,30.21,30.09,10,10,10,10,3,17,0.00,1,,177
2010-11-20,78,64,50,64,54,48,93,72,50,30.15,30.09,30.01,10,6,2,13,5,21,0.00,5,,167
2010-11-21,83,76,69,65,64,61,84,66,47,30.05,29.99,29.92,10,10,10,15,9,28,0.00,7,,173
2010-11-22,84,77,70,68,65,62,90,71,51,29.99,29.94,29.86,10,10,9,14,7,23,0.00,6,,180
2010-11-23,82,76,69,68,66,64,90,74,58,30.05,29.97,29.89,10,8,5,13,5,25,T,7,,175
2010-11-24,85,79,72,68,66,62,90,69,48,29.91,29.80,29.66,10,10,10,16,9,30,0.00,7,,173
2010-11-25,79,62,45,66,52,15,84,58,31,30.13,29.82,29.68,10,10,10,18,9,29,0.00,8,,261
2010-11-26,58,48,37,22,15,11,52,34,16,30.33,30.26,30.14,10,10,10,17,6,28,T,3,Rain,1
2010-11-27,63,49,34,32,22,13,82,48,14,30.34,30.24,30.14,10,10,10,9,2,15,0.00,0,,186
2010-11-28,72,57,42,59,47,33,78,63,47,30.10,29.90,29.74,10,10,10,15,6,26,0.00,5,,154
2010-11-29,80,72,63,64,52,22,87,54,20,29.98,29.76,29.69,10,9,6,15,6,24,T,6,Rain,312
2010-11-30,63,51,38,28,18,11,40,28,15,30.40,30.28,30.01,10,10,10,18,8,33,0.00,2,,339
2010-12-1,67,49,31,26,21,18,75,45,15,30.40,30.31,30.22,10,10,10,12,3,21,0.00,0,,225
2010-12-2,73,55,37,45,38,25,71,53,34,30.27,30.20,30.13,10,10,10,12,2,21,0.00,0,,194
2010-12-3,76,62,48,55,49,43,93,67,41,30.19,30.11,30.04,10,10,7,12,3,21,0.00,0,,199
2010-12-4,80,67,53,58,49,26,90,56,22,30.26,30.06,29.97,10,10,10,14,7,25,0.00,2,,278
2010-12-5,57,49,40,28,25,21,49,39,29,30.49,30.39,30.27,10,10,10,14,7,24,0.00,3,,11
2010-12-6,57,46,35,26,22,19,64,44,24,30.56,30.45,30.32,10,10,10,8,2,12,0.00,0,,6
2010-12-7,59,47,34,43,34,24,71,55,38,30.31,30.16,30.06,10,10,10,10,2,17,0.00,4,,157
2010-12-8,58,49,40,40,34,31,77,57,36,30.40,30.29,30.12,10,10,10,16,5,29,0.00,2,,360
2010-12-9,65,50,35,42,35,31,92,62,31,30.33,30.17,30.06,10,9,6,13,4,22,0.00,0,,183
2010-12-10,74,60,45,54,48,43,93,66,38,30.06,29.97,29.86,10,8,2,13,4,24,0.00,0,,185
2010-12-11,71,61,51,55,40,14,100,60,20,30.23,29.93,29.82,10,8,2,16,6,28,0.00,1,,333
2010-12-12,56,47,37,18,13,8,34,25,15,30.43,30.35,30.24,10,10,10,15,7,28,0.00,0,,348
2010-12-13,62,46,30,25,18,13,69,43,16,30.37,30.26,30.15,10,10,10,10,2,18,0.00,0,,203
2010-12-14,72,55,38,51,39,25,77,54,31,30.13,30.01,29.86,10,10,10,14,5,24,0.00,0,,187
2010-12-15,77,67,57,57,52,49,86,62,38,29.85,29.75,29.62,10,10,10,15,8,69,0.00,3,,193
2010-12-16,62,55,47,56,42,31,93,65,36,30.02,29.86,29.69,10,10,9,16,6,25,0.00,2,,356
2010-12-17,52,47,42,35,30,25,62,52,42,30.18,30.08,30.01,10,10,10,12,6,18,0.00,4,,9
2010-12-18,57,46,35,30,25,20,75,50,24,30.24,30.13,30.05,10,10,10,8,3,15,0.00,0,,350
2010-12-19,67,51,34,49,36,26,72,55,37,30.09,30.01,29.92,10,10,10,10,4,20,0.00,1,,185
2010-12-20,76,65,54,62,56,50,93,72,50,29.94,29.90,29.83,10,7,3,13,6,23,0.00,5,,183
2010-12-21,79,69,59,63,60,57,90,71,52,30.04,29.97,29.91,9,6,4,10,3,18,0.00,4,,199
2010-12-22,64,59,53,63,50,42,97,74,51,30.27,30.16,30.03,10,6,1,13,4,20,0.00,8,,8
2010-12-23,65,59,52,52,44,39,66,61,55,30.27,30.17,30.08,10,9,7,14,4,21,T,8,,63
2010-12-24,63,54,45,58,50,39,93,80,67,30.24,30.07,29.98,10,6,1,16,7,28,0.54,8,Rain-Thunderstorm,26
2010-12-25,46,40,34,39,29,26,83,66,49,30.48,30.37,30.24,10,9,6,17,9,30,0.00,4,,343
2010-12-26,52,40,28,28,25,23,85,60,35,30.49,30.41,30.33,10,9,5,12,3,16,0.00,0,,338
2010-12-27,60,45,29,45,36,25,86,66,46,30.34,30.25,30.18,10,9,5,14,5,21,0.00,4,,146
2010-12-28,62,56,49,58,52,44,93,89,84,30.20,30.10,29.97,10,5,2,13,3,21,0.12,8,Rain,137
2010-12-29,72,64,56,61,58,55,97,79,61,29.95,29.77,29.61,10,6,2,13,5,23,0.13,5,Rain,184
2010-12-30,75,66,56,62,58,54,100,77,53,29.68,29.61,29.51,10,4,0,13,5,23,0.00,6,Fog,172
2010-12-31,68,59,50,63,42,14,90,57,24,29.94,29.75,29.57,10,9,5,15,7,24,0.00,3,,4
