
CST,Max TemperatureF,Mean TemperatureF,Min TemperatureF,Max Dew PointF,MeanDew PointF,Min DewpointF,Max Humidity, Mean Humidity, Min Humidity, Max Sea Level PressureIn, Mean Sea Level PressureIn, Min Sea Level PressureIn, Max VisibilityMiles, Mean VisibilityMiles, Min VisibilityMiles, Max Wind SpeedMPH, Mean Wind SpeedMPH, Max Gust SpeedMPH,PrecipitationIn, CloudCover, Events, WindDirDegrees
1990-1-1,57,50,44,37,30,23,65,48,28,30.42,30.34,30.30,15,14,10,12,7,,0.00,8,,246
1990-1-2,55,50,46,50,41,36,100,74,51,30.33,30.23,30.14,15,10,0,12,7,,0.00,8,Fog,171
1990-1-3,73,62,52,67,60,49,100,92,65,30.12,29.98,29.88,15,6,1,16,8,22,0.03,7,Fog-Rain,182
1990-1-4,64,58,51,49,33,28,58,42,30,30.24,30.15,30.04,15,14,10,15,9,23,0.00,8,,3
1990-1-5,51,48,46,41,38,35,71,64,57,30.18,30.11,30.04,15,11,8,13,10,,0.00,8,Rain,32
1990-1-6,48,46,44,44,43,40,93,89,74,30.25,30.20,30.16,10,6,4,13,9,,0.36,8,Fog-Rain,3
1990-1-7,63,54,44,42,34,25,90,57,24,30.18,30.11,30.03,20,16,10,12,6,,0.00,2,,285
1990-1-8,73,54,34,38,33,25,93,55,16,30.06,30.00,29.91,20,20,20,16,6,25,0.00,0,,209
1990-1-9,77,60,42,42,38,33,92,53,20,30.21,30.07,29.97,20,20,20,12,6,,0.00,2,,57
1990-1-10,77,62,46,55,39,33,87,47,25,30.30,30.21,30.15,20,19,10,10,7,,0.00,0,,244
1990-1-11,84,70,55,56,48,32,100,61,20,30.15,30.07,29.96,20,11,2,21,8,23,0.00,3,Fog,221
1990-1-12,63,54,45,26,15,10,32,23,14,30.50,30.37,30.17,20,18,15,22,17,34,0.00,0,,20
1990-1-13,57,46,34,33,17,8,47,31,18,30.47,30.36,30.23,20,17,10,13,9,,0.00,4,,131
1990-1-14,62,57,52,59,46,32,97,72,43,30.22,30.15,30.09,15,8,1,10,7,,0.00,8,Fog,182
1990-1-15,77,68,60,63,61,56,97,79,54,30.16,30.10,30.03,15,10,4,17,9,24,0.00,7,Fog,176
1990-1-16,73,68,64,67,64,62,100,88,68,30.08,30.01,29.94,10,8,3,15,11,21,0.05,8,Fog-Rain,161
1990-1-17,75,72,68,69,67,66,96,90,76,30.01,29.96,29.91,15,9,5,13,9,,0.01,7,Fog,174
1990-1-18,75,72,68,70,68,67,100,90,76,30.02,29.91,29.82,15,7,0,16,7,25,0.25,8,Fog-Rain,143
1990-1-19,71,63,55,69,56,42,93,79,53,29.97,29.82,29.71,15,10,5,21,14,29,0.03,8,Fog-Rain,251
1990-1-20,64,58,52,45,41,36,74,57,35,30.15,30.06,29.97,15,15,15,12,8,,0.00,7,Rain,27
1990-1-21,69,56,44,42,36,33,76,51,27,30.31,30.21,30.15,15,15,15,13,7,,0.00,1,,10
1990-1-22,72,57,42,41,37,31,85,53,25,30.25,30.16,30.06,20,16,8,15,5,22,0.00,3,,216
1990-1-23,78,63,48,56,48,36,90,62,40,30.06,29.96,29.89,15,14,8,15,7,23,0.00,7,,231
1990-1-24,73,65,55,58,52,25,90,68,30,30.05,29.83,29.73,15,12,6,21,7,34,0.01,6,Fog-Rain,259
1990-1-25,60,50,39,27,21,12,55,34,16,30.38,30.25,30.08,20,18,15,25,15,34,0.00,1,,311
1990-1-26,68,51,34,33,23,17,60,37,14,30.28,30.13,30.00,20,19,15,20,8,33,0.00,0,,192
1990-1-27,79,64,50,61,49,32,92,62,42,30.06,30.00,29.93,15,13,7,15,10,26,0.00,3,,184
1990-1-28,66,56,45,62,44,35,93,84,51,30.14,30.09,30.04,15,8,5,18,12,23,0.36,8,Fog-Rain,350
1990-1-29,63,50,37,35,29,22,83,52,22,30.15,30.05,29.93,20,20,15,10,8,,0.00,0,,237
1990-1-30,73,55,37,33,29,21,79,41,16,30.01,29.96,29.88,20,18,15,12,8,,0.00,1,,58
1990-1-31,70,58,46,68,48,29,100,75,43,30.01,29.90,29.80,15,8,0,15,4,21,0.17,7,Fog-Rain,141
1990-2-1,70,62,53,69,59,50,100,90,65,29.90,29.82,29.73,15,8,0,34,11,53,0.93,7,Fog-Rain-Thunderstorm,223
1990-2-2,69,58,48,67,58,48,100,92,68,29.87,29.82,29.75,15,8,2,8,3,,0.00,6,Fog,90
1990-2-3,68,59,48,67,46,34,100,68,41,30.25,30.01,29.81,20,14,4,18,10,28,0.07,5,Fog-Rain,336
1990-2-4,64,52,39,36,30,23,86,47,20,30.39,30.31,30.24,20,19,15,12,8,18,0.00,0,,344
1990-2-5,63,50,37,50,38,31,83,63,35,30.31,30.16,30.03,20,18,15,15,5,22,0.00,3,,156
1990-2-6,73,63,53,56,44,31,100,62,24,30.16,30.10,30.05,15,10,2,13,7,,0.01,6,Fog-Rain,281
1990-2-7,73,60,48,55,43,37,78,53,27,30.21,30.12,30.06,15,14,7,9,5,,0.00,6,,170
1990-2-8,82,72,61,68,62,57,100,79,51,30.09,29.96,29.82,15,7,0,17,9,25,0.00,6,Fog,188
1990-2-9,78,66,54,68,62,46,93,82,64,29.93,29.81,29.67,20,11,4,23,12,31,0.41,7,Rain-Thunderstorm,230
1990-2-10,70,59,48,47,41,33,93,60,31,30.03,29.98,29.92,20,20,15,10,7,,0.00,0,,350
1990-2-11,77,62,46,42,37,32,71,46,21,30.16,30.09,30.01,20,20,20,12,6,,0.00,0,,287
1990-2-12,77,62,46,57,48,40,100,66,34,30.17,30.08,29.95,20,13,0,18,6,29,0.00,3,Fog,177
1990-2-13,79,68,57,62,58,56,100,78,47,29.97,29.89,29.79,15,12,5,18,12,30,0.00,7,Fog,176
1990-2-14,77,72,62,66,64,58,93,82,66,29.83,29.72,29.63,15,10,7,15,12,23,0.00,8,,157
1990-2-15,75,64,53,67,58,46,100,83,62,29.93,29.69,29.61,15,10,3,18,9,18,0.03,5,Fog-Rain-Thunderstorm,80
1990-2-16,64,55,46,45,22,7,77,34,12,30.32,30.15,29.95,15,14,10,20,11,26,0.00,4,,6
1990-2-17,54,48,42,35,29,26,59,49,35,30.40,30.33,30.28,15,12,10,12,8,,0.00,8,Rain,58
1990-2-18,51,47,43,50,44,33,100,90,52,30.31,30.20,30.14,15,6,2,7,5,,0.69,8,Fog-Rain,62
1990-2-19,61,56,51,54,52,50,100,93,78,30.26,30.20,30.14,7,4,1,14,5,,0.00,7,Fog,35
1990-2-20,61,54,48,53,51,46,97,87,75,30.28,30.18,30.06,10,9,2,15,7,,0.00,7,Fog,98
1990-2-21,60,55,50,54,51,49,100,88,67,30.05,29.91,29.81,15,9,4,14,9,24,0.88,6,Fog-Rain,358
1990-2-22,60,53,46,48,37,29,97,56,35,30.16,29.98,29.81,20,16,7,26,12,39,0.00,3,,289
1990-2-23,72,58,44,37,31,25,63,42,18,30.32,30.25,30.17,20,20,20,13,9,21,0.00,0,,294
1990-2-24,77,62,48,37,33,31,57,37,19,30.46,30.38,30.30,20,20,20,12,6,,0.00,0,,269
1990-2-25,75,60,45,52,41,32,78,50,26,30.45,30.39,30.32,20,20,20,18,6,25,0.00,0,,182
1990-2-26,75,63,51,56,53,51,100,76,44,30.43,30.37,30.29,20,11,2,20,7,30,0.00,5,Fog,153
1990-2-27,73,65,57,59,57,54,100,78,51,30.40,30.33,30.26,15,8,3,15,9,20,0.00,8,Fog,135
1990-2-28,63,54,46,62,53,36,97,87,52,30.38,30.28,30.23,20,10,2,20,10,31,0.52,8,Fog-Rain,4
1990-3-1,44,42,39,41,38,36,93,85,79,30.38,30.31,30.24,15,8,4,20,15,31,0.24,8,Fog-Rain,349
1990-3-2,63,51,39,45,40,37,93,73,46,30.25,30.16,30.04,20,13,10,10,7,,0.00,4,,346
1990-3-3,69,55,41,46,44,40,96,68,39,30.21,30.13,30.07,15,13,7,9,4,,0.00,0,,97
1990-3-4,71,62,52,53,48,44,86,68,42,30.10,30.05,29.95,15,14,10,16,7,23,0.00,5,,173
1990-3-5,73,64,55,59,56,53,97,80,55,30.05,29.99,29.92,15,9,3,21,10,28,0.00,8,Fog,161
1990-3-6,69,66,63,66,63,57,100,91,81,29.98,29.91,29.86,7,6,2,15,12,21,0.06,8,Fog-Rain,150
1990-3-7,70,66,61,69,64,58,100,97,90,30.05,29.99,29.90,10,5,2,12,8,,0.21,8,Fog-Rain,261
1990-3-8,73,68,62,68,66,62,100,92,79,30.12,30.07,30.03,10,6,0,12,4,,0.01,8,Fog,171
1990-3-9,79,74,68,69,66,63,100,82,62,30.16,30.10,30.04,15,8,4,14,9,,0.00,7,Fog,167
1990-3-10,80,74,68,68,66,65,93,83,60,30.09,30.03,29.96,10,10,7,17,12,26,0.01,8,,160
1990-3-11,73,71,69,70,69,68,100,92,84,29.98,29.92,29.84,10,7,5,20,14,33,0.02,8,Fog-Rain,171
1990-3-12,78,72,64,71,69,63,100,92,76,30.07,29.99,29.92,10,7,2,20,12,33,0.02,8,Fog-Rain,166
1990-3-13,75,70,66,69,67,63,100,88,79,30.01,29.87,29.69,15,9,7,21,15,33,0.01,8,Rain,163
1990-3-14,72,62,53,69,50,19,100,67,18,29.81,29.65,29.51,15,9,1,29,15,41,1.00,7,Fog-Rain-Thunderstorm,246
1990-3-15,70,59,48,44,38,31,80,49,24,29.90,29.85,29.79,15,15,15,10,5,,0.00,4,,133
1990-3-16,71,60,48,45,41,36,77,52,30,30.13,30.00,29.92,15,15,15,17,4,25,0.00,4,,306
1990-3-17,78,62,46,44,39,27,83,49,16,30.23,30.14,30.06,20,20,15,10,6,,0.00,0,,226
1990-3-18,75,64,52,43,38,35,59,41,25,30.14,30.07,29.99,20,18,15,16,8,25,0.00,2,,180
1990-3-19,66,58,51,53,38,29,78,50,28,30.48,30.35,30.14,20,17,10,22,10,33,0.00,3,,9
1990-3-20,68,56,43,33,29,24,56,39,23,30.55,30.44,30.32,20,20,20,9,7,,0.00,0,,76
1990-3-21,75,60,44,55,48,33,90,66,45,30.32,30.19,30.03,20,16,10,16,8,23,0.00,2,,178
1990-3-22,79,69,59,62,59,55,93,78,52,30.15,30.09,30.03,15,9,4,18,12,23,0.00,6,Fog,183
1990-3-23,77,68,59,62,59,56,100,78,48,30.23,30.16,30.07,15,8,0,17,8,23,0.00,6,Fog,165
1990-3-24,66,54,43,63,50,37,97,84,75,30.35,30.22,30.14,15,8,3,21,8,25,0.00,7,Fog-Rain,25
1990-3-25,46,42,39,41,38,36,93,85,79,30.45,30.39,30.35,10,7,4,15,12,18,0.00,8,Fog,6
1990-3-26,46,44,43,43,42,40,97,91,85,30.51,30.43,30.38,10,6,3,14,11,17,0.05,8,Fog-Rain,11
1990-3-27,64,54,45,59,49,43,100,86,68,30.38,30.20,30.08,10,4,2,12,8,,0.11,8,Fog-Rain,57
1990-3-28,77,68,60,66,63,60,100,88,64,30.06,29.93,29.83,10,6,1,25,10,37,0.03,7,Fog-Rain,188
1990-3-29,71,66,60,67,64,59,100,94,84,29.86,29.80,29.67,7,6,3,14,9,,0.15,8,Fog-Rain-Thunderstorm,137
1990-3-30,68,62,57,59,57,52,100,87,70,29.97,29.87,29.77,15,8,0,17,10,,0.15,7,Fog-Rain,16
1990-3-31,69,62,55,59,55,51,87,80,68,30.02,29.98,29.92,10,8,5,14,9,,0.00,8,,35
1990-4-1,77,68,59,67,62,57,96,83,62,30.01,29.96,29.91,10,7,5,10,5,,0.00,7,Fog-Rain,10
1990-4-2,75,68,62,65,55,44,96,67,43,30.12,30.04,29.97,15,12,5,16,10,,0.00,6,Fog-Rain,2
1990-4-3,75,64,53,45,37,31,53,40,24,30.22,30.13,30.04,20,18,15,14,9,,0.00,3,,30
1990-4-4,80,67,54,57,52,44,86,58,40,30.06,29.96,29.86,15,12,7,15,5,,0.00,3,,196
1990-4-5,80,68,57,66,62,56,96,78,60,29.91,29.81,29.69,15,10,5,16,9,21,0.00,6,Fog,189
1990-4-6,70,59,48,67,48,36,93,73,47,30.24,29.99,29.71,20,13,2,21,14,32,0.37,6,Fog-Rain-Thunderstorm,358
1990-4-7,66,56,45,43,37,33,63,51,37,30.36,30.25,30.15,20,19,15,10,8,15,0.00,2,,67
1990-4-8,61,57,53,59,49,42,96,74,62,30.22,30.17,30.11,15,8,2,13,6,,0.00,8,Fog-Rain,129
1990-4-9,73,66,60,69,65,59,100,94,84,30.13,30.03,29.94,10,6,1,13,7,21,0.06,8,Fog-Rain,157
1990-4-10,78,70,61,70,61,51,100,76,48,30.22,30.06,29.95,15,9,5,25,10,34,0.00,6,Fog,335
1990-4-11,73,62,52,50,45,42,77,55,34,30.36,30.26,30.19,20,18,15,18,12,26,0.00,0,,34
1990-4-12,73,60,48,51,47,43,80,60,44,30.27,30.19,30.08,20,20,20,16,9,23,0.00,3,,108
1990-4-13,75,66,57,65,60,52,100,82,68,30.14,30.06,29.99,15,10,6,15,9,25,0.06,7,Fog-Rain,151
1990-4-14,80,72,64,67,62,59,100,78,52,30.11,30.05,29.98,20,15,2,12,7,,0.11,6,Fog-Rain-Thunderstorm,80
1990-4-15,79,69,59,67,63,58,100,85,64,30.06,29.98,29.84,15,9,1,14,4,21,0.00,4,Fog,169
1990-4-16,78,71,64,70,66,63,97,88,71,30.00,29.90,29.85,10,8,3,13,9,18,0.00,7,Fog-Rain,175
1990-4-17,80,72,62,71,65,55,100,86,69,30.12,29.98,29.84,10,7,3,17,10,23,0.13,8,Fog-Rain,98
1990-4-18,73,66,59,64,60,56,96,84,71,30.18,30.11,30.04,10,6,3,13,9,,0.00,8,Fog,61
1990-4-19,80,72,64,66,63,61,93,79,54,30.19,30.09,30.02,10,8,4,17,9,26,0.00,8,Fog-Rain,118
1990-4-20,86,78,69,68,65,60,93,73,41,30.11,30.07,30.03,10,8,7,15,11,23,0.00,6,,163
1990-4-21,84,77,70,69,66,62,97,73,47,30.18,30.09,30.01,15,10,5,13,7,,0.00,5,Fog-Rain,157
1990-4-22,84,76,68,67,64,59,96,72,43,30.08,30.00,29.88,15,12,7,13,8,20,0.08,6,,178
1990-4-23,84,76,69,68,66,63,93,74,49,29.97,29.90,29.78,15,11,7,15,9,24,0.00,6,,170
1990-4-24,82,76,70,73,67,64,91,78,53,29.89,29.82,29.73,15,10,8,16,13,28,0.09,8,Rain-Thunderstorm,169
1990-4-25,80,76,71,71,69,67,96,81,66,29.85,29.81,29.77,15,13,8,17,13,28,0.00,8,Rain,159
1990-4-26,73,67,61,71,64,61,100,96,84,29.88,29.79,29.73,15,8,2,22,11,31,2.27,8,Fog-Rain-Thunderstorm,129
1990-4-27,89,76,62,66,60,50,100,72,28,29.82,29.72,29.62,15,9,6,16,9,29,0.00,5,Fog,219
1990-4-28,84,70,55,70,58,48,96,68,33,29.88,29.78,29.66,15,15,7,14,7,,0.00,2,,185
1990-4-29,93,82,70,75,70,64,97,74,41,29.71,29.66,29.60,10,7,3,15,12,22,0.00,5,Fog,186
1990-4-30,87,78,66,72,68,57,93,76,57,29.90,29.79,29.72,10,9,7,15,10,22,0.00,6,,133
1990-5-1,82,72,62,74,61,54,94,75,62,29.99,29.89,29.79,10,8,7,15,10,,0.00,8,Rain-Thunderstorm,47
1990-5-2,80,72,64,74,69,62,96,85,72,29.86,29.75,29.64,10,7,5,23,11,32,0.00,8,Fog-Rain-Thunderstorm,131
1990-5-3,82,71,60,71,60,52,100,71,35,29.99,29.84,29.65,20,11,2,23,13,34,2.22,6,Rain-Thunderstorm,323
1990-5-4,73,65,57,54,49,43,72,54,43,30.13,30.08,30.00,20,20,15,20,13,,0.00,3,,355
1990-5-5,75,65,55,54,49,47,81,57,38,30.17,30.12,30.06,20,20,20,15,10,23,0.00,4,,22
1990-5-6,82,70,59,53,49,42,78,50,28,30.12,30.06,29.99,20,20,20,14,7,,0.00,5,,1
1990-5-7,79,68,57,60,55,51,89,62,40,30.06,30.01,29.95,15,14,10,15,6,,0.00,3,Rain,177
1990-5-8,82,73,64,67,65,61,93,76,53,29.97,29.88,29.79,20,12,7,13,8,18,0.00,5,,191
1990-5-9,93,80,66,70,63,48,100,69,35,29.95,29.83,29.76,15,11,3,21,9,29,0.00,3,Fog,220
1990-5-10,80,68,57,49,45,41,65,42,26,30.12,30.02,29.92,15,14,10,16,11,21,0.00,4,,70
1990-5-11,84,75,66,71,64,40,93,70,31,29.93,29.80,29.66,15,12,7,17,12,28,0.00,8,,170
1990-5-12,98,86,73,75,65,40,97,65,14,29.85,29.74,29.68,20,10,7,15,10,25,0.15,5,Rain-Thunderstorm,221
1990-5-13,93,80,68,74,64,57,79,62,37,29.97,29.90,29.83,15,10,10,12,6,,0.00,3,,97
1990-5-14,91,83,75,76,73,69,94,79,57,29.96,29.90,29.80,10,8,7,14,8,18,0.00,6,,167
1990-5-15,91,82,73,74,71,68,94,74,50,29.91,29.84,29.76,10,9,7,16,12,30,0.00,7,,176
1990-5-16,91,83,75,74,73,71,91,74,52,29.91,29.82,29.77,10,10,10,17,13,25,0.00,7,,181
1990-5-17,89,80,72,73,69,65,96,75,53,30.11,30.02,29.93,15,10,6,15,10,22,0.00,7,Fog-Rain,66
1990-5-18,81,76,72,78,73,69,100,93,81,30.05,29.95,29.81,15,8,2,16,8,28,0.69,8,Fog-Rain-Thunderstorm,144
1990-5-19,89,82,75,76,74,73,96,81,61,29.85,29.77,29.68,15,11,7,16,12,26,0.00,6,,175
1990-5-20,90,82,75,77,75,73,94,82,63,29.78,29.74,29.69,15,9,5,13,10,18,0.00,6,,179
1990-5-21,93,84,75,76,74,68,100,80,55,29.91,29.84,29.76,10,6,3,10,7,13,0.06,7,Fog-Rain-Thunderstorm,173
1990-5-22,90,80,71,72,67,63,79,67,46,30.03,29.97,29.93,15,11,10,15,11,,0.00,6,,40
1990-5-23,87,76,66,70,68,65,97,75,55,29.99,29.93,29.85,10,8,4,9,6,,0.00,2,Fog,100
1990-5-24,90,82,73,73,71,69,97,74,50,29.90,29.84,29.75,10,8,5,14,9,20,0.00,6,Fog,167
1990-5-25,90,82,73,73,71,68,93,73,50,29.88,29.83,29.77,15,13,7,14,11,25,0.00,4,,169
1990-5-26,91,83,75,73,72,70,90,72,48,29.85,29.77,29.67,15,13,10,15,11,21,0.00,5,,176
1990-5-27,95,86,77,75,73,71,90,71,47,29.76,29.68,29.60,15,12,10,15,10,25,0.00,6,,175
1990-5-28,87,79,71,74,70,66,97,75,53,29.84,29.76,29.68,15,9,2,28,11,55,0.53,7,Rain-Thunderstorm,26
1990-5-29,90,79,68,74,70,66,93,78,57,29.87,29.78,29.69,10,8,7,15,8,18,0.00,5,,110
1990-5-30,93,84,75,78,76,73,97,79,57,29.81,29.75,29.70,10,8,7,15,10,,0.00,7,Rain,163
1990-5-31,97,88,80,79,76,70,96,73,41,29.88,29.80,29.71,10,8,3,17,9,26,0.00,6,Fog-Rain,164
1990-6-1,95,85,75,77,73,69,85,71,44,29.93,29.84,29.77,15,11,10,20,13,26,0.00,7,,145
1990-6-2,95,87,79,77,75,73,88,71,49,29.98,29.92,29.87,15,11,10,15,12,23,0.00,5,,167
1990-6-3,98,86,75,77,73,68,100,68,37,30.08,29.98,29.86,15,12,6,20,10,26,0.00,4,Fog,170
1990-6-4,90,79,68,74,69,65,96,69,48,30.16,30.02,29.93,15,12,3,28,13,50,1.53,6,Rain-Thunderstorm,36
1990-6-5,96,84,72,75,71,68,97,68,40,29.96,29.88,29.78,15,13,7,15,7,22,0.00,0,,177
1990-6-6,93,84,75,75,72,69,97,71,44,29.94,29.87,29.81,15,14,10,15,10,22,0.00,3,,177
1990-6-7,93,84,75,75,72,68,97,70,45,29.97,29.92,29.84,15,12,7,17,11,23,0.00,5,,173
1990-6-8,93,84,75,76,71,66,100,69,41,30.00,29.95,29.89,20,14,7,16,9,23,0.00,4,,170
1990-6-9,93,83,73,75,71,67,100,70,43,30.08,30.01,29.96,20,14,5,10,7,,0.00,5,Fog,164
1990-6-10,93,82,72,74,71,65,97,70,38,30.11,30.05,29.99,15,14,7,13,6,18,0.00,3,,136
1990-6-11,93,82,72,73,71,69,97,72,45,30.11,30.03,29.95,20,16,10,10,5,,0.02,2,Rain,163
1990-6-12,95,84,73,74,72,69,97,69,43,30.01,29.94,29.82,20,16,10,13,9,22,0.00,3,,173
1990-6-13,96,86,77,75,73,70,94,71,43,29.94,29.89,29.83,15,12,7,18,12,25,0.00,4,,172
1990-6-14,97,88,78,77,73,67,96,67,37,30.00,29.93,29.84,15,10,7,14,11,22,0.00,4,,177
1990-6-15,97,86,75,76,72,68,97,68,41,29.96,29.89,29.78,20,12,7,14,9,20,0.00,5,,172
1990-6-16,97,86,75,75,72,67,96,66,37,29.92,29.86,29.80,15,12,7,13,10,22,0.00,4,,182
1990-6-17,97,86,75,74,70,66,94,64,36,30.00,29.94,29.90,15,11,7,13,8,,0.00,3,,174
1990-6-18,98,88,77,74,70,66,88,60,37,30.05,29.99,29.92,15,11,10,10,8,,0.00,1,,179
1990-6-19,97,86,75,71,68,65,82,56,37,29.97,29.90,29.79,15,14,10,16,7,20,0.00,1,,174
1990-6-20,98,85,72,72,68,66,91,58,35,29.90,29.85,29.80,15,14,10,14,9,,0.00,0,,181
1990-6-21,97,86,75,73,68,63,90,60,35,30.00,29.92,29.80,20,15,5,16,7,,0.00,2,Thunderstorm,176
1990-6-22,100,88,75,75,69,61,96,60,30,29.99,29.92,29.86,15,13,10,13,7,,0.00,2,,130
1990-6-23,100,88,77,76,71,65,88,58,35,29.99,29.94,29.87,15,11,8,10,5,,0.00,1,,93
1990-6-24,99,88,77,74,70,65,84,58,33,29.99,29.91,29.85,15,13,10,14,8,,0.00,3,,168
1990-6-25,100,88,75,75,70,65,94,59,33,30.08,29.95,29.86,15,14,10,15,9,23,0.00,3,,165
1990-6-26,99,87,75,74,71,66,88,60,34,30.03,29.95,29.87,15,13,10,15,10,26,0.00,3,,169
1990-6-27,100,88,75,75,69,63,96,60,29,29.97,29.92,29.85,15,12,10,14,7,,0.00,3,,175
1990-6-28,98,86,75,73,69,63,90,60,34,29.97,29.93,29.88,15,12,10,14,7,24,0.00,2,,173
1990-6-29,99,86,73,76,69,62,93,63,30,30.03,29.99,29.93,15,12,8,13,8,,0.00,3,,154
1990-6-30,95,84,73,75,71,68,93,69,41,30.13,30.06,30.02,15,14,10,15,7,25,0.00,3,,144
1990-7-1,97,84,72,72,68,62,97,63,32,30.13,30.06,29.98,10,9,7,14,8,16,0.00,4,,184
1990-7-2,98,86,75,75,69,63,96,59,32,30.04,29.97,29.87,15,10,7,10,7,,0.00,2,,179
1990-7-3,100,86,73,73,66,58,87,52,25,29.96,29.91,29.81,15,12,10,13,8,,0.00,0,,177
1990-7-4,100,86,73,74,67,61,93,55,28,29.99,29.93,29.87,15,12,7,14,8,,0.00,1,,180
1990-7-5,99,87,75,74,69,63,91,61,32,30.03,29.98,29.93,15,12,10,12,9,,0.00,3,,178
1990-7-6,98,86,75,75,70,61,94,65,30,30.05,29.98,29.89,15,12,10,16,8,29,0.05,5,,173
1990-7-7,88,80,73,74,71,68,97,76,51,30.09,30.03,29.99,15,12,1,23,8,37,0.13,5,Rain,175
1990-7-8,99,86,72,76,67,59,93,63,28,30.12,30.05,29.98,15,10,7,21,6,21,0.00,3,,173
1990-7-9,99,87,75,74,68,62,90,58,34,30.09,30.04,29.95,10,10,10,13,7,,0.00,2,,195
1990-7-10,99,86,73,75,70,65,93,63,34,30.08,30.02,29.94,15,11,10,14,8,28,0.00,3,Rain,171
1990-7-11,98,86,73,74,69,64,91,60,34,30.04,29.99,29.89,15,13,10,14,7,,0.00,2,,180
1990-7-12,93,84,75,74,70,62,87,63,38,30.06,30.01,29.97,15,12,10,17,9,,0.00,5,Rain,52
1990-7-13,91,84,78,67,54,40,66,40,19,30.13,30.05,29.98,20,17,10,22,10,30,0.00,3,,11
1990-7-14,93,82,70,57,53,49,63,40,22,30.04,29.98,29.88,20,18,15,15,8,,0.00,2,,22
1990-7-15,77,72,66,72,62,49,100,76,38,30.02,29.97,29.87,20,10,1,15,8,,1.71,7,Fog-Rain-Thunderstorm,87
1990-7-16,78,73,68,74,71,68,100,93,79,30.04,30.00,29.97,15,7,2,15,8,,0.07,8,Fog-Rain,110
1990-7-17,87,80,72,73,71,63,100,81,46,30.10,30.06,30.03,10,8,3,15,9,25,0.10,8,Fog-Rain,145
1990-7-18,84,78,73,75,71,67,97,81,61,30.14,30.09,30.04,10,10,8,14,7,18,0.04,8,Rain-Thunderstorm,129
1990-7-19,84,78,71,74,72,69,100,90,65,30.12,30.06,30.00,10,7,3,14,4,23,0.27,7,Fog-Rain-Thunderstorm,115
1990-7-20,90,80,70,73,71,69,100,81,54,30.09,30.03,29.95,10,7,1,12,4,,0.00,7,Fog,119
1990-7-21,91,82,73,75,71,65,100,72,42,30.05,29.99,29.89,10,9,4,13,6,,0.00,4,Fog,175
1990-7-22,93,84,75,74,70,66,96,69,41,30.01,29.96,29.89,10,10,7,15,8,18,0.00,4,,187
1990-7-23,89,82,75,75,73,69,94,81,53,30.02,29.99,29.95,15,10,1,17,7,22,0.57,6,Rain-Thunderstorm,164
1990-7-24,88,82,75,75,73,70,97,80,57,30.04,30.00,29.93,15,9,7,14,7,20,0.00,7,Rain-Thunderstorm,156
1990-7-25,91,83,75,76,71,65,97,70,42,30.07,30.01,29.94,15,11,4,16,9,24,0.14,5,Fog,175
1990-7-26,93,83,73,74,71,68,100,73,44,30.12,30.05,29.98,15,10,4,14,8,17,0.00,4,Fog,169
1990-7-27,93,84,75,75,71,65,97,68,43,30.11,30.03,29.96,15,10,3,12,7,,0.00,3,Fog,172
1990-7-28,93,84,75,73,70,67,88,63,42,30.04,29.98,29.90,15,8,6,12,6,,0.00,1,,192
1990-7-29,97,86,75,73,69,65,90,60,36,30.01,29.96,29.90,7,6,5,8,5,,0.00,1,,191
1990-7-30,93,84,75,73,69,64,84,67,44,30.04,29.99,29.94,7,6,3,15,5,21,0.00,5,Rain-Thunderstorm,232
1990-7-31,91,82,72,71,70,67,93,73,48,30.07,30.00,29.93,8,7,4,15,5,23,0.02,8,Fog,352
1990-8-1,93,83,73,73,71,69,91,71,47,30.04,29.99,29.93,7,7,5,7,5,,0.00,7,,118
1990-8-2,95,84,73,74,71,67,94,74,40,30.05,30.01,29.94,15,8,4,15,7,28,0.02,5,Fog-Rain-Thunderstorm,174
1990-8-3,93,83,73,76,72,67,96,72,45,30.06,30.00,29.94,10,9,7,16,5,,0.00,7,,173
1990-8-4,96,86,75,75,70,64,94,65,35,30.04,29.99,29.94,15,10,7,15,9,18,0.00,6,,195
1990-8-5,93,83,73,74,70,67,87,65,44,30.12,30.05,30.01,15,13,10,13,6,20,0.00,5,,47
1990-8-6,93,82,72,68,62,55,84,55,30,30.17,30.12,30.05,20,17,15,16,9,21,0.00,2,,18
1990-8-7,93,82,72,66,61,58,68,51,32,30.14,30.10,30.02,20,14,10,13,10,,0.00,3,,28
1990-8-8,91,80,69,64,60,57,68,52,35,30.13,30.07,30.01,15,12,8,8,6,,0.00,4,,104
1990-8-9,97,84,72,74,68,63,93,63,34,30.13,30.05,29.99,15,8,3,15,6,21,0.00,4,Fog,185
1990-8-10,96,84,72,72,69,62,97,68,35,30.09,30.04,29.99,15,10,3,16,8,30,0.00,5,Fog-Rain-Thunderstorm,182
1990-8-11,97,84,71,70,65,57,90,57,26,30.09,30.03,29.98,15,11,7,12,5,,0.00,1,,191
1990-8-12,96,86,75,72,66,60,90,57,32,30.08,30.03,29.98,10,9,7,15,8,,0.00,1,,200
1990-8-13,97,84,72,72,67,59,91,60,28,30.09,30.03,29.96,15,10,5,12,7,,0.00,2,Fog,178
1990-8-14,95,85,75,74,71,66,94,68,38,30.07,30.02,29.94,15,10,5,12,7,,0.01,3,Fog,160
1990-8-15,97,86,75,75,72,65,97,72,36,30.10,30.03,29.96,15,10,3,14,7,26,0.26,5,Fog-Rain-Thunderstorm,167
1990-8-16,97,86,75,75,70,62,97,65,32,30.08,30.02,29.94,15,14,7,14,7,,0.00,2,,177
1990-8-17,96,86,75,75,72,68,96,71,40,30.06,30.00,29.94,15,10,4,15,8,22,0.00,5,Fog,174
1990-8-18,97,87,77,76,71,64,96,66,36,30.05,29.99,29.92,15,11,7,14,8,,0.00,5,,183
1990-8-19,98,86,75,75,71,67,94,65,36,30.04,29.98,29.90,15,12,8,15,8,,0.00,5,,181
1990-8-20,100,88,75,74,68,58,94,60,25,30.05,30.01,29.94,15,9,5,12,8,,0.00,2,,183
1990-8-21,100,88,75,72,68,63,87,57,30,30.09,30.04,29.95,15,11,7,13,7,33,0.00,2,Rain-Thunderstorm,172
1990-8-22,97,86,75,73,70,64,88,68,34,30.04,29.99,29.90,20,12,7,12,6,23,0.00,6,,196
1990-8-23,97,86,75,74,70,65,91,64,36,29.99,29.94,29.87,15,11,5,14,7,,0.00,3,Fog,182
1990-8-24,97,86,75,74,70,63,96,63,32,30.03,29.97,29.92,15,13,8,14,9,21,0.00,1,,175
1990-8-25,99,87,75,75,70,63,94,61,30,30.07,30.01,29.96,15,11,6,12,8,18,0.00,2,Fog,186
1990-8-26,100,86,73,73,66,54,93,55,21,30.08,30.03,29.96,15,14,7,10,7,,0.00,0,,200
1990-8-27,106,92,78,65,61,57,58,40,21,30.02,29.97,29.88,15,15,15,13,5,,0.00,2,,298
1990-8-28,102,88,75,72,68,62,85,56,26,29.96,29.91,29.84,15,11,4,23,7,,0.03,2,Rain-Thunderstorm,169
1990-8-29,100,88,75,73,69,65,87,60,33,29.99,29.92,29.85,15,10,6,12,6,,0.00,1,Fog,175
1990-8-30,102,88,75,73,68,61,85,56,28,29.98,29.91,29.83,15,13,10,10,7,,0.00,2,,181
1990-8-31,105,92,78,72,68,61,81,53,24,29.97,29.91,29.82,15,15,15,14,7,23,0.01,2,,178
1990-9-1,100,86,72,69,67,60,87,63,28,30.01,29.94,29.85,15,14,7,29,10,40,0.04,5,Rain-Thunderstorm,242
1990-9-2,84,77,70,73,69,67,93,78,59,30.08,30.03,29.99,15,12,5,14,4,,0.07,5,Rain,38
1990-9-3,91,82,73,73,70,66,90,74,45,30.16,30.10,30.04,15,14,10,9,5,,0.01,5,Rain-Thunderstorm,119
1990-9-4,97,84,72,72,68,63,93,65,34,30.23,30.15,30.09,15,15,15,10,4,16,0.00,4,,124
1990-9-5,99,87,75,71,68,63,85,58,33,30.17,30.11,30.02,15,11,7,12,6,,0.00,3,,245
1990-9-6,100,86,73,71,66,60,87,55,29,30.05,29.99,29.90,10,9,5,12,6,,0.00,3,,147
1990-9-7,96,84,72,73,70,66,93,65,37,30.01,29.96,29.88,15,11,3,13,6,18,0.00,2,,177
1990-9-8,96,84,73,72,69,61,93,62,31,30.01,29.94,29.87,15,15,10,13,8,20,0.00,2,,190
1990-9-9,88,80,72,74,71,67,100,86,55,30.02,29.98,29.95,15,10,5,17,6,23,0.57,7,Fog-Rain-Thunderstorm,74
1990-9-10,82,76,71,73,71,70,100,87,67,30.03,29.96,29.90,15,9,2,15,6,,0.04,7,Fog-Rain,200
1990-9-11,88,80,71,72,68,62,100,76,42,30.01,29.95,29.89,15,9,3,10,6,,0.00,7,Fog,34
1990-9-12,87,80,72,70,69,66,91,73,51,29.97,29.93,29.89,15,12,7,16,7,,0.00,7,,48
1990-9-13,84,78,73,74,71,69,91,82,59,29.97,29.93,29.89,15,11,6,14,6,,0.18,6,Fog-Rain,8
1990-9-14,93,82,71,72,70,68,100,71,44,30.02,29.96,29.91,15,12,4,10,4,,0.00,4,Fog,321
1990-9-15,97,85,73,76,72,69,93,70,41,29.96,29.90,29.81,15,12,7,12,3,,0.19,7,Rain-Thunderstorm,262
1990-9-16,90,82,73,75,73,71,97,82,57,29.93,29.86,29.79,20,10,7,15,4,,0.57,7,Rain-Thunderstorm,158
1990-9-17,90,81,72,75,73,71,100,81,54,30.01,29.96,29.88,15,10,0,13,4,18,0.00,6,Fog,147
1990-9-18,91,83,75,75,73,70,97,77,48,30.08,30.02,29.96,15,13,4,12,6,20,0.00,5,Fog,177
1990-9-19,90,82,75,76,74,70,100,83,55,30.03,29.98,29.91,15,11,3,14,6,21,0.09,7,Fog-Rain-Thunderstorm,174
1990-9-20,91,82,73,76,73,70,100,78,50,30.01,29.95,29.88,15,13,7,15,6,21,0.00,6,Rain-Thunderstorm,153
1990-9-21,91,83,75,75,71,66,97,71,42,30.05,29.97,29.91,15,13,10,15,8,,0.00,5,,193
1990-9-22,86,80,73,74,72,68,91,80,65,30.11,30.03,29.98,15,12,10,16,7,23,0.00,7,,27
1990-9-23,75,72,66,68,53,41,82,52,31,30.27,30.19,30.12,20,16,10,21,12,28,0.00,7,Rain,22
1990-9-24,82,71,60,48,43,39,57,40,22,30.26,30.18,30.08,20,18,15,10,7,,0.00,6,Rain,59
1990-9-25,87,74,60,62,56,48,72,55,41,30.09,30.01,29.94,15,15,10,12,6,18,0.00,3,,177
1990-9-26,89,78,66,65,63,60,90,61,40,30.01,29.96,29.92,15,15,10,10,7,,0.00,2,,178
1990-9-27,90,80,69,69,66,63,90,67,42,30.01,29.96,29.92,15,12,7,9,5,,0.00,3,,176
1990-9-28,91,78,66,70,64,57,97,64,32,30.06,30.01,29.97,10,9,5,10,6,,0.00,2,,149
1990-9-29,91,80,68,64,61,57,78,57,32,30.06,30.01,29.96,10,10,8,9,5,,0.00,6,,191
1990-9-30,91,78,66,65,59,51,87,53,25,30.12,30.05,30.01,10,10,8,9,4,,0.00,4,,265
1990-10-1,91,80,68,64,62,57,84,59,33,30.19,30.09,30.01,15,12,7,14,9,,0.00,4,,39
1990-10-2,89,79,69,66,62,58,84,59,39,30.03,29.93,29.81,15,9,3,15,4,22,0.00,7,Fog,170
1990-10-3,84,78,73,74,71,67,91,80,61,29.93,29.84,29.79,15,11,8,21,10,32,0.01,8,Rain,189
1990-10-4,93,82,72,73,70,63,100,73,37,30.13,30.06,29.95,15,11,4,15,6,,0.00,6,Fog,61
1990-10-5,91,82,72,72,69,67,97,71,45,30.17,30.10,30.01,15,11,4,9,6,,0.00,6,Fog,98
1990-10-6,93,83,73,74,71,67,100,71,42,30.03,29.97,29.86,15,11,5,15,8,20,0.00,5,Fog-Rain,182
1990-10-7,93,85,77,75,71,66,90,69,42,30.02,29.96,29.89,20,14,10,17,9,,0.00,4,,180
1990-10-8,93,84,75,75,71,66,97,70,41,30.04,29.96,29.86,20,12,4,13,8,23,0.00,5,Fog,177
1990-10-9,80,66,52,72,51,41,97,74,52,30.28,30.11,29.92,20,12,2,23,14,37,2.00,6,Rain-Thunderstorm,3
1990-10-10,69,57,45,42,38,34,80,55,30,30.28,30.19,30.07,20,20,15,15,11,20,0.00,0,,357
1990-10-11,73,60,46,47,42,34,86,56,24,30.11,30.03,29.94,20,20,20,8,4,,0.00,0,,167
1990-10-12,78,63,48,48,46,44,86,56,32,30.09,30.01,29.97,20,20,20,14,4,,0.00,0,,40
1990-10-13,81,66,52,56,50,46,89,59,35,30.02,29.95,29.83,20,20,20,12,4,,0.00,0,,205
1990-10-14,90,76,61,63,57,49,90,58,30,29.86,29.81,29.77,20,18,10,17,9,28,0.00,0,,194
1990-10-15,89,80,70,69,67,64,91,71,46,30.02,29.94,29.88,20,11,6,14,7,,0.00,4,Fog,185
1990-10-16,87,76,64,67,63,58,100,70,39,30.05,29.97,29.87,15,10,1,14,7,25,0.00,5,Fog,167
1990-10-17,89,78,68,72,66,49,100,73,42,30.08,29.91,29.84,15,11,2,22,8,30,0.34,6,Fog-Rain-Thunderstorm,194
1990-10-18,73,65,57,46,33,26,42,31,18,30.33,30.24,30.11,20,18,15,18,15,32,0.00,0,,19
1990-10-19,77,62,46,50,39,33,74,46,26,30.22,30.09,29.95,20,20,20,12,5,,0.00,0,,128
1990-10-20,84,70,55,70,61,53,93,75,48,29.95,29.87,29.78,20,13,10,18,7,28,0.00,4,,176
1990-10-21,75,63,51,72,53,40,96,87,63,30.18,30.05,29.86,15,7,3,22,12,32,1.04,7,Fog-Rain,351
1990-10-22,68,57,46,42,37,32,71,52,28,30.23,30.14,30.07,20,18,15,15,10,20,0.00,3,,4
1990-10-23,73,58,44,46,41,35,93,56,31,30.12,30.06,30.00,20,17,10,9,4,,0.00,1,,130
1990-10-24,75,63,51,45,42,36,74,50,23,30.22,30.15,30.08,20,18,15,14,6,,0.00,0,,12
1990-10-25,75,64,53,46,44,41,71,52,34,30.35,30.26,30.21,20,20,20,10,8,,0.00,0,,18
1990-10-26,75,62,48,50,46,42,93,59,36,30.22,30.16,30.09,20,19,15,13,3,,0.00,0,,181
1990-10-27,80,65,50,57,51,39,96,64,40,30.28,30.19,30.13,20,18,10,9,4,,0.00,0,,161
1990-10-28,81,67,53,57,53,48,93,64,38,30.33,30.27,30.22,20,17,15,10,3,,0.00,0,,175
1990-10-29,80,68,55,54,51,48,83,58,36,30.30,30.24,30.17,20,18,15,10,5,,0.00,0,,200
1990-10-30,80,67,54,62,55,47,96,72,42,30.30,30.22,30.14,20,8,1,14,4,,0.00,3,Fog,174
1990-10-31,79,67,55,62,58,55,100,76,48,30.25,30.17,30.09,10,6,0,13,5,,0.00,2,Fog,163
1990-11-1,81,68,55,61,57,53,96,71,40,30.16,30.08,30.01,15,11,5,13,5,17,0.00,1,Fog,180
1990-11-2,82,70,57,65,61,56,100,78,42,30.08,30.02,29.93,15,7,0,14,5,20,0.00,4,Fog,147
1990-11-3,82,74,66,67,65,62,100,78,49,30.01,29.93,29.85,15,11,6,17,9,26,0.00,6,Fog-Rain,162
1990-11-4,70,58,44,68,48,34,96,83,66,30.16,30.01,29.85,20,10,2,20,11,29,0.50,7,Fog-Rain,325
1990-11-5,64,50,37,42,37,32,89,63,41,30.15,30.05,29.95,20,20,20,12,7,,0.00,0,,253
1990-11-6,73,58,42,54,47,39,89,68,42,30.03,29.97,29.91,20,18,15,13,5,17,0.00,3,,176
1990-11-7,64,60,55,54,52,49,93,79,67,30.22,30.12,30.03,15,9,5,18,9,24,0.01,7,Rain,27
1990-11-8,55,52,48,53,49,46,97,92,84,30.06,29.90,29.78,15,6,0,18,11,29,2.91,8,Fog-Rain-Thunderstorm,17
1990-11-9,66,58,50,47,41,33,89,62,32,30.24,30.07,29.93,20,16,5,28,16,41,0.01,4,,329
1990-11-10,73,60,46,43,38,35,76,51,24,30.29,30.24,30.18,20,20,20,13,8,,0.00,0,,243
1990-11-11,75,58,42,44,41,36,92,58,24,30.38,30.33,30.28,20,20,20,8,3,,0.00,0,,228
1990-11-12,77,62,48,49,44,41,83,59,29,30.44,30.36,30.31,20,20,20,10,4,,0.00,1,,242
1990-11-13,75,60,46,50,47,44,93,63,34,30.37,30.30,30.25,20,16,10,8,3,,0.00,0,,190
1990-11-14,72,58,45,59,52,44,97,78,63,30.32,30.27,30.21,15,9,4,7,2,,0.00,3,Fog,148
1990-11-15,77,66,54,60,57,53,97,78,52,30.31,30.24,30.19,15,9,2,12,4,,0.00,3,Fog,147
1990-11-16,78,70,62,63,62,59,97,81,60,30.33,30.27,30.22,10,7,3,10,5,,0.00,6,Fog,173
1990-11-17,73,66,60,60,55,49,87,71,54,30.37,30.26,30.12,15,11,10,12,8,,0.00,6,,23
1990-11-18,78,68,59,62,59,56,96,77,48,30.10,30.03,29.94,15,8,1,14,5,20,0.00,5,Fog,185
1990-11-19,79,69,59,67,63,58,100,84,58,30.07,30.01,29.94,15,8,0,13,5,20,0.00,6,Fog,177
1990-11-20,81,74,68,67,66,63,96,78,56,30.05,29.99,29.93,15,10,7,20,12,26,0.00,7,,174
1990-11-21,81,75,69,70,67,65,96,82,62,30.03,29.98,29.93,15,9,3,14,10,,0.23,8,Fog-Rain,181
1990-11-22,79,72,64,70,66,62,97,90,64,30.10,30.02,29.97,15,8,4,18,7,25,0.18,8,Fog-Rain,51
1990-11-23,73,64,55,63,51,37,96,68,28,30.15,30.09,30.05,20,15,7,9,5,,0.00,5,,18
1990-11-24,77,62,46,61,49,43,93,65,34,30.08,29.99,29.90,20,17,15,14,5,20,0.00,1,,207
1990-11-25,77,70,64,70,67,62,97,87,74,29.97,29.89,29.82,15,7,2,17,10,24,0.00,8,Fog,196
1990-11-26,78,75,72,69,67,65,91,78,64,29.85,29.76,29.67,15,10,7,18,13,31,0.00,8,,179
1990-11-27,82,73,64,70,63,47,82,70,49,29.96,29.77,29.70,20,13,10,16,11,31,0.02,5,,183
1990-11-28,60,53,46,50,35,31,77,50,36,30.51,30.25,29.97,20,20,20,17,11,26,0.00,5,,14
1990-11-29,63,54,44,31,26,18,56,39,18,30.70,30.61,30.51,20,19,15,18,13,23,0.00,2,,11
1990-11-30,63,50,37,37,26,23,68,42,22,30.57,30.40,30.23,20,20,20,13,5,,0.00,2,,161
1990-12-1,73,60,48,55,49,43,93,70,45,30.22,30.13,30.05,20,14,7,15,6,,0.00,3,,184
1990-12-2,73,68,62,64,61,58,96,81,64,30.09,29.97,29.84,10,8,5,14,4,22,0.01,8,Fog-Rain,168
1990-12-3,69,58,45,62,27,21,87,37,24,30.47,30.24,29.92,20,18,10,28,16,40,0.00,3,,338
1990-12-4,55,46,37,24,22,17,57,42,22,30.64,30.54,30.48,20,20,20,14,10,,0.00,0,,353
1990-12-5,59,44,30,27,23,18,82,47,20,30.48,30.34,30.14,20,18,10,13,4,21,0.00,0,,194
1990-12-6,71,55,39,47,34,28,85,53,31,30.19,30.05,29.93,15,14,7,20,7,30,0.00,2,,238
1990-12-7,57,49,36,28,19,9,59,35,15,30.38,30.31,30.20,20,18,15,21,16,38,0.00,0,,346
1990-12-8,66,49,32,29,24,20,79,43,19,30.42,30.36,30.30,20,20,20,9,6,,0.00,0,,218
1990-12-9,66,50,33,30,27,24,75,43,21,30.42,30.34,30.29,20,20,20,15,5,,0.00,0,,171
1990-12-10,68,52,37,42,35,25,82,53,32,30.35,30.27,30.19,20,19,10,13,5,,0.00,2,,186
1990-12-11,73,60,48,56,49,42,93,70,41,30.19,30.06,29.94,20,14,8,18,7,32,0.00,3,,169
1990-12-12,77,67,57,59,56,53,97,73,45,30.00,29.95,29.91,20,11,5,15,9,23,0.00,3,Fog,188
1990-12-13,72,62,52,58,49,42,100,68,43,30.15,30.05,29.98,20,11,1,16,7,,0.00,4,Fog,41
1990-12-14,75,64,53,62,51,42,84,67,61,30.15,30.06,29.95,15,9,5,13,8,,0.00,7,,95
1990-12-15,75,66,57,64,57,35,96,77,44,30.15,30.07,30.01,15,8,3,20,6,23,0.00,7,Fog,152
1990-12-16,71,62,54,62,51,36,87,68,45,30.11,30.01,29.91,10,9,7,10,8,,0.00,8,Rain,54
1990-12-17,81,69,57,68,64,55,90,77,54,29.89,29.76,29.64,10,8,6,23,10,36,0.21,8,Rain,172
1990-12-18,66,58,48,44,31,25,55,38,21,29.89,29.82,29.76,20,18,15,18,12,28,0.00,5,,268
1990-12-19,69,54,39,43,37,31,79,55,33,29.93,29.86,29.81,20,16,15,13,4,,0.00,5,,147
1990-12-20,72,64,55,64,57,45,100,85,67,29.90,29.84,29.76,15,6,0,9,4,,0.00,8,Fog,141
1990-12-21,71,48,23,67,44,18,97,88,81,30.05,29.86,29.72,10,6,3,22,12,30,0.00,8,Fog,23
1990-12-22,21,20,19,18,16,11,89,83,71,30.13,30.09,30.05,15,7,3,22,17,33,0.00,8,Fog-Rain-Snow,349
1990-12-23,36,26,15,13,9,5,84,56,35,30.57,30.35,30.13,20,16,8,22,17,34,0.00,3,Snow,340
1990-12-24,42,32,21,8,4,-2,57,38,17,30.64,30.53,30.38,20,18,15,15,8,18,0.00,4,,359
1990-12-25,44,35,26,35,17,7,86,50,26,30.38,30.30,30.23,20,14,7,9,5,,0.00,7,,135
1990-12-26,39,38,37,39,38,36,97,96,93,30.30,30.24,30.19,10,4,1,14,9,,0.44,8,Fog-Rain,15
1990-12-27,48,42,37,40,38,36,97,89,71,30.29,30.21,30.16,8,6,3,14,9,,0.01,7,Fog-Rain,17
1990-12-28,57,47,39,58,47,39,100,98,92,30.19,30.05,29.94,5,2,0,8,4,,0.01,8,Fog,112
1990-12-29,71,66,60,67,64,59,100,94,84,30.02,29.96,29.88,7,4,0,16,6,26,0.03,8,Fog-Rain,163
1990-12-30,69,48,26,67,34,17,97,82,62,30.52,30.27,29.90,15,8,2,21,15,30,0.01,7,Fog-Rain,360
1990-12-31,44,32,21,27,19,14,79,64,42,30.53,30.45,30.37,20,15,7,18,12,23,0.00,6,,14
