
CST,Max TemperatureF,Mean TemperatureF,Min TemperatureF,Max Dew PointF,MeanDew PointF,Min DewpointF,Max Humidity, Mean Humidity, Min Humidity, Max Sea Level PressureIn, Mean Sea Level PressureIn, Min Sea Level PressureIn, Max VisibilityMiles, Mean VisibilityMiles, Min VisibilityMiles, Max Wind SpeedMPH, Mean Wind SpeedMPH, Max Gust SpeedMPH,PrecipitationIn, CloudCover, Events, WindDirDegrees
1959-1-1,59,42,25,32,27,21,92,64,31,30.15,29.96,29.81,15,15,15,14,5,,0.00,0,,191
1959-1-2,66,50,34,41,35,29,82,60,37,29.80,29.71,29.62,15,14,10,20,10,,0.00,0,,177
1959-1-3,45,36,24,39,22,12,89,69,52,30.24,30.01,29.76,15,15,15,21,17,,0.00,0,,356
1959-1-4,32,24,15,13,8,-1,68,54,32,30.60,30.45,30.26,15,14,10,22,18,,0.00,0,,355
1959-1-5,37,30,23,22,15,8,63,54,45,30.63,30.54,30.46,15,15,10,16,11,,0.00,,,37
1959-1-6,41,38,35,41,33,18,100,82,46,30.44,30.30,30.19,15,6,0,7,3,,0.00,,Fog-Rain,43
1959-1-7,59,50,41,56,49,41,100,98,89,30.17,30.12,30.06,10,2,0,7,1,,0.11,,Fog,172
1959-1-8,57,48,39,53,35,31,100,62,39,30.42,30.33,30.17,15,15,10,20,11,,0.00,0,,328
1959-1-9,46,38,30,32,28,26,82,73,53,30.58,30.50,30.44,15,10,5,20,10,,0.00,0,,346
1959-1-10,55,40,26,35,29,23,88,69,43,30.54,30.46,30.37,15,8,3,13,7,,0.00,0,,213
1959-1-11,64,50,36,53,46,33,100,86,63,30.39,30.33,30.27,10,5,0,14,6,,0.00,0,Fog,177
1959-1-12,64,60,57,62,58,54,100,95,89,30.37,30.31,30.28,10,5,1,9,7,,0.08,,Fog-Rain,160
1959-1-13,66,62,59,61,60,59,100,93,79,30.30,30.20,30.13,10,5,0,15,7,,0.01,,Fog-Rain,165
1959-1-14,75,68,61,61,60,57,100,82,52,30.10,29.98,29.88,15,11,2,24,11,,0.00,0,Fog-Rain,0
1959-1-15,64,50,37,62,42,21,93,68,51,30.35,30.03,29.83,15,12,7,23,12,,0.00,0,,328
1959-1-16,50,40,30,29,25,21,76,59,39,30.39,30.26,30.12,15,15,15,16,9,,0.00,0,,306
1959-1-17,61,46,30,43,34,27,88,68,49,30.28,30.15,30.08,15,15,15,15,5,,0.00,,,182
1959-1-18,63,49,35,52,42,30,93,77,57,30.28,30.16,29.96,15,14,8,18,8,,0.00,0,,234
1959-1-19,71,63,55,61,58,53,93,82,61,29.94,29.84,29.75,15,12,8,20,12,,0.00,,,182
1959-1-20,78,71,64,64,61,58,96,78,50,29.74,29.57,29.45,15,13,10,18,14,,0.00,,,170
1959-1-21,46,37,28,40,20,14,77,56,33,30.49,30.13,29.66,15,15,10,28,19,,0.00,0,Snow,330
1959-1-22,48,34,21,21,16,11,75,50,26,30.54,30.44,30.34,15,15,15,15,8,,0.00,0,,171
1959-1-23,57,44,30,46,34,22,89,71,55,30.48,30.42,30.38,15,12,10,17,5,,0.00,,,121
1959-1-24,59,54,48,53,47,43,90,78,67,30.41,30.33,30.25,10,10,10,14,8,,0.00,,Rain,123
1959-1-25,66,58,51,55,53,50,97,83,63,30.27,30.12,29.97,15,11,3,17,8,,0.00,0,Fog,191
1959-1-26,64,58,48,57,53,40,100,85,69,30.06,29.96,29.91,10,6,1,20,8,,0.00,,Fog,170
1959-1-27,46,42,39,38,33,31,79,69,58,30.27,30.20,30.10,10,9,7,23,16,,0.00,,Rain,354
1959-1-28,54,48,41,47,38,31,89,73,62,30.23,30.14,30.05,10,9,7,13,7,,0.00,,Rain,144
1959-1-29,68,60,51,63,56,43,100,89,50,30.15,30.04,29.99,10,6,0,13,8,,0.00,,Fog-Rain,180
1959-1-30,61,52,43,43,40,34,97,74,36,30.35,30.27,30.15,15,12,7,17,14,,0.10,,Rain,2
1959-1-31,52,46,39,48,41,36,93,85,77,30.38,30.31,30.24,15,9,3,14,9,,0.12,,Fog-Rain,15
1959-2-1,45,40,36,44,38,35,100,94,85,30.52,30.45,30.36,10,5,2,23,16,,0.33,,Fog-Rain,2
1959-2-2,35,34,32,34,32,30,100,93,89,30.52,30.42,30.24,10,6,1,17,14,,0.04,,Fog-Rain,345
1959-2-3,44,38,32,39,35,30,100,90,73,30.20,30.01,29.87,10,8,3,12,6,,0.01,,Fog-Rain-Thunderstorm,303
1959-2-4,66,50,34,39,35,30,100,66,25,29.89,29.80,29.70,15,12,7,12,5,,0.00,0,,239
1959-2-5,69,53,37,44,35,31,89,61,34,30.36,30.03,29.81,15,14,10,16,6,,0.00,0,,336
1959-2-6,55,44,32,37,31,26,85,65,45,30.52,30.43,30.38,15,15,10,15,11,,0.00,0,,36
1959-2-7,62,54,45,59,47,38,96,79,68,30.39,30.24,30.11,15,8,0,9,6,,0.01,,Fog,110
1959-2-8,68,64,60,64,61,59,100,94,81,30.09,29.95,29.84,10,4,0,16,7,,0.03,,Fog-Rain,174
1959-2-9,73,68,62,66,65,61,100,87,71,29.83,29.77,29.69,10,8,3,18,11,,0.00,,Fog-Rain,169
1959-2-10,70,60,48,66,36,24,97,45,23,30.31,30.10,29.82,10,9,5,18,10,,0.00,,Rain,355
1959-2-11,48,46,43,43,33,26,93,63,46,30.35,30.29,30.23,15,12,7,15,12,,0.00,,Fog-Rain,9
1959-2-12,60,52,45,56,50,44,100,95,83,30.24,30.13,30.05,10,7,1,9,6,,0.05,,Fog-Rain,89
1959-2-13,72,64,55,67,61,56,100,94,78,30.07,30.01,29.95,10,4,0,13,3,,0.04,,Fog-Rain,167
1959-2-14,68,62,54,67,58,46,100,84,68,30.27,30.08,29.94,15,10,1,17,10,,1.06,0,Fog-Rain,10
1959-2-15,64,54,43,43,36,26,93,55,25,30.43,30.34,30.28,15,15,15,17,11,,0.00,0,,1
1959-2-16,72,54,37,46,41,35,93,64,37,30.30,30.13,29.96,15,15,15,17,6,,0.00,0,,202
1959-2-17,91,72,53,58,49,43,93,55,19,29.95,29.80,29.67,15,15,15,15,9,,0.00,0,,219
1959-2-18,64,55,45,44,38,28,64,54,47,30.18,29.96,29.73,15,12,10,24,12,,0.00,0,,349
1959-2-19,45,40,36,35,33,26,93,83,49,30.33,30.25,30.17,15,9,4,23,15,,0.18,,Fog-Rain,19
1959-2-20,44,38,33,36,32,28,96,79,60,30.53,30.45,30.34,15,10,4,23,14,,0.01,,Fog-Rain,8
1959-2-21,46,42,39,43,38,33,89,80,65,30.49,30.41,30.34,10,9,4,14,8,,0.02,,Fog-Rain,41
1959-2-22,60,52,43,59,50,42,100,97,90,30.33,30.16,30.04,7,3,0,15,6,,0.07,,Fog-Rain,178
1959-2-23,66,59,52,56,48,41,100,72,40,30.18,30.13,30.10,15,10,2,18,7,,0.00,,Fog,349
1959-2-24,62,58,52,51,46,42,86,69,56,30.16,30.12,30.06,15,15,15,17,10,,0.00,,,24
1959-2-25,71,60,50,48,44,39,83,62,42,30.14,30.07,30.01,15,13,10,12,9,,0.00,0,,28
1959-2-26,55,52,50,51,49,47,97,87,74,30.08,30.00,29.95,15,9,3,14,5,,0.42,,Fog-Rain,354
1959-2-27,69,58,48,56,51,47,97,84,55,30.03,29.97,29.89,15,10,2,14,5,,0.00,0,Fog,202
1959-2-28,66,56,46,53,45,36,100,70,40,30.19,30.08,29.97,15,12,5,20,10,,0.00,0,Fog,330
1959-3-1,68,55,42,41,34,28,67,48,25,30.32,30.19,30.03,15,15,15,12,8,,0.00,0,,309
1959-3-2,79,64,50,50,43,35,80,54,25,30.02,29.90,29.75,15,15,10,23,12,,0.00,0,,190
1959-3-3,68,56,45,37,27,20,52,34,21,30.21,30.07,29.97,15,15,15,21,15,,0.00,0,,46
1959-3-4,69,58,48,63,55,39,90,81,61,29.96,29.76,29.59,15,11,4,23,11,,0.01,0,Fog-Rain,173
1959-3-5,57,50,43,40,28,18,62,44,24,30.12,29.94,29.72,15,12,6,31,19,,0.00,0,,292
1959-3-6,66,49,32,34,26,20,85,45,19,30.16,30.10,30.03,15,10,6,13,5,,0.00,0,,197
1959-3-7,66,54,41,46,40,35,86,59,36,30.24,30.15,30.09,15,11,8,14,6,,0.00,0,,154
1959-3-8,77,64,52,56,50,37,83,64,38,30.11,30.01,29.92,15,12,10,16,9,,0.00,0,,192
1959-3-9,75,60,45,45,39,30,71,45,25,30.13,30.03,29.94,15,13,10,15,8,,0.00,0,,113
1959-3-10,72,64,57,67,61,49,100,89,69,29.94,29.84,29.74,15,7,0,16,8,,0.00,0,Fog-Rain,177
1959-3-11,69,60,50,66,48,31,93,62,36,30.29,29.96,29.74,15,12,8,21,13,,0.00,0,,318
1959-3-12,70,56,43,41,32,28,68,44,21,30.36,30.25,30.15,15,15,15,12,8,,0.00,0,,252
1959-3-13,75,58,42,54,45,33,82,60,41,30.13,29.96,29.80,15,15,15,23,12,,0.00,0,,183
1959-3-14,90,76,61,59,48,26,87,53,11,29.86,29.67,29.53,15,14,4,23,13,,0.00,0,,203
1959-3-15,64,54,44,34,27,21,58,38,19,30.24,30.14,29.91,15,12,3,24,20,,0.00,0,,3
1959-3-16,62,53,44,31,24,20,55,35,21,30.37,30.29,30.22,15,15,15,17,13,,0.00,0,,20
1959-3-17,68,54,41,38,29,25,62,41,21,30.37,30.31,30.27,15,15,15,9,6,,0.00,0,,259
1959-3-18,68,58,48,38,34,30,58,44,26,30.44,30.33,30.28,15,15,15,15,5,,0.00,0,,175
1959-3-19,72,56,39,50,44,36,93,63,40,30.33,30.14,29.94,15,14,10,18,7,,0.00,0,,172
1959-3-20,82,68,54,58,43,19,93,54,11,29.94,29.81,29.69,15,11,3,31,14,,0.00,0,,220
1959-3-21,62,55,48,39,37,32,69,55,39,30.24,30.11,29.89,15,13,7,25,18,,0.00,0,,320
1959-3-22,70,56,41,41,31,24,62,42,25,30.31,30.22,30.14,15,15,15,9,7,,0.00,0,,246
1959-3-23,75,60,44,52,45,38,86,60,37,30.17,30.09,29.99,15,12,5,17,7,,0.00,0,Fog,181
1959-3-24,81,66,52,61,55,50,97,72,39,30.04,29.96,29.87,15,10,3,23,11,,0.00,0,Fog-Rain,176
1959-3-25,80,72,64,67,64,61,93,83,60,29.90,29.83,29.75,15,10,7,18,16,,0.04,,Rain-Thunderstorm,170
1959-3-26,77,66,55,60,46,36,100,57,23,30.03,29.95,29.88,15,13,10,14,7,,0.00,0,,310
1959-3-27,71,58,46,43,37,29,66,46,27,30.16,30.07,29.96,15,15,15,17,10,,0.00,0,,11
1959-3-28,66,57,48,46,43,40,77,64,47,30.12,30.04,29.98,15,10,10,21,11,,0.00,0,,22
1959-3-29,73,59,45,49,47,43,100,70,39,30.11,30.02,29.92,15,11,1,14,5,,0.00,0,Fog,155
1959-3-30,80,64,48,59,54,47,100,74,43,29.97,29.91,29.84,15,9,0,16,9,,0.00,0,Fog,179
1959-3-31,84,72,61,67,63,58,100,82,47,29.89,29.80,29.68,15,9,0,20,11,,0.00,0,Fog,178
1959-4-1,73,66,59,56,44,35,90,50,30,30.05,29.90,29.75,15,12,4,22,13,,0.07,0,Rain-Thunderstorm,310
1959-4-2,84,66,48,44,39,34,61,40,22,30.09,29.99,29.86,15,15,10,12,7,,0.00,0,,234
1959-4-3,80,70,59,49,41,32,57,39,20,30.09,29.93,29.79,15,14,10,30,12,,0.00,0,,316
1959-4-4,79,66,52,62,42,31,81,43,28,30.15,30.06,29.96,15,15,15,14,10,,0.00,0,,115
1959-4-5,82,73,64,63,60,58,90,70,44,30.02,29.97,29.90,15,12,7,16,12,,0.00,,,167
1959-4-6,84,74,64,64,60,58,84,67,41,30.04,29.97,29.90,15,15,15,20,13,,0.00,,,163
1959-4-7,80,74,68,65,63,61,87,73,56,30.00,29.94,29.88,15,14,10,18,14,,0.00,,,160
1959-4-8,71,62,52,67,58,45,100,88,77,30.09,29.95,29.79,15,9,0,17,9,,1.97,,Fog-Rain-Thunderstorm,348
1959-4-9,52,50,48,50,46,43,96,85,77,30.19,30.12,30.08,15,10,3,20,14,,0.06,,Fog-Rain,4
1959-4-10,57,54,51,53,51,50,100,91,83,30.18,30.13,30.07,15,8,2,23,10,,0.01,,Fog,360
1959-4-11,54,52,50,53,51,47,100,94,89,30.19,30.10,30.06,15,8,4,21,13,,1.44,,Fog-Rain-Thunderstorm,5
1959-4-12,61,54,46,47,40,30,90,65,44,30.34,30.25,30.18,15,11,8,23,16,,0.00,0,,352
1959-4-13,61,50,39,43,31,24,83,50,26,30.42,30.35,30.29,15,14,10,21,13,,0.00,0,,357
1959-4-14,62,50,39,44,39,35,97,65,39,30.41,30.34,30.26,15,11,10,14,5,,0.00,,,124
1959-4-15,59,54,50,58,51,43,100,90,66,30.27,30.16,30.06,15,6,1,15,6,,0.17,,Fog-Rain,112
1959-4-16,69,64,59,66,63,59,100,97,84,30.06,29.97,29.89,10,5,0,18,10,,0.35,,Fog-Rain,160
1959-4-17,75,70,64,69,66,63,100,90,73,29.93,29.89,29.83,15,10,0,22,14,,0.24,,Fog-Rain,154
1959-4-18,81,74,66,69,67,66,100,84,62,29.88,29.81,29.69,15,9,1,14,9,,0.00,0,Fog-Rain,141
1959-4-19,82,74,66,70,68,65,100,83,62,29.80,29.74,29.70,15,10,3,15,8,,0.01,0,Fog-Rain-Thunderstorm,150
1959-4-20,82,71,60,70,63,55,97,80,54,29.94,29.80,29.73,15,11,7,25,10,,0.00,,,29
1959-4-21,63,56,50,54,45,41,83,68,54,30.16,30.06,29.93,15,15,10,22,16,,0.00,0,Rain-Thunderstorm,355
1959-4-22,66,55,44,47,40,35,80,59,40,30.26,30.19,30.13,15,13,10,20,12,,0.00,0,,358
1959-4-23,77,62,46,51,46,44,93,62,33,30.23,30.16,30.09,15,12,7,10,5,,0.00,0,,191
1959-4-24,81,68,54,59,56,50,93,70,44,30.13,30.07,30.00,15,9,3,17,10,,0.00,0,Fog,175
1959-4-25,80,72,64,65,63,60,90,78,58,30.05,30.01,29.97,10,9,7,20,14,,0.00,,,173
1959-4-26,82,75,66,65,63,60,87,74,54,30.07,30.00,29.95,15,10,6,18,14,,0.00,0,,177
1959-4-27,79,71,63,69,64,60,93,79,60,29.99,29.89,29.80,15,9,7,20,11,,0.00,0,,181
1959-4-28,88,78,68,68,57,45,93,58,22,29.94,29.87,29.82,15,10,4,16,9,,0.00,0,Fog,3
1959-4-29,86,70,55,68,59,51,90,62,48,29.91,29.86,29.78,15,12,8,16,8,,0.00,0,,126
1959-4-30,87,76,64,66,64,62,93,71,46,29.93,29.87,29.80,10,8,3,15,9,,0.00,0,Fog,170
1959-5-1,82,76,69,69,67,66,96,79,56,29.94,29.89,29.85,10,8,2,18,10,,0.00,0,Fog,156
1959-5-2,77,73,69,71,69,67,100,87,76,29.96,29.90,29.85,15,12,7,25,11,,0.32,,Rain-Thunderstorm,158
1959-5-3,84,78,72,72,71,68,96,82,63,29.95,29.90,29.87,15,10,7,18,13,,0.01,,Rain,153
1959-5-4,86,80,72,71,67,58,93,71,45,29.90,29.87,29.81,15,11,8,29,17,,0.00,,,153
1959-5-5,82,74,66,69,66,61,97,83,56,29.99,29.88,29.79,15,10,7,21,14,,0.02,,Rain,175
1959-5-6,86,75,64,70,67,65,100,79,53,30.15,30.07,29.99,15,10,4,9,3,,0.00,0,,35
1959-5-7,84,76,68,69,65,59,97,72,44,30.24,30.18,30.12,15,11,6,15,6,,0.00,0,Fog,147
1959-5-8,84,75,66,67,64,62,93,71,46,30.19,30.09,29.96,15,9,4,21,9,,0.00,0,Fog,164
1959-5-9,84,76,68,67,65,64,96,74,53,29.98,29.87,29.76,10,9,3,17,14,,0.00,0,Fog-Rain,172
1959-5-10,78,70,63,70,66,58,96,86,71,29.78,29.65,29.56,15,10,5,23,14,,0.20,,Rain-Thunderstorm,155
1959-5-11,82,72,62,68,64,59,97,80,58,29.96,29.81,29.69,15,11,5,13,7,,0.00,0,Fog-Rain,83
1959-5-12,86,74,62,66,64,61,100,75,44,30.07,30.01,29.96,15,12,7,12,5,,0.00,0,,353
1959-5-13,89,76,64,68,65,62,96,69,44,30.13,30.07,30.01,15,14,10,8,3,,0.00,0,,342
1959-5-14,82,75,66,67,58,52,90,61,37,30.18,30.09,30.02,15,15,10,25,9,,0.00,0,,6
1959-5-15,78,70,61,63,58,52,75,66,60,30.12,30.07,30.00,15,13,10,16,9,,0.02,0,Rain,34
1959-5-16,84,76,68,68,65,59,90,71,47,30.06,29.98,29.88,15,11,8,15,8,,0.00,,Rain,135
1959-5-17,86,78,70,69,68,66,97,74,51,29.96,29.88,29.79,15,12,7,18,11,,0.00,,,171
1959-5-18,90,80,71,70,68,67,91,71,46,29.84,29.77,29.67,15,13,10,16,12,,0.00,0,,166
1959-5-19,91,82,72,71,69,67,93,71,46,29.79,29.74,29.68,15,15,15,16,11,,0.00,0,,164
1959-5-20,91,82,72,70,69,67,93,70,48,29.87,29.80,29.75,15,14,10,15,11,,0.00,0,,159
1959-5-21,89,78,68,72,65,59,79,66,49,29.89,29.84,29.68,15,15,10,25,11,,0.01,,Rain,175
1959-5-22,91,83,73,74,71,66,94,74,52,30.05,29.90,29.86,15,12,7,21,13,,0.00,,Rain,151
1959-5-23,79,72,64,68,65,62,100,85,62,30.15,30.08,30.02,15,12,4,20,13,,0.06,,Rain-Thunderstorm,17
1959-5-24,82,73,64,69,66,63,96,77,56,30.13,30.06,29.97,15,13,9,12,5,,0.00,,,44
1959-5-25,88,78,68,72,70,67,100,78,55,30.01,29.95,29.85,15,11,0,23,7,,0.00,0,Fog,162
1959-5-26,87,80,73,74,71,69,91,76,59,29.93,29.88,29.86,15,13,9,16,13,,0.00,0,Rain,167
1959-5-27,90,82,73,72,70,67,91,73,46,30.06,30.00,29.95,15,13,10,17,11,,0.00,,Rain,163
1959-5-28,90,81,72,71,68,65,97,70,45,30.10,30.05,29.98,15,12,3,14,9,,0.00,0,Fog,157
1959-5-29,91,80,68,68,66,62,93,64,38,30.02,29.96,29.88,15,12,10,10,4,,0.00,0,,167
1959-5-30,93,82,71,70,67,64,81,62,41,29.90,29.85,29.79,15,13,10,10,3,,0.00,0,,112
1959-5-31,95,82,70,70,67,63,93,61,34,29.86,29.82,29.78,15,15,10,12,4,,0.00,0,,172
1959-6-1,91,81,71,71,69,64,96,69,39,29.94,29.89,29.85,15,14,10,13,7,,0.00,0,,170
1959-6-2,91,80,70,71,66,62,90,66,41,30.06,29.97,29.91,15,15,15,22,10,,0.00,0,,47
1959-6-3,90,81,72,72,70,67,91,77,50,30.04,29.99,29.92,15,14,3,18,5,,0.21,,Rain-Thunderstorm,81
1959-6-4,91,78,66,75,71,66,97,76,48,30.00,29.93,29.87,15,14,5,16,7,,0.88,,Rain-Thunderstorm,142
1959-6-5,90,79,68,74,70,63,96,81,55,29.98,29.91,29.82,15,13,4,28,8,,0.21,0,Fog-Rain-Thunderstorm,162
1959-6-6,84,75,66,68,66,65,97,78,55,29.98,29.92,29.88,15,14,10,12,7,,0.00,,,24
1959-6-7,87,78,69,68,64,60,90,66,40,29.94,29.89,29.84,15,11,7,13,7,,0.00,0,,49
1959-6-8,90,78,66,68,64,60,93,64,39,29.90,29.86,29.81,15,10,5,9,4,,0.00,0,Fog,357
1959-6-9,93,82,72,71,67,64,87,62,37,29.88,29.83,29.73,15,10,5,12,4,,0.00,0,,178
1959-6-10,95,85,75,74,72,70,94,69,44,29.83,29.79,29.75,15,15,10,15,11,,0.00,0,,167
1959-6-11,95,86,78,75,74,72,88,70,47,29.88,29.83,29.80,15,13,10,14,10,,0.00,0,,172
1959-6-12,95,82,69,76,70,66,96,69,40,30.04,29.90,29.83,15,13,7,25,9,,0.00,0,Rain,123
1959-6-13,93,82,72,70,68,66,87,62,41,29.94,29.91,29.86,15,15,15,20,10,,0.00,0,,13
1959-6-14,93,83,73,71,66,64,82,59,38,29.95,29.91,29.87,15,11,10,15,9,,0.00,0,,36
1959-6-15,95,83,71,70,66,63,78,60,37,29.95,29.91,29.85,15,10,10,13,8,,0.00,0,,61
1959-6-16,93,82,70,71,68,65,93,65,41,29.90,29.85,29.80,15,12,10,14,6,,0.00,0,,76
1959-6-17,95,84,73,71,68,62,90,61,33,29.88,29.84,29.79,10,10,10,17,7,,0.00,0,,40
1959-6-18,97,84,71,71,67,64,87,59,34,29.92,29.87,29.83,10,10,8,10,4,,0.00,0,,147
1959-6-19,98,86,73,71,67,63,84,56,31,29.97,29.92,29.87,15,11,8,12,5,,0.00,0,,166
1959-6-20,98,86,75,70,67,62,69,54,36,30.00,29.93,29.84,10,10,10,12,5,,0.00,0,,126
1959-6-21,97,88,78,73,70,67,81,59,37,29.89,29.83,29.74,10,10,8,15,6,,0.00,0,,165
1959-6-22,93,85,77,73,71,66,88,67,45,29.88,29.83,29.79,10,9,4,17,12,,0.00,0,,166
1959-6-23,95,86,77,74,71,69,90,67,44,29.89,29.86,29.79,15,13,10,20,10,,0.00,,Rain,170
1959-6-24,88,82,75,77,73,71,96,81,57,29.88,29.85,29.80,15,14,7,16,10,,0.20,,Rain-Thunderstorm,149
1959-6-25,82,77,72,74,73,71,100,92,74,29.88,29.84,29.80,15,10,1,17,10,,1.76,,Rain,139
1959-6-26,91,83,75,75,74,73,100,79,57,29.87,29.83,29.78,10,10,8,26,18,,0.00,,Rain,151
1959-6-27,91,83,75,74,73,70,96,73,50,29.96,29.92,29.88,15,13,10,20,15,,0.00,,,164
1959-6-28,91,83,75,75,72,69,94,71,47,30.04,29.98,29.94,15,13,10,20,13,,0.00,0,,170
1959-6-29,93,84,75,75,72,69,96,71,47,30.06,30.01,29.95,15,13,10,17,11,,0.00,0,,168
1959-6-30,93,83,73,74,71,66,97,70,42,30.03,29.97,29.87,15,13,10,14,9,,0.00,0,,173
1959-7-1,93,83,73,73,71,68,94,70,44,30.06,30.00,29.95,15,12,7,13,8,,0.00,0,,163
1959-7-2,95,84,73,73,68,60,91,63,32,30.15,30.10,30.05,15,11,7,9,5,,0.00,0,,197
1959-7-3,96,84,73,69,65,60,81,54,30,30.12,30.06,29.97,10,10,8,14,4,,0.00,0,,192
1959-7-4,96,84,71,70,67,64,84,59,37,30.01,29.94,29.84,15,12,8,15,8,,0.00,0,,177
1959-7-5,95,84,73,72,70,65,91,65,40,29.96,29.91,29.85,15,13,10,15,9,,0.00,0,,170
1959-7-6,95,85,75,73,71,68,91,65,41,30.03,29.98,29.93,15,12,8,13,9,,0.00,0,,173
1959-7-7,95,85,75,73,70,67,90,66,41,30.08,30.02,29.95,15,12,10,15,9,,0.00,0,,168
1959-7-8,96,86,75,74,70,63,94,64,36,30.05,30.00,29.93,15,12,10,12,8,,0.00,0,,162
1959-7-9,97,86,75,72,70,65,90,66,35,30.13,30.08,30.01,15,11,10,23,6,,0.01,0,Rain-Thunderstorm,117
1959-7-10,96,84,73,72,69,65,93,63,37,30.09,30.02,29.91,15,10,8,13,4,,0.00,0,,30
1959-7-11,95,86,77,73,71,68,88,64,41,30.00,29.95,29.88,15,11,8,13,6,,0.00,,Rain-Thunderstorm,264
1959-7-12,93,82,72,71,69,64,93,66,37,29.99,29.95,29.90,15,11,10,12,5,,0.00,0,,226
1959-7-13,93,83,73,72,70,68,87,72,44,30.06,30.00,29.96,15,10,7,20,4,,0.00,,,149
1959-7-14,95,84,73,73,71,66,96,72,41,30.05,29.99,29.92,15,12,7,18,6,,0.00,0,,151
1959-7-15,95,85,75,74,71,65,96,68,38,30.03,29.97,29.88,15,13,8,15,9,,0.00,0,,164
1959-7-16,96,86,75,74,71,65,94,65,37,30.02,29.96,29.88,15,14,10,16,10,,0.00,0,,170
1959-7-17,96,84,73,72,68,62,93,61,32,30.02,29.95,29.87,15,12,8,14,8,,0.00,0,,166
1959-7-18,97,85,73,72,69,64,93,63,35,29.95,29.91,29.84,15,12,6,14,10,,0.00,0,,178
1959-7-19,93,84,75,74,71,66,94,67,40,30.00,29.93,29.87,15,13,10,17,9,,0.00,,Rain,161
1959-7-20,93,82,71,74,71,66,100,74,41,30.01,29.95,29.87,15,14,1,17,7,,1.40,,Rain-Thunderstorm,131
1959-7-21,91,82,72,75,72,69,100,83,52,30.01,29.96,29.90,15,12,6,18,7,,1.46,,Rain-Thunderstorm,116
1959-7-22,93,83,73,75,72,69,97,73,44,30.03,29.97,29.91,15,14,10,12,3,,0.00,0,,186
1959-7-23,97,86,75,74,71,68,91,65,40,30.00,29.94,29.87,15,14,10,12,4,,0.00,0,,79
1959-7-24,91,82,73,76,72,70,97,78,52,29.98,29.92,29.87,15,13,5,16,9,,0.11,,Rain,6
1959-7-25,87,80,73,72,70,68,93,78,55,29.91,29.88,29.84,15,14,10,28,12,,0.00,,Rain,350
1959-7-26,93,82,71,70,66,64,87,65,38,29.93,29.88,29.86,15,15,15,14,8,,0.00,0,,292
1959-7-27,93,83,73,74,72,69,100,75,45,29.95,29.90,29.85,15,13,7,23,8,,0.37,0,Rain-Thunderstorm,171
1959-7-28,93,83,73,76,72,69,100,74,45,29.97,29.92,29.87,15,12,7,15,7,,0.11,0,,154
1959-7-29,93,84,75,75,73,69,94,76,44,30.08,30.02,29.95,15,14,7,14,8,,0.00,0,Rain-Thunderstorm,142
1959-7-30,93,82,72,74,72,70,97,73,47,30.17,30.12,30.06,15,14,10,13,5,,0.00,0,Rain-Thunderstorm,127
1959-7-31,96,84,73,74,71,66,97,65,37,30.17,30.09,30.00,15,15,10,8,4,,0.00,0,,157
1959-8-1,98,86,75,74,71,67,90,62,36,30.07,30.02,29.92,15,13,10,12,5,,0.00,0,Rain,179
1959-8-2,98,88,77,73,71,69,88,60,39,30.00,29.95,29.88,15,14,10,12,6,,0.00,0,,181
1959-8-3,100,88,75,73,68,61,90,58,29,29.96,29.91,29.85,15,14,6,12,7,,0.00,0,,168
1959-8-4,99,87,75,74,69,60,94,61,28,29.93,29.88,29.81,15,15,10,13,10,,0.00,0,,173
1959-8-5,98,86,73,74,70,66,94,62,35,29.90,29.86,29.80,15,14,10,12,8,,0.00,0,,158
1959-8-6,98,86,75,74,72,68,91,63,37,29.94,29.89,29.86,15,15,10,14,6,,0.00,0,,156
1959-8-7,100,89,78,74,71,64,87,59,31,29.99,29.93,29.87,15,15,10,13,7,,0.00,0,,130
1959-8-8,90,82,73,75,73,70,100,80,53,29.95,29.93,29.88,15,12,6,17,7,,0.34,0,Rain-Thunderstorm,259
1959-8-9,91,81,71,74,67,60,97,67,37,29.97,29.92,29.87,15,14,10,10,5,,0.00,0,,356
1959-8-10,93,82,72,68,65,57,81,59,31,29.98,29.94,29.90,15,15,10,12,7,,0.00,0,,41
1959-8-11,95,84,72,73,68,59,87,62,30,30.06,30.01,29.95,15,13,10,14,7,,0.00,0,,63
1959-8-12,95,85,75,74,69,61,91,64,32,30.06,30.01,29.92,15,10,4,10,5,,0.00,0,Fog,113
1959-8-13,95,84,73,74,70,67,87,69,40,30.02,29.96,29.87,15,10,4,15,6,,0.00,0,,114
1959-8-14,91,82,73,74,71,68,96,78,47,29.99,29.96,29.91,15,11,4,16,8,,0.00,0,Fog-Rain-Thunderstorm,130
1959-8-15,93,83,73,76,72,67,97,79,44,30.05,29.99,29.91,15,13,3,14,7,,0.15,0,Fog-Rain,139
1959-8-16,96,84,72,73,71,67,100,70,38,29.99,29.94,29.84,15,12,6,14,8,,0.00,0,Fog,162
1959-8-17,96,86,75,74,72,69,96,71,41,29.98,29.93,29.86,15,13,8,24,10,,0.00,0,,164
1959-8-18,97,87,77,75,72,67,94,68,37,30.03,29.97,29.91,15,13,10,17,10,,0.00,,,158
1959-8-19,97,85,73,74,71,67,97,68,39,30.04,29.98,29.91,15,11,7,14,8,,0.00,,,152
1959-8-20,95,85,75,75,72,67,94,77,40,30.02,29.97,29.90,15,11,7,12,6,,0.31,0,,133
1959-8-21,93,82,72,72,70,66,100,74,41,30.01,29.95,29.88,15,11,0,16,6,,0.00,,Fog,111
1959-8-22,91,82,73,72,70,68,91,72,47,29.99,29.93,29.87,15,12,10,17,6,,0.00,0,,74
1959-8-23,79,76,73,74,73,72,97,90,82,30.01,29.96,29.93,15,10,2,12,7,,1.24,,Rain-Thunderstorm,88
1959-8-24,84,78,71,73,71,69,100,87,61,30.07,30.02,29.99,15,10,2,20,9,,0.10,0,Fog-Rain,68
1959-8-25,82,76,70,74,71,69,100,88,65,30.02,29.97,29.90,15,10,1,13,7,,0.22,0,Fog-Rain-Thunderstorm,61
1959-8-26,78,76,73,76,74,72,100,96,90,29.92,29.86,29.81,15,9,2,14,10,,0.48,,Fog-Rain,78
1959-8-27,88,82,75,76,75,73,100,86,65,29.96,29.90,29.86,15,12,6,20,10,,1.01,,Rain-Thunderstorm,154
1959-8-28,93,85,77,76,73,70,96,73,47,30.04,29.98,29.91,15,13,10,12,8,,0.00,0,,171
1959-8-29,95,85,75,74,70,32,96,70,16,29.99,29.92,29.84,15,13,8,16,8,,0.00,0,,183
1959-8-30,98,86,73,74,72,67,97,69,38,29.86,29.80,29.72,15,12,2,15,8,,0.00,0,Fog,182
1959-8-31,91,78,64,74,63,32,100,67,13,29.93,29.79,29.72,15,13,5,31,11,,0.94,0,Rain-Thunderstorm,135
1959-9-1,98,86,75,77,74,72,100,73,43,29.80,29.75,29.70,15,12,7,15,8,,0.00,0,,170
1959-9-2,93,86,78,76,74,72,90,72,52,29.91,29.83,29.77,15,13,10,18,11,,0.00,0,,150
1959-9-3,95,86,77,76,72,68,94,70,44,29.97,29.92,29.87,15,13,10,15,10,,0.00,0,,158
1959-9-4,96,86,75,75,72,66,96,70,37,30.04,29.97,29.90,15,12,7,16,9,,0.00,0,,163
1959-9-5,96,86,75,75,70,61,94,65,33,30.02,29.95,29.87,15,12,10,15,10,,0.00,0,,174
1959-9-6,95,84,73,73,69,63,94,66,34,29.95,29.90,29.85,15,13,10,15,10,,0.00,0,,169
1959-9-7,91,82,73,73,70,68,96,76,45,30.00,29.95,29.91,15,11,0,12,7,,0.13,0,Fog-Rain-Thunderstorm,169
1959-9-8,80,76,72,73,71,69,96,86,69,30.06,29.99,29.93,15,12,3,15,6,,0.05,,Fog-Rain,117
1959-9-9,93,83,73,74,71,67,97,74,44,30.04,29.99,29.93,15,12,3,10,7,,0.00,,Fog,125
1959-9-10,91,82,73,73,69,63,91,67,45,30.13,30.07,30.03,10,10,10,21,8,,0.00,0,,5
1959-9-11,84,76,66,63,56,47,73,53,29,30.18,30.11,30.05,15,13,6,21,14,,0.00,0,,4
1959-9-12,82,70,59,56,50,44,62,50,39,30.14,30.09,30.03,15,15,15,22,12,,0.00,0,,3
1959-9-13,75,69,63,67,61,54,100,75,48,30.10,30.05,30.02,15,10,4,15,12,,0.99,,Fog-Rain,354
1959-9-14,73,70,66,67,65,62,100,89,76,30.02,29.96,29.88,10,8,2,14,8,,0.15,0,Fog-Rain,354
1959-9-15,89,76,62,67,64,62,100,75,42,29.90,29.83,29.74,15,10,3,9,2,,0.00,0,Fog,156
1959-9-16,91,78,66,71,66,63,100,71,39,29.88,29.83,29.78,15,10,1,14,4,,0.00,0,Fog,128
1959-9-17,91,78,66,70,67,64,100,73,42,30.05,29.98,29.89,15,10,0,15,6,,0.00,0,Fog,122
1959-9-18,90,78,66,70,66,62,100,71,39,30.17,30.10,30.07,15,10,0,12,5,,0.00,0,Fog,134
1959-9-19,89,80,71,72,68,63,96,73,42,30.20,30.12,30.05,15,11,2,13,5,,0.00,0,Fog,135
1959-9-20,91,81,71,73,69,63,100,72,38,30.12,30.06,29.96,15,12,0,13,8,,0.00,0,Fog,152
1959-9-21,90,81,72,73,69,66,100,73,45,30.06,29.99,29.91,15,9,0,12,7,,0.00,0,Fog,143
1959-9-22,84,78,73,74,72,67,100,81,56,29.99,29.95,29.91,15,12,6,16,9,,0.01,0,Fog-Rain,137
1959-9-23,84,76,69,75,71,69,100,89,63,30.05,30.00,29.96,15,12,1,12,7,,2.56,,Rain-Thunderstorm,111
1959-9-24,84,78,72,75,72,70,100,88,65,30.03,29.98,29.90,15,10,0,13,6,,0.00,0,Fog,132
1959-9-25,90,82,75,75,73,68,100,82,48,29.96,29.84,29.73,15,12,4,14,9,,0.23,,Fog-Rain-Thunderstorm,161
1959-9-26,93,84,75,77,74,73,96,78,54,29.79,29.73,29.63,15,14,10,18,10,,0.00,0,Rain,185
1959-9-27,95,86,78,76,74,71,90,75,46,29.83,29.77,29.72,15,12,10,20,12,,0.00,,,172
1959-9-28,93,85,77,76,75,73,94,77,52,29.88,29.83,29.76,15,11,10,18,13,,0.00,,,167
1959-9-29,89,78,66,73,69,65,97,77,52,29.96,29.91,29.84,15,14,7,25,11,,0.25,,Rain-Thunderstorm,110
1959-9-30,90,81,72,74,71,66,96,79,45,29.92,29.87,29.79,15,12,10,15,8,,0.00,,,148
1959-10-1,91,82,73,74,72,69,97,78,50,29.89,29.85,29.77,15,12,7,17,9,,0.00,0,,147
1959-10-2,93,84,75,74,72,69,94,74,45,29.86,29.80,29.72,15,13,10,18,13,,0.00,,,162
1959-10-3,89,82,75,76,73,69,94,81,52,29.83,29.77,29.73,15,11,0,23,13,,0.42,,Rain-Thunderstorm,158
1959-10-4,80,73,66,75,70,66,100,90,79,29.95,29.82,29.73,15,12,2,23,13,,3.22,,Rain-Thunderstorm,315
1959-10-5,80,71,62,64,62,60,100,77,54,30.03,29.98,29.94,15,14,10,12,6,,0.00,0,,360
1959-10-6,84,74,64,66,61,56,96,70,37,29.99,29.93,29.85,15,13,10,12,5,,0.00,0,,335
1959-10-7,87,73,59,67,62,58,96,73,46,29.88,29.77,29.67,15,14,10,14,4,,0.00,0,,184
1959-10-8,82,75,68,71,66,54,96,75,50,29.92,29.78,29.69,15,12,4,16,8,,0.00,0,Fog,285
1959-10-9,80,70,61,65,55,48,78,61,50,30.00,29.92,29.85,15,15,10,15,11,,0.00,0,Rain,37
1959-10-10,90,78,66,69,67,65,100,75,45,29.90,29.86,29.82,15,12,3,14,7,,0.00,0,Fog,178
1959-10-11,89,76,63,69,65,63,100,72,43,30.05,29.99,29.91,15,13,8,12,4,,0.00,0,,143
1959-10-12,88,76,64,72,67,64,97,75,48,30.04,29.97,29.89,15,12,8,12,3,,0.00,0,,157
1959-10-13,80,73,66,76,71,65,100,94,84,29.92,29.86,29.78,15,9,2,21,8,,0.99,,Fog-Rain,161
1959-10-14,66,62,57,65,55,52,96,83,68,30.02,29.95,29.88,15,12,6,20,14,,0.00,0,Fog-Rain,355
1959-10-15,72,62,53,54,50,47,84,66,43,30.09,30.03,29.99,15,15,15,14,9,,0.00,0,,7
1959-10-16,75,63,51,55,51,48,89,67,38,30.08,30.02,29.98,15,15,15,9,5,,0.00,0,,356
1959-10-17,73,64,55,55,52,46,87,64,48,30.18,30.12,30.02,15,15,15,21,10,,0.00,0,,344
1959-10-18,71,60,48,47,41,36,71,52,29,30.21,30.14,30.06,15,15,15,15,10,,0.00,0,,355
1959-10-19,75,60,46,50,46,43,97,67,33,30.09,30.03,29.96,15,14,10,8,4,,0.00,0,,24
1959-10-20,80,64,48,60,52,47,93,71,40,30.01,29.95,29.89,15,14,8,12,2,,0.00,0,,131
1959-10-21,84,69,54,61,56,51,93,69,37,30.01,29.95,29.90,15,10,8,9,2,,0.00,0,,111
1959-10-22,84,70,55,63,58,55,100,74,41,29.99,29.92,29.86,15,10,2,13,3,,0.00,0,Fog,196
1959-10-23,90,74,57,67,61,55,97,71,39,29.90,29.82,29.72,15,11,3,16,6,,0.00,0,Fog,204
1959-10-24,75,66,55,53,40,33,72,39,22,30.14,30.03,29.92,15,15,15,20,13,,0.00,0,,332
1959-10-25,82,66,51,51,45,41,80,48,26,30.01,29.86,29.71,15,15,15,15,7,,0.00,0,,228
1959-10-26,84,72,61,66,55,34,93,60,27,29.93,29.74,29.65,15,15,10,23,11,,0.00,0,,256
1959-10-27,68,57,45,37,34,32,74,48,28,30.19,30.09,29.95,15,15,15,23,16,,0.00,0,,360
1959-10-28,72,58,43,52,44,36,86,66,42,30.12,30.03,29.93,15,15,10,12,7,,0.00,0,,38
1959-10-29,66,60,54,64,58,50,93,87,73,29.99,29.93,29.88,15,9,3,10,4,,0.07,0,Rain,96
1959-10-30,79,72,64,72,68,63,100,94,79,30.04,29.95,29.89,10,7,1,12,8,,0.10,,Fog-Rain,103
1959-10-31,72,69,64,72,69,63,100,98,93,30.21,30.11,30.03,15,7,0,16,9,,1.18,,Fog-Rain,28
1959-11-1,66,62,59,64,61,58,100,96,90,30.27,30.21,30.16,10,6,2,14,9,,0.00,,Fog,355
1959-11-2,75,70,64,71,67,64,100,95,87,30.17,30.10,30.03,8,3,0,15,5,,0.01,,Fog,78
1959-11-3,79,75,64,73,70,64,100,88,76,30.02,29.86,29.71,15,10,4,17,11,,0.98,,Fog-Rain-Thunderstorm,170
1959-11-4,84,72,57,71,54,44,97,61,25,29.81,29.73,29.66,15,13,9,16,10,,0.01,0,Rain,250
1959-11-5,61,52,41,50,38,25,89,60,40,30.57,30.21,29.81,15,15,15,26,12,,0.00,0,,339
1959-11-6,48,39,30,30,23,15,92,53,31,30.78,30.67,30.60,15,15,15,25,16,,0.00,0,,355
1959-11-7,59,44,28,32,27,18,92,60,25,30.58,30.45,30.33,15,14,10,9,4,,0.00,0,,178
1959-11-8,61,46,30,36,30,25,96,60,25,30.45,30.38,30.34,15,15,15,8,3,,0.00,0,,29
1959-11-9,68,52,37,41,34,29,89,59,25,30.47,30.39,30.32,15,15,15,7,4,,0.00,0,,290
1959-11-10,63,51,39,54,43,36,93,75,51,30.30,30.17,30.04,15,11,10,12,3,,0.00,0,Rain,180
1959-11-11,77,62,48,60,54,47,100,79,52,30.11,30.05,30.01,10,9,7,13,3,,0.00,,,162
1959-11-12,78,64,51,64,55,49,92,78,50,30.08,29.96,29.84,15,12,6,17,7,,0.00,0,Fog,202
1959-11-13,72,56,37,67,56,33,93,87,76,30.23,29.95,29.83,15,10,8,24,12,,0.00,,Rain,212
1959-11-14,37,34,30,31,28,27,96,85,67,30.51,30.39,30.27,15,10,2,29,17,,0.77,,Fog-Rain,348
1959-11-15,39,36,32,38,33,28,100,91,79,30.38,30.26,30.15,15,9,4,8,5,,0.14,,Fog-Rain,262
1959-11-16,70,53,34,58,43,28,100,82,63,30.51,30.18,30.07,15,10,3,25,8,,0.00,,Fog,187
1959-11-17,41,34,28,29,17,8,82,52,27,30.70,30.61,30.54,15,15,15,29,21,,0.00,0,,350
1959-11-18,55,41,27,30,19,12,82,50,22,30.58,30.44,30.30,15,15,15,13,6,,0.00,0,,348
1959-11-19,63,46,28,41,29,23,96,61,23,30.29,30.14,30.01,15,15,10,15,4,,0.00,0,,176
1959-11-20,70,54,39,55,48,40,100,78,55,30.01,29.94,29.90,15,11,4,15,5,,0.00,0,Fog,177
1959-11-21,64,58,51,54,50,47,89,76,61,30.03,29.96,29.90,15,12,10,15,7,,0.00,0,Rain,341
1959-11-22,75,60,45,58,52,44,100,77,47,29.90,29.85,29.79,15,11,4,16,4,,0.00,0,Fog-Rain,193
1959-11-23,63,56,46,57,40,34,87,58,40,30.04,29.96,29.90,15,13,10,12,7,,0.01,0,Rain,312
1959-11-24,68,57,46,42,35,27,83,53,21,30.13,30.04,29.92,15,14,10,21,9,,0.00,0,,313
1959-11-25,73,57,41,47,39,30,86,54,28,30.10,29.90,29.75,15,14,10,23,8,,0.00,0,,202
1959-11-26,69,58,42,53,40,24,93,63,37,30.22,29.91,29.75,15,15,15,24,11,,0.00,0,,296
1959-11-27,51,44,37,29,23,19,67,46,29,30.51,30.39,30.24,15,15,15,21,16,,0.00,0,,336
1959-11-28,55,44,33,26,22,18,73,50,23,30.59,30.50,30.44,15,15,15,18,8,,0.00,0,,318
1959-11-29,60,44,27,40,25,18,89,57,22,30.51,30.41,30.33,15,15,10,12,3,,0.00,0,,154
1959-11-30,68,52,35,50,43,35,100,75,42,30.34,30.28,30.22,15,11,7,15,5,,0.00,0,,148
1959-12-1,69,60,50,54,51,48,93,78,57,30.32,30.27,30.23,15,11,6,8,3,,0.00,0,,177
1959-12-2,64,54,42,54,36,26,93,55,24,30.45,30.35,30.30,15,14,10,18,9,,0.00,0,,341
1959-12-3,70,52,35,39,34,30,92,57,26,30.32,30.20,30.09,15,14,10,13,6,,0.00,0,,185
1959-12-4,64,56,48,56,47,38,96,76,57,30.08,29.98,29.90,15,14,7,18,8,,0.01,,Rain,182
1959-12-5,55,49,43,37,25,13,68,42,19,30.40,30.22,30.04,15,15,15,25,16,,0.00,0,,334
1959-12-6,64,49,34,26,23,17,67,40,18,30.39,30.27,30.14,15,15,15,16,9,,0.00,0,,269
1959-12-7,75,58,42,31,24,19,48,29,16,30.17,30.10,30.02,15,15,15,14,7,,0.00,0,,233
1959-12-8,72,56,39,57,44,27,93,64,39,30.10,30.05,29.99,15,14,10,18,7,,0.00,0,,169
1959-12-9,63,59,55,62,57,49,100,89,69,30.17,30.12,30.09,15,8,0,10,6,,0.03,,Fog-Rain,103
1959-12-10,73,66,60,66,63,60,100,89,68,30.10,30.00,29.90,15,9,0,16,8,,0.00,,Fog,169
1959-12-11,70,62,54,64,58,40,97,82,59,29.98,29.86,29.80,15,12,7,15,10,,0.11,0,Rain,252
1959-12-12,66,55,44,40,34,28,74,51,24,30.14,30.07,30.00,15,15,15,12,7,,0.00,0,,315
1959-12-13,68,54,39,45,38,34,93,62,28,30.16,30.07,30.00,15,13,10,14,6,,0.00,0,,141
1959-12-14,69,60,51,61,56,46,100,87,68,30.01,29.88,29.78,15,7,1,21,11,,0.01,,Fog-Rain,125
1959-12-15,68,58,48,67,52,46,100,88,72,29.88,29.80,29.63,15,11,2,34,17,,0.69,,Fog-Rain,307
1959-12-16,57,50,42,49,46,40,93,86,62,29.90,29.85,29.78,15,12,5,22,12,,0.23,0,Rain,275
1959-12-17,55,50,44,46,43,39,93,78,62,30.11,29.88,29.77,15,14,10,17,10,,0.01,0,Rain,257
1959-12-18,55,50,45,46,43,39,86,77,62,30.36,30.27,30.13,15,15,10,20,12,,0.00,0,,327
1959-12-19,57,48,39,38,35,31,89,67,37,30.44,30.37,30.30,15,15,15,12,8,,0.00,0,,358
1959-12-20,59,46,34,40,36,33,97,77,46,30.34,30.29,30.25,15,15,15,7,3,,0.00,0,,338
1959-12-21,60,48,36,44,38,34,97,73,47,30.39,30.31,30.26,15,13,10,9,5,,0.00,0,,46
1959-12-22,57,50,43,52,45,38,89,80,70,30.24,30.13,30.05,10,8,6,10,5,,0.00,,,57
1959-12-23,59,56,53,54,51,47,100,87,69,30.19,30.12,30.06,10,5,0,14,7,,0.00,,Fog,354
1959-12-24,57,54,50,52,50,47,96,87,77,30.26,30.19,30.15,10,6,2,9,7,,0.00,,Fog,63
1959-12-25,61,56,50,61,54,50,100,98,89,30.16,30.07,29.96,10,3,0,13,8,,0.01,,Fog,127
1959-12-26,72,66,61,64,62,60,100,90,73,29.95,29.83,29.73,10,7,0,24,13,,0.00,,Fog-Rain,167
1959-12-27,66,54,42,65,39,31,96,58,37,30.04,29.92,29.79,15,14,8,20,11,,0.04,0,Rain,313
1959-12-28,62,50,39,35,32,28,70,53,30,30.09,30.02,29.96,15,15,15,15,8,,0.00,0,,287
1959-12-29,55,47,39,36,33,28,76,60,34,30.17,30.10,30.04,15,15,15,15,7,,0.00,0,,301
1959-12-30,53,46,39,38,35,32,82,65,45,30.20,30.11,30.07,15,15,15,10,5,,0.00,,,63
1959-12-31,46,44,42,47,42,38,100,88,71,30.06,29.93,29.84,15,12,1,17,10,,0.91,,Fog-Rain,42
