
CST,Max TemperatureF,Mean TemperatureF,Min TemperatureF,Max Dew PointF,MeanDew PointF,Min DewpointF,Max Humidity, Mean Humidity, Min Humidity, Max Sea Level PressureIn, Mean Sea Level PressureIn, Min Sea Level PressureIn, Max VisibilityMiles, Mean VisibilityMiles, Min VisibilityMiles, Max Wind SpeedMPH, Mean Wind SpeedMPH, Max Gust SpeedMPH,PrecipitationIn, CloudCover, Events, WindDirDegrees
1972-1-1,57,54,52,56,54,51,100,98,93,30.06,29.94,29.85,10,4,1,10,6,,0.00,,Fog-Rain,20
1972-1-2,57,51,45,51,46,40,97,83,69,30.05,29.94,29.82,15,14,8,10,7,,0.00,0,,358
1972-1-3,64,58,51,63,55,49,100,97,92,29.83,29.76,29.66,10,4,0,21,10,,0.02,,Fog-Rain,201
1972-1-4,41,34,27,39,25,17,93,79,66,30.40,30.17,29.94,15,12,4,23,19,,0.06,,Rain,353
1972-1-5,37,29,21,19,14,11,66,56,36,30.48,30.38,30.26,15,15,15,21,12,,0.00,0,,352
1972-1-6,55,40,24,32,25,19,84,62,40,30.29,30.24,30.19,15,15,15,9,5,,0.00,0,,182
1972-1-7,59,46,32,36,33,29,88,67,39,30.39,30.32,30.28,15,14,10,9,5,,0.00,0,,144
1972-1-8,66,56,45,62,51,37,96,88,74,30.27,30.08,29.92,15,9,1,10,5,,0.01,,Fog,185
1972-1-9,71,68,60,65,64,59,100,92,78,29.91,29.83,29.75,9,7,2,13,9,,0.00,,Fog,210
1972-1-10,66,60,55,57,54,51,100,83,60,29.84,29.80,29.75,15,9,0,16,5,,0.01,0,Fog,222
1972-1-11,62,53,44,46,37,30,86,59,41,30.12,30.01,29.87,15,15,15,21,10,,0.00,0,,354
1972-1-12,73,55,37,49,42,34,86,63,37,29.99,29.83,29.67,15,14,10,17,7,,0.00,0,,209
1972-1-13,59,55,45,58,42,31,97,68,39,30.04,29.81,29.66,15,13,5,20,10,,0.00,0,Fog,41
1972-1-14,53,44,35,30,26,22,70,53,34,30.45,30.26,30.13,15,15,15,21,17,,0.00,0,,25
1972-1-15,37,30,24,17,14,11,59,52,41,30.74,30.67,30.58,15,15,15,24,19,,0.00,0,,20
1972-1-16,51,37,23,28,21,17,78,58,38,30.70,30.60,30.45,15,15,15,9,7,,0.00,0,,107
1972-1-17,60,50,39,53,42,33,82,76,67,30.42,30.25,30.12,15,12,7,12,6,,0.00,,Rain,163
1972-1-18,70,64,57,60,57,54,93,83,65,30.08,29.99,29.92,15,11,6,14,8,,0.00,,Fog-Rain,205
1972-1-19,70,62,55,61,59,55,100,92,73,30.06,30.00,29.96,10,5,0,12,5,,0.00,0,Fog,180
1972-1-20,82,72,63,64,58,49,97,72,33,29.99,29.93,29.85,15,9,2,13,9,,0.00,0,Fog,201
1972-1-21,64,55,46,45,42,39,77,65,46,30.00,29.91,29.84,15,11,5,12,7,,0.00,0,,39
1972-1-22,82,66,50,55,45,31,97,62,17,29.82,29.75,29.65,15,10,2,12,7,,0.00,0,Fog,235
1972-1-23,87,66,45,52,38,33,76,44,15,29.82,29.76,29.71,15,15,15,15,6,,0.00,0,,210
1972-1-24,72,66,60,63,57,34,100,80,35,30.11,29.85,29.75,15,8,0,24,10,,0.00,0,Fog,199
1972-1-25,64,54,45,31,26,20,53,36,19,30.41,30.31,30.21,15,15,15,21,15,,0.00,0,,55
1972-1-26,60,54,48,59,44,27,96,70,43,30.30,30.20,30.10,15,9,1,9,5,,0.00,,Fog-Rain,64
1972-1-27,80,67,45,66,59,41,100,82,50,30.18,30.08,30.01,15,11,8,21,10,,0.00,,Fog,158
1972-1-28,45,40,34,39,35,33,96,88,79,30.27,30.21,30.16,10,6,1,15,12,,0.00,,Fog-Rain,25
1972-1-29,37,36,35,37,36,34,100,96,93,30.13,30.09,30.03,10,6,1,18,9,,0.42,,Fog-Rain-Thunderstorm,31
1972-1-30,42,38,35,34,32,30,92,81,65,30.27,30.18,30.09,15,9,5,21,18,,0.04,,Fog-Rain,19
1972-1-31,45,40,35,33,27,23,83,66,43,30.29,30.21,30.11,15,14,3,17,10,,0.08,,Fog-Rain,57
1972-2-1,46,42,37,41,36,32,93,82,76,30.07,29.92,29.81,15,10,7,9,8,,0.01,,Rain,125
1972-2-2,60,52,35,46,40,24,93,76,53,30.15,29.86,29.75,15,12,7,23,10,,0.00,,,252
1972-2-3,45,36,26,15,11,9,49,39,25,30.49,30.41,30.27,15,15,15,25,19,,0.00,0,,1
1972-2-4,53,39,25,23,19,17,75,52,24,30.63,30.55,30.51,15,15,15,16,6,,0.00,0,,201
1972-2-5,59,46,39,58,42,26,100,82,58,30.47,30.26,30.04,15,9,1,13,6,,0.01,,Fog-Rain,155
1972-2-6,75,68,48,60,50,32,100,71,25,30.03,29.93,29.83,15,10,7,16,10,,0.00,,,272
1972-2-7,46,40,33,34,28,22,73,64,46,30.27,30.19,30.10,15,14,10,21,18,,0.00,0,,17
1972-2-8,53,40,28,35,31,26,89,70,47,30.30,30.26,30.22,15,11,3,9,7,,0.00,0,,63
1972-2-9,63,48,33,38,32,28,92,61,30,30.31,30.24,30.15,15,11,4,10,4,,0.00,0,Fog,200
1972-2-10,60,50,41,53,41,29,97,71,53,30.21,30.18,30.14,15,10,4,10,6,,0.00,,Fog-Rain,96
1972-2-11,53,46,39,52,43,39,97,96,93,30.25,30.21,30.16,10,4,0,15,10,,0.01,,Fog-Rain,4
1972-2-12,68,52,37,44,38,31,100,72,25,30.18,30.10,30.01,15,9,2,13,7,,0.00,,Fog,262
1972-2-13,68,56,44,43,41,38,86,63,33,30.17,30.07,29.99,15,14,10,12,9,,0.00,,,97
1972-2-14,73,60,46,60,50,41,90,73,55,29.99,29.86,29.75,15,14,10,16,10,,0.00,,,186
1972-2-15,66,56,46,62,43,38,97,61,40,29.93,29.86,29.78,15,14,10,15,12,,0.00,0,Fog,12
1972-2-16,69,56,43,41,39,36,86,56,32,29.89,29.83,29.75,15,15,15,13,9,,0.00,0,,15
1972-2-17,78,60,43,44,36,31,80,45,18,29.96,29.77,29.71,15,15,15,21,8,,0.00,0,,259
1972-2-18,66,57,48,29,27,24,46,32,21,30.32,30.21,30.04,15,15,15,13,10,,0.00,0,,26
1972-2-19,66,54,41,40,29,23,55,40,25,30.49,30.39,30.31,15,15,15,16,9,,0.00,0,,119
1972-2-20,73,62,50,57,51,41,87,72,53,30.30,30.21,30.12,15,13,7,20,10,,0.00,0,,181
1972-2-21,80,70,60,60,58,56,96,74,43,30.19,30.14,30.06,15,12,7,22,13,,0.00,0,,189
1972-2-22,75,67,59,60,57,54,90,76,50,30.27,30.20,30.13,15,13,7,14,8,,0.00,0,,185
1972-2-23,78,70,61,61,58,56,93,75,46,30.17,30.02,29.91,15,12,10,23,13,,0.00,,,190
1972-2-24,82,72,61,60,58,56,90,69,41,29.91,29.82,29.72,15,14,10,18,13,,0.00,0,,198
1972-2-25,82,72,62,62,61,59,96,76,47,29.81,29.76,29.70,15,11,6,20,11,,0.00,0,Fog,196
1972-2-26,66,59,52,64,49,40,97,68,53,30.15,30.05,29.83,15,10,7,23,13,,0.00,,,37
1972-2-27,73,60,46,48,44,39,74,56,37,30.19,30.14,30.10,15,12,8,9,7,,0.00,0,,29
1972-2-28,78,63,48,58,51,44,86,67,46,30.14,30.07,29.97,15,13,6,14,6,,0.00,0,,191
1972-2-29,77,70,64,64,61,57,97,76,50,30.00,29.83,29.65,15,12,5,14,9,,0.00,0,Fog,183
1972-3-1,78,70,57,65,60,35,97,78,42,29.80,29.65,29.55,15,10,5,23,12,,0.00,0,Fog,203
1972-3-2,63,52,42,27,23,17,49,35,18,30.10,30.01,29.92,15,13,10,21,17,,0.00,0,,4
1972-3-3,73,56,39,49,32,20,62,43,28,30.04,29.89,29.70,15,15,15,17,9,,0.00,0,,191
1972-3-4,75,68,60,59,52,46,87,64,38,30.01,29.81,29.70,15,12,9,17,14,,0.00,0,,292
1972-3-5,66,58,50,41,34,31,59,43,27,30.38,30.26,30.06,15,14,10,24,17,,0.00,0,,55
1972-3-6,66,60,55,58,46,33,78,57,36,30.32,30.21,30.05,15,15,15,15,9,,0.00,,,174
1972-3-7,82,73,64,65,63,60,87,73,53,29.99,29.89,29.79,15,12,8,21,15,,0.00,0,,204
1972-3-8,70,65,57,67,43,30,90,51,35,30.39,30.19,29.94,15,13,10,23,13,,0.00,,,43
1972-3-9,64,60,55,41,34,28,55,40,34,30.49,30.42,30.35,15,15,15,9,8,,0.00,0,,108
1972-3-10,73,62,52,58,51,41,81,69,59,30.38,30.32,30.24,15,11,7,14,6,,0.00,,,186
1972-3-11,75,68,61,65,61,57,97,83,66,30.27,30.20,30.12,15,11,2,15,9,,0.00,0,Fog-Rain,175
1972-3-12,75,70,64,63,61,60,90,77,60,30.15,30.11,30.07,15,14,7,16,12,,0.00,0,,182
1972-3-13,78,70,63,65,62,59,100,82,60,30.14,30.09,30.03,15,9,1,9,6,,0.00,,Fog,177
1972-3-14,78,68,57,62,59,54,100,77,45,30.09,30.02,29.92,15,11,1,13,7,,0.00,0,Fog,177
1972-3-15,79,70,61,64,60,51,100,73,48,29.96,29.88,29.79,15,13,7,16,8,,0.00,0,,195
1972-3-16,82,68,54,48,40,29,72,44,14,29.99,29.92,29.82,15,15,15,15,11,,0.00,0,,310
1972-3-17,89,68,48,43,36,32,56,31,15,29.86,29.76,29.64,15,15,15,17,7,,0.00,0,,226
1972-3-18,81,72,63,42,36,29,41,30,15,29.95,29.85,29.71,15,14,8,24,12,,0.00,0,,2
1972-3-19,81,64,48,51,43,36,71,46,26,30.04,29.96,29.88,15,15,15,13,6,,0.00,0,,165
1972-3-20,72,64,57,65,59,53,93,85,70,29.97,29.88,29.78,15,10,6,12,6,,0.00,0,Rain,112
1972-3-21,82,72,61,63,56,49,100,67,33,30.04,29.95,29.85,15,10,0,13,8,,0.00,0,Fog,359
1972-3-22,81,68,55,50,46,42,69,48,25,30.17,30.07,29.97,15,14,10,9,8,,0.00,0,,110
1972-3-23,78,68,57,63,58,51,90,73,56,30.00,29.90,29.77,15,10,4,15,10,,0.00,0,Fog,193
1972-3-24,84,76,69,69,67,65,90,77,58,29.84,29.78,29.69,10,9,5,16,11,,0.00,,Fog,200
1972-3-25,78,66,55,55,49,41,89,59,27,30.04,29.97,29.91,15,11,5,21,14,,0.00,0,Fog,69
1972-3-26,82,73,64,66,59,49,90,68,51,29.98,29.82,29.66,15,11,4,16,12,,0.00,,Fog,189
1972-3-27,88,80,71,69,67,65,91,74,49,29.71,29.64,29.54,15,11,6,16,12,,0.00,0,Fog,171
1972-3-28,91,80,68,68,56,38,96,56,18,29.65,29.60,29.54,15,11,0,17,8,,0.00,0,Fog,25
1972-3-29,64,57,50,50,38,32,71,50,30,29.99,29.87,29.70,15,13,10,22,17,,0.00,0,,30
1972-3-30,63,56,48,32,31,30,50,42,29,29.92,29.86,29.78,15,14,10,20,13,,0.00,0,,54
1972-3-31,66,54,42,37,32,26,82,46,21,30.08,30.00,29.95,15,11,10,14,10,,0.00,0,,337
1972-4-1,75,60,46,47,39,33,63,48,27,30.17,30.07,30.01,15,15,15,8,5,,0.00,0,,309
1972-4-2,82,68,55,57,51,44,83,57,34,30.03,29.93,29.78,15,15,15,20,11,,0.00,0,,195
1972-4-3,82,72,63,62,59,43,90,66,39,30.04,29.88,29.82,15,12,10,17,13,,0.00,0,,198
1972-4-4,73,62,51,47,40,35,56,45,34,30.25,30.15,30.09,15,14,10,16,13,,0.00,0,,38
1972-4-5,79,70,60,66,60,49,87,75,62,30.14,30.07,29.96,15,9,2,12,5,,0.00,0,Fog,162
1972-4-6,86,77,68,68,66,65,93,77,53,29.99,29.85,29.70,15,11,5,16,10,,0.00,0,Fog,187
1972-4-7,95,84,72,70,63,48,87,61,24,29.75,29.68,29.62,10,9,7,18,14,,0.00,0,,231
1972-4-8,82,72,62,49,45,42,52,39,27,30.01,29.93,29.82,15,12,10,15,13,,0.00,0,,57
1972-4-9,73,64,55,60,49,45,71,57,37,30.14,30.06,29.99,15,9,6,12,9,,0.00,0,,119
1972-4-10,84,75,66,68,66,63,96,77,56,30.04,30.00,29.92,10,9,5,16,12,,0.00,0,Fog,171
1972-4-11,86,78,71,70,69,67,93,76,53,30.01,29.95,29.86,10,10,10,15,11,,0.00,,,186
1972-4-12,91,81,71,70,69,67,91,72,48,29.91,29.81,29.70,15,11,10,17,14,,0.00,0,,187
1972-4-13,91,80,69,71,67,66,93,72,42,29.73,29.64,29.52,15,10,7,20,13,,0.00,0,,189
1972-4-14,88,80,72,72,69,66,87,73,55,29.59,29.55,29.51,10,9,7,15,13,,0.00,,,176
1972-4-15,88,80,72,73,52,32,88,48,16,29.89,29.75,29.59,15,11,10,18,13,,0.00,0,Rain,271
1972-4-16,88,72,57,42,34,30,39,27,15,30.12,30.04,29.97,15,15,15,14,8,,0.00,0,,353
1972-4-17,88,72,57,50,47,42,56,40,22,30.10,30.03,29.92,15,15,15,15,8,,0.00,0,,131
1972-4-18,87,76,66,69,66,60,87,71,49,29.97,29.89,29.81,15,13,7,16,11,,0.00,0,,174
1972-4-19,87,80,72,70,69,67,91,73,53,29.93,29.86,29.78,15,12,10,18,14,,0.00,,,180
1972-4-20,88,80,72,69,68,66,91,71,48,29.91,29.78,29.69,15,14,10,18,13,,0.00,,Rain,181
1972-4-21,78,74,66,69,59,47,96,66,36,29.96,29.86,29.74,15,12,4,18,13,,0.35,,Rain-Thunderstorm,325
1972-4-22,82,68,55,50,46,40,83,49,23,30.05,29.98,29.91,15,15,15,9,6,,0.00,0,,217
1972-4-23,84,70,57,52,49,43,83,49,23,29.99,29.94,29.88,15,15,15,9,5,,0.00,0,,179
1972-4-24,84,72,60,55,53,51,83,52,32,30.06,29.99,29.91,15,15,15,15,8,,0.00,0,,65
1972-4-25,82,72,61,57,54,49,81,56,39,30.06,29.97,29.86,15,15,15,20,11,,0.00,0,,112
1972-4-26,75,68,62,65,61,57,93,74,62,29.95,29.89,29.83,15,13,7,15,11,,0.00,,,145
1972-4-27,75,68,62,71,66,60,97,94,87,30.02,29.92,29.86,15,7,5,23,13,,0.37,,Rain-Thunderstorm,127
1972-4-28,70,66,62,65,63,60,97,91,84,30.03,30.00,29.96,15,8,4,12,8,,0.03,,Fog-Rain,54
1972-4-29,82,72,63,67,65,59,97,79,58,29.99,29.95,29.88,10,8,5,14,7,,0.00,,Fog,118
1972-4-30,88,78,68,70,67,65,93,76,46,29.99,29.92,29.84,15,12,6,17,9,,0.00,,Fog,160
1972-5-1,84,78,71,72,70,66,90,79,58,29.94,29.89,29.83,15,12,8,13,11,,0.72,,Rain,171
1972-5-2,80,71,62,64,62,58,97,74,58,29.96,29.88,29.82,15,14,7,18,11,,0.82,0,Rain-Thunderstorm,19
1972-5-3,81,72,62,56,53,47,75,53,31,30.05,30.00,29.95,15,15,15,10,9,,0.00,0,,59
1972-5-4,84,70,57,65,56,53,93,62,37,30.14,30.08,30.03,15,13,4,14,5,,0.00,0,Fog,184
1972-5-5,73,68,62,64,61,59,97,84,68,30.11,30.06,29.99,15,10,4,12,7,,0.03,0,Fog-Rain,154
1972-5-6,75,70,64,68,64,61,93,87,73,30.04,29.95,29.89,15,10,4,17,8,,0.12,,Rain,140
1972-5-7,73,70,66,69,66,62,100,90,79,29.94,29.88,29.84,10,8,3,18,8,,0.41,,Fog-Rain-Thunderstorm,44
1972-5-8,75,68,62,63,61,58,93,78,64,30.04,29.97,29.92,15,14,10,16,9,,0.00,,,48
1972-5-9,81,72,62,63,61,58,90,70,49,30.01,29.95,29.88,15,14,10,13,7,,0.00,0,,78
1972-5-10,70,67,64,63,62,60,93,89,78,29.99,29.94,29.86,15,8,2,16,8,,0.44,,Fog-Rain-Thunderstorm,73
1972-5-11,71,66,62,69,64,60,97,93,90,29.98,29.94,29.90,9,4,1,12,10,,0.00,,Fog-Rain,76
1972-5-12,73,70,68,70,69,67,100,93,87,29.91,29.87,29.83,10,6,4,15,9,,0.06,,Fog-Rain-Thunderstorm,66
1972-5-13,82,72,61,67,63,60,97,78,56,29.97,29.91,29.82,15,14,5,16,7,,0.62,0,Rain-Thunderstorm,142
1972-5-14,81,71,61,63,61,60,97,72,52,29.99,29.94,29.89,15,14,10,14,9,,0.01,0,Rain,26
1972-5-15,82,73,64,62,60,56,87,63,45,30.00,29.96,29.92,15,15,15,7,5,,0.00,0,,198
1972-5-16,71,68,64,67,64,62,97,88,75,29.99,29.95,29.91,15,11,4,17,6,,0.10,0,Fog-Rain-Thunderstorm,216
1972-5-17,81,69,57,67,63,57,97,79,58,29.95,29.90,29.81,15,12,5,9,4,,0.00,0,Fog,175
1972-5-18,84,74,64,66,64,61,93,68,49,29.91,29.86,29.83,15,12,4,12,4,,0.00,0,Fog,140
1972-5-19,84,74,64,64,62,59,90,66,43,30.01,29.95,29.91,15,13,8,9,5,,0.00,,,76
1972-5-20,84,74,64,66,63,61,90,67,46,30.06,30.00,29.96,15,9,4,12,4,,0.00,0,Fog,116
1972-5-21,84,74,64,65,62,56,93,66,39,30.00,29.93,29.83,10,8,4,14,7,,0.00,0,Fog,183
1972-5-22,82,73,64,67,64,61,96,73,54,29.88,29.82,29.75,10,9,3,18,8,,0.00,0,Fog,177
1972-5-23,82,76,70,71,69,67,93,81,67,29.79,29.76,29.70,10,7,3,8,8,,0.00,0,Fog,177
1972-5-24,89,80,71,70,68,65,93,72,48,29.84,29.79,29.75,10,7,4,9,6,,0.00,,Fog,177
1972-5-25,89,80,70,71,68,65,100,71,48,29.94,29.90,29.87,10,6,0,12,6,,0.00,0,Fog,167
1972-5-26,89,80,72,68,64,62,84,60,42,30.01,29.97,29.94,10,8,4,14,6,,0.00,,,158
1972-5-27,89,78,66,65,63,61,90,58,39,30.08,30.03,29.97,10,8,5,12,5,,0.00,0,,177
1972-5-28,88,78,68,67,62,58,87,60,36,30.06,30.01,29.93,10,9,5,10,6,,0.00,0,,184
1972-5-29,88,77,66,68,62,55,93,62,32,29.99,29.94,29.87,10,8,3,9,7,,0.00,,Fog,202
1972-5-30,84,78,71,63,60,55,75,54,36,30.01,29.97,29.92,15,13,10,17,10,,0.00,,,5
1972-5-31,82,76,69,55,53,50,61,46,32,30.04,29.99,29.95,15,15,15,15,11,,0.00,,,29
1972-6-1,84,75,66,65,57,53,73,53,38,30.00,29.95,29.88,15,12,10,9,5,,0.00,0,,195
1972-6-2,87,76,66,69,65,62,100,75,44,29.96,29.91,29.85,15,8,0,16,6,,0.00,0,Fog,159
1972-6-3,86,78,69,68,65,62,93,71,48,29.99,29.94,29.91,15,11,4,12,6,,0.00,0,Fog,155
1972-6-4,87,76,64,64,62,60,87,63,40,30.06,30.00,29.95,15,10,6,13,4,,0.00,0,,134
1972-6-5,89,78,66,66,63,61,87,61,41,30.08,30.02,29.96,10,9,4,9,4,,0.00,0,Fog,140
1972-6-6,89,79,69,65,60,56,87,55,34,30.07,30.01,29.94,15,11,6,10,5,,0.00,0,Fog,171
1972-6-7,91,78,66,64,62,57,90,57,32,30.00,29.95,29.88,10,10,8,12,6,,0.00,0,,176
1972-6-8,84,78,71,65,63,62,81,62,47,29.92,29.88,29.85,10,9,6,9,4,,0.00,,Rain,160
1972-6-9,78,74,70,72,68,65,93,82,68,29.91,29.87,29.84,10,8,5,8,3,,0.05,,Fog-Rain,304
1972-6-10,84,78,71,73,71,70,96,86,63,29.90,29.87,29.84,15,9,1,15,4,,0.10,,Fog-Rain,95
1972-6-11,87,80,72,72,70,68,93,77,53,29.96,29.92,29.85,10,9,6,10,8,,0.00,,,105
1972-6-12,88,80,72,71,69,66,97,73,49,29.94,29.88,29.79,10,8,3,10,4,,0.00,0,Fog,156
1972-6-13,89,81,73,75,72,70,96,79,59,29.86,29.81,29.73,15,12,6,13,6,,0.01,,Fog,159
1972-6-14,91,83,75,77,74,73,97,78,54,29.83,29.80,29.76,15,12,7,13,8,,0.00,,,175
1972-6-15,89,82,75,73,72,70,91,79,53,29.94,29.89,29.86,15,12,8,12,6,,0.10,,Rain-Thunderstorm,130
1972-6-16,81,76,72,74,71,69,96,90,77,29.96,29.94,29.92,15,9,5,17,11,,0.35,,Fog-Rain-Thunderstorm,90
1972-6-17,81,76,72,71,70,69,93,82,67,29.96,29.92,29.89,10,6,3,9,5,,0.02,,Fog-Rain,76
1972-6-18,90,81,72,71,69,65,91,70,43,29.92,29.88,29.82,10,9,6,12,4,,0.00,0,Fog,105
1972-6-19,91,81,71,71,68,67,87,64,44,29.84,29.81,29.75,15,14,8,14,5,,0.00,0,,200
1972-6-20,95,84,72,71,70,67,91,64,46,29.83,29.78,29.73,15,12,6,12,8,,0.00,0,Fog,193
1972-6-21,95,86,77,74,73,72,90,69,47,29.84,29.79,29.76,15,12,7,12,8,,0.00,0,,186
1972-6-22,95,87,79,74,70,64,84,63,36,29.89,29.81,29.74,15,14,10,14,11,,0.00,0,,181
1972-6-23,93,85,77,72,70,66,84,65,41,29.91,29.87,29.82,15,14,8,14,10,,0.00,0,,186
1972-6-24,93,85,77,75,73,72,84,70,49,29.87,29.82,29.76,15,12,10,17,11,,0.00,0,,191
1972-6-25,97,87,77,75,72,70,84,65,43,29.81,29.76,29.69,15,14,10,15,13,,0.00,0,,208
1972-6-26,98,86,75,76,71,69,87,64,39,29.81,29.78,29.74,15,15,15,18,14,,0.00,0,,190
1972-6-27,96,88,79,75,73,71,82,65,44,29.88,29.84,29.79,15,14,10,16,14,,0.00,0,,197
1972-6-28,93,87,81,75,72,69,82,64,45,29.92,29.88,29.85,15,13,10,16,14,,0.00,0,,191
1972-6-29,96,86,77,73,69,64,88,62,37,30.00,29.96,29.88,15,13,10,16,10,,0.00,0,,178
1972-6-30,95,85,75,71,67,62,79,56,38,30.03,29.96,29.86,15,12,7,12,9,,0.00,,,198
1972-7-1,93,84,75,72,69,62,90,62,35,29.96,29.91,29.82,15,12,10,18,12,,0.00,0,,185
1972-7-2,93,85,77,73,69,66,88,63,40,29.95,29.92,29.88,15,12,9,18,12,,0.00,0,,181
1972-7-3,93,85,77,73,70,65,88,63,41,30.10,30.03,29.98,15,11,7,14,10,,0.00,,,180
1972-7-4,91,80,70,74,70,67,90,78,47,30.22,30.12,30.08,15,11,3,12,8,,0.21,0,Fog-Rain-Thunderstorm,214
1972-7-5,79,75,71,68,65,64,87,74,60,30.25,30.20,30.16,15,11,7,14,10,,0.00,0,,28
1972-7-6,82,74,66,62,60,58,84,61,42,30.20,30.14,30.06,15,13,10,9,7,,0.00,0,,59
1972-7-7,87,76,66,62,61,59,84,60,40,30.13,30.08,30.02,15,15,15,9,6,,0.00,0,,109
1972-7-8,91,80,70,72,67,63,84,67,42,30.11,30.05,29.97,15,11,3,12,6,,0.00,0,,152
1972-7-9,91,83,75,72,70,67,90,72,45,30.09,30.04,29.99,15,15,15,13,7,,0.00,,,177
1972-7-10,87,80,73,71,70,67,93,74,51,30.07,30.04,30.01,15,12,4,15,7,,0.00,0,Fog-Rain-Thunderstorm,151
1972-7-11,87,79,71,70,68,65,90,72,48,30.12,30.08,30.02,15,12,7,9,6,,0.00,0,,165
1972-7-12,88,80,73,72,70,68,93,76,53,30.11,30.06,30.00,15,13,10,14,6,,0.00,0,Fog-Rain-Thunderstorm,165
1972-7-13,91,83,75,74,70,65,90,70,47,30.02,29.98,29.92,15,13,7,13,7,,0.00,,,178
1972-7-14,91,82,73,72,69,63,90,65,43,29.96,29.91,29.85,15,14,10,15,10,,0.00,0,,188
1972-7-15,91,82,73,71,69,65,91,66,44,30.00,29.95,29.91,15,12,5,15,10,,0.00,0,Fog,179
1972-7-16,84,80,75,71,69,66,87,71,53,30.05,29.99,29.96,15,13,6,12,7,,0.00,,Fog,173
1972-7-17,84,78,73,71,68,66,85,74,58,30.02,29.98,29.93,15,13,10,13,7,,0.00,,,174
1972-7-18,88,82,75,75,72,69,91,77,55,30.03,29.98,29.94,15,12,4,16,8,,0.01,,Fog,137
1972-7-19,90,82,75,73,71,69,94,76,55,30.02,29.98,29.92,15,12,1,10,6,,0.83,,Fog,148
1972-7-20,91,83,75,73,70,68,82,71,52,30.04,30.00,29.96,15,11,4,12,7,,0.00,,Fog,120
1972-7-21,87,80,72,72,70,69,91,78,57,30.09,30.05,30.00,15,10,2,14,8,,0.00,,Fog-Rain,92
1972-7-22,84,78,73,72,71,70,91,83,67,30.09,30.07,30.04,15,12,6,16,7,,0.00,,Fog-Rain-Thunderstorm,88
1972-7-23,90,82,73,72,70,66,93,71,45,30.11,30.04,29.97,15,11,2,10,6,,0.00,,Fog,144
1972-7-24,91,82,73,71,68,64,91,67,41,30.06,30.01,29.94,15,10,6,10,4,,0.00,0,Fog,150
1972-7-25,93,83,73,70,68,63,87,63,37,30.04,29.99,29.92,15,14,10,9,5,,0.00,0,,197
1972-7-26,93,83,73,71,69,66,87,63,41,30.04,30.00,29.95,15,14,10,13,8,,0.00,0,,189
1972-7-27,93,83,73,70,67,63,87,61,37,30.09,30.04,29.99,15,15,15,12,8,,0.00,0,,189
1972-7-28,93,84,75,72,70,66,90,64,40,30.08,30.02,29.95,15,14,10,14,10,,0.00,0,,196
1972-7-29,93,84,75,72,70,65,85,67,39,30.01,29.96,29.87,15,13,7,14,10,,0.00,0,,226
1972-7-30,97,85,73,71,67,60,87,58,29,29.96,29.92,29.86,15,14,10,12,6,,0.00,0,,250
1972-7-31,96,83,70,70,66,62,84,61,35,29.98,29.95,29.92,15,14,10,12,5,,0.00,0,,166
1972-8-1,93,83,73,70,67,61,90,61,33,30.05,30.00,29.94,15,12,7,14,9,,0.00,,,164
1972-8-2,84,78,73,71,69,67,87,73,59,30.00,29.97,29.92,15,11,10,14,6,,0.10,,Rain,173
1972-8-3,81,77,73,72,70,68,87,83,69,29.96,29.93,29.90,15,12,10,15,7,,0.21,,Rain,135
1972-8-4,91,82,73,74,70,66,87,71,45,30.13,30.08,30.02,15,11,7,12,7,,0.17,0,Rain-Thunderstorm,158
1972-8-5,93,84,75,72,69,64,90,65,38,30.19,30.13,30.07,15,11,5,12,7,,0.00,0,Fog,200
1972-8-6,93,82,71,69,63,53,90,56,25,30.08,30.03,29.94,15,12,10,9,7,,0.00,0,,217
1972-8-7,93,84,75,71,68,65,85,62,39,30.03,29.98,29.91,15,11,10,9,6,,0.00,0,,213
1972-8-8,89,81,73,71,68,65,87,67,46,30.00,29.96,29.92,15,12,8,14,8,,0.00,0,,193
1972-8-9,91,83,75,72,69,64,90,68,41,30.04,30.01,29.97,15,13,10,13,9,,0.00,0,,177
1972-8-10,84,78,73,73,69,67,91,77,55,30.11,30.08,30.04,15,12,6,10,5,,0.00,,,124
1972-8-11,81,77,73,74,70,68,91,82,67,30.17,30.11,30.06,10,9,5,9,5,,0.04,,Fog-Rain,135
1972-8-12,89,81,73,73,70,69,93,75,53,30.13,30.07,30.00,15,12,0,12,6,,0.00,,Fog,152
1972-8-13,93,84,75,73,71,67,90,68,42,30.06,30.03,29.97,15,13,7,14,8,,0.00,,,174
1972-8-14,91,83,75,73,70,66,91,70,44,30.08,30.05,29.98,15,11,1,12,6,,0.00,,Fog,160
1972-8-15,87,80,72,69,67,64,87,69,51,30.12,30.06,30.01,15,13,10,13,5,,0.00,,Rain-Thunderstorm,171
1972-8-16,91,81,71,72,66,62,81,60,38,30.09,30.03,29.95,15,13,10,8,6,,0.00,0,,99
1972-8-17,93,83,73,68,67,65,84,63,39,30.04,30.00,29.95,15,11,6,9,4,,0.00,0,Rain-Thunderstorm,192
1972-8-18,91,82,72,69,67,64,84,64,42,30.06,30.00,29.94,15,13,7,8,3,,0.00,0,,156
1972-8-19,93,83,73,72,69,66,90,68,40,30.10,30.04,30.01,15,14,8,10,4,,0.00,0,,184
1972-8-20,95,84,72,71,68,63,91,62,37,30.11,30.05,29.99,15,14,8,8,5,,0.00,0,,210
1972-8-21,96,86,75,70,67,64,82,57,36,30.05,29.99,29.91,15,15,15,14,7,,0.00,0,,203
1972-8-22,93,83,73,72,69,66,87,69,42,29.94,29.88,29.80,15,15,15,10,7,,0.15,0,Rain-Thunderstorm,205
1972-8-23,90,81,72,73,70,67,93,79,48,29.85,29.81,29.73,15,11,7,10,6,,0.09,,Rain-Thunderstorm,198
1972-8-24,91,82,72,71,69,66,87,70,42,29.83,29.80,29.75,15,13,7,16,8,,0.00,0,,187
1972-8-25,93,85,77,74,71,68,90,69,44,29.96,29.91,29.84,15,13,10,12,10,,0.00,,,179
1972-8-26,93,84,75,74,71,68,94,74,44,30.04,30.00,29.96,15,13,7,9,6,,0.00,0,,171
1972-8-27,91,83,75,74,69,63,90,68,38,30.04,29.99,29.93,15,13,7,7,3,,0.00,0,,178
1972-8-28,93,84,75,69,67,65,76,58,38,30.01,29.97,29.91,15,15,15,8,4,,0.00,0,,234
1972-8-29,93,83,73,70,69,66,90,63,43,30.04,29.99,29.93,15,12,8,7,4,,0.00,0,,112
1972-8-30,91,82,73,67,64,61,76,56,39,30.02,29.97,29.89,10,10,8,12,6,,0.00,,,119
1972-8-31,91,82,72,66,63,62,81,56,37,29.95,29.90,29.83,10,8,5,10,6,,0.00,0,,176
1972-9-1,91,83,75,69,66,63,79,60,39,29.96,29.91,29.87,8,7,6,12,5,,0.00,0,,108
1972-9-2,93,84,75,72,68,64,82,62,38,30.03,29.98,29.94,9,8,7,10,4,,0.00,,,86
1972-9-3,91,84,77,69,68,66,76,60,44,30.07,30.01,29.95,10,7,5,10,8,,0.00,0,,50
1972-9-4,95,85,75,70,68,63,84,60,36,29.99,29.95,29.85,10,8,5,10,6,,0.00,0,,156
1972-9-5,86,80,75,72,71,68,90,76,57,29.96,29.91,29.84,10,6,3,12,9,,0.02,0,Fog,49
1972-9-6,93,84,75,73,70,67,90,68,41,29.86,29.82,29.75,15,11,5,10,5,,0.00,0,Fog,165
1972-9-7,95,85,75,73,70,66,90,64,38,29.92,29.88,29.84,15,15,15,13,8,,0.00,0,,174
1972-9-8,95,85,75,73,68,63,87,62,34,30.05,30.00,29.97,15,14,10,12,6,,0.00,0,,164
1972-9-9,93,84,75,71,68,65,82,60,41,30.08,30.02,29.94,15,14,10,8,5,,0.00,0,,168
1972-9-10,93,85,77,70,67,65,79,56,41,30.03,29.99,29.93,15,14,10,10,5,,0.00,,,184
1972-9-11,95,86,77,71,68,64,79,59,36,30.03,29.99,29.95,15,9,7,13,5,,0.00,0,,99
1972-9-12,95,85,75,75,71,66,91,68,38,30.09,30.03,29.97,10,8,4,12,7,,0.00,0,Fog,132
1972-9-13,93,84,75,73,70,66,87,67,41,30.12,30.05,30.00,15,11,8,9,5,,0.00,0,,139
1972-9-14,93,84,75,74,68,59,84,66,31,30.07,30.03,29.97,15,14,9,13,3,,0.00,0,,99
1972-9-15,87,81,75,72,71,69,87,75,55,30.02,29.97,29.88,15,13,9,12,4,,0.00,,,120
1972-9-16,93,83,73,71,68,65,93,65,38,29.93,29.85,29.74,15,13,7,13,6,,0.00,,,188
1972-9-17,95,86,78,73,70,65,84,65,37,29.92,29.86,29.83,15,14,8,16,11,,0.00,,,189
1972-9-18,91,83,75,73,70,65,90,64,41,30.10,30.04,29.97,15,13,9,14,8,,0.00,,,187
1972-9-19,95,85,75,74,70,64,87,65,37,30.18,30.10,29.99,15,14,9,12,6,,0.00,0,,183
1972-9-20,91,82,72,72,68,65,91,65,42,30.06,29.99,29.90,15,13,7,14,7,,0.00,0,,192
1972-9-21,93,84,75,70,67,62,84,65,36,30.06,30.01,29.95,15,13,10,20,8,,0.00,0,,323
1972-9-22,75,72,70,65,64,63,84,76,67,30.10,30.05,30.02,15,13,10,12,8,,0.00,,,10
1972-9-23,80,74,68,69,65,63,91,80,64,30.05,30.00,29.95,15,10,5,22,5,,0.04,,Rain,106
1972-9-24,80,76,71,70,69,68,90,81,67,29.96,29.91,29.84,15,8,4,12,7,,0.07,,Fog-Rain,138
1972-9-25,91,82,73,71,70,67,91,75,45,29.90,29.86,29.82,15,13,8,13,6,,0.00,,,164
1972-9-26,90,82,72,74,71,68,91,79,50,29.99,29.94,29.91,15,13,10,9,7,,0.05,,,165
1972-9-27,84,78,72,72,70,68,91,77,57,30.08,30.02,29.98,15,14,10,9,5,,0.00,,,107
1972-9-28,90,82,73,71,69,67,90,72,46,30.07,29.99,29.90,15,15,15,12,7,,0.00,0,,190
1972-9-29,93,84,71,73,70,62,91,70,44,29.94,29.87,29.75,15,14,10,32,12,,0.04,0,Rain-Thunderstorm,202
1972-9-30,73,64,55,48,43,38,62,48,29,30.18,30.08,30.01,15,15,15,18,15,,0.00,0,,11
1972-10-1,79,66,52,48,44,40,74,49,25,30.04,29.99,29.91,15,15,15,7,5,,0.00,0,,132
1972-10-2,82,68,55,52,50,48,83,54,33,30.06,30.01,29.97,15,14,10,10,3,,0.00,0,,108
1972-10-3,82,70,57,54,52,49,81,53,31,30.11,30.05,30.00,15,13,7,7,3,,0.00,0,,130
1972-10-4,86,73,60,63,57,53,83,60,36,30.12,30.06,30.01,15,11,0,9,3,,0.00,0,Fog,102
1972-10-5,88,78,69,69,65,62,87,67,45,30.10,30.03,29.96,15,13,6,6,1,,0.00,,Fog,213
1972-10-6,91,81,71,70,64,51,90,64,44,30.05,30.00,29.95,15,13,7,20,7,,0.00,0,,297
1972-10-7,82,72,62,52,50,48,60,49,35,30.10,30.00,29.91,15,15,15,15,11,,0.00,0,,14
1972-10-8,84,74,64,59,57,55,75,61,40,29.98,29.92,29.85,15,14,10,14,3,,0.00,0,,162
1972-10-9,88,77,66,67,65,62,90,68,46,30.04,29.98,29.92,15,13,6,12,7,,0.00,0,,177
1972-10-10,89,80,70,67,65,62,90,67,40,30.19,30.13,30.07,10,9,4,12,6,,0.00,0,Fog,163
1972-10-11,84,74,64,69,66,62,90,74,61,30.31,30.26,30.21,10,6,3,12,5,,0.00,0,Fog,132
1972-10-12,86,78,69,69,66,61,96,72,46,30.38,30.30,30.22,10,6,0,6,4,,0.00,0,Fog,81
1972-10-13,88,78,68,66,61,56,90,60,34,30.22,30.13,30.01,10,8,6,8,3,,0.00,0,,228
1972-10-14,89,78,66,66,62,59,90,61,36,30.09,30.04,29.99,15,11,7,10,7,,0.00,0,,200
1972-10-15,88,76,64,65,61,58,87,62,37,30.23,30.15,30.10,10,8,6,9,5,,0.00,0,,175
1972-10-16,91,78,64,67,62,60,90,64,38,30.12,30.04,29.94,10,9,4,14,7,,0.00,0,,218
1972-10-17,91,82,72,69,64,60,84,62,38,30.01,29.95,29.89,15,12,8,13,10,,0.00,0,,209
1972-10-18,90,82,73,68,66,62,81,63,43,30.00,29.96,29.92,15,12,10,14,8,,0.00,0,,201
1972-10-19,66,60,52,52,48,45,89,72,58,30.31,30.22,30.09,15,11,4,20,17,,0.00,,Fog,24
1972-10-20,64,58,51,55,51,49,93,84,70,30.24,30.14,30.04,10,6,3,12,9,,0.00,,Fog,74
1972-10-21,82,73,64,70,66,60,93,85,65,30.01,29.89,29.77,15,6,0,18,9,,0.05,,Fog-Rain-Thunderstorm,145
1972-10-22,82,73,64,64,58,49,90,67,31,29.93,29.85,29.81,15,12,7,13,7,,0.22,0,Rain-Thunderstorm,353
1972-10-23,68,64,60,54,53,51,78,66,60,30.16,30.09,29.98,15,15,15,17,13,,0.00,0,,26
1972-10-24,61,56,52,48,45,42,75,67,58,30.26,30.19,30.15,15,15,15,15,12,,0.00,,,47
1972-10-25,55,52,50,46,45,44,83,74,69,30.20,30.14,30.03,15,12,10,16,10,,0.00,,,49
1972-10-26,57,54,51,49,48,46,89,80,74,29.96,29.80,29.68,15,11,1,17,10,,0.12,,Fog-Rain,40
1972-10-27,66,60,53,57,52,48,86,79,66,29.94,29.86,29.79,15,15,15,9,7,,0.00,,,203
1972-10-28,73,64,55,65,59,55,97,86,71,30.05,29.99,29.96,15,9,1,8,5,,0.00,,Fog,148
1972-10-29,75,72,68,70,67,65,93,90,84,29.97,29.91,29.85,10,5,0,10,4,,0.00,,Fog-Rain,80
1972-10-30,84,78,73,72,70,66,93,78,53,29.85,29.79,29.71,15,11,2,18,10,,0.00,,Fog,169
1972-10-31,82,73,60,72,67,56,87,81,67,29.88,29.82,29.78,15,12,10,17,13,,0.00,,Rain,154
1972-11-1,57,52,48,48,46,45,93,82,62,30.07,29.99,29.95,15,10,6,21,14,,0.09,0,Fog-Rain,325
1972-11-2,68,56,43,50,47,41,96,73,50,30.03,29.99,29.96,15,12,10,8,5,,0.00,0,Rain,148
1972-11-3,69,62,55,54,51,48,90,72,47,30.13,30.07,30.02,15,12,10,13,6,,0.02,0,Rain,59
1972-11-4,73,60,48,49,48,45,89,66,41,30.19,30.11,30.04,15,15,15,9,7,,0.00,0,,28
1972-11-5,69,60,52,61,53,48,86,76,68,30.04,29.97,29.89,15,12,10,8,5,,0.00,0,,89
1972-11-6,77,72,66,69,66,63,96,87,74,29.94,29.89,29.85,15,7,0,9,7,,0.00,,Fog-Rain,202
1972-11-7,69,63,57,54,48,46,72,61,49,30.26,30.16,30.00,15,15,15,17,13,,0.00,0,,4
1972-11-8,70,58,45,49,44,40,86,63,33,30.24,30.14,29.98,15,15,15,12,8,,0.00,0,,130
1972-11-9,82,70,57,59,51,38,93,65,30,29.94,29.88,29.81,15,12,4,17,9,,0.00,0,Fog,226
1972-11-10,71,62,54,40,38,37,53,44,29,30.14,30.07,30.00,15,15,15,16,13,,0.00,0,,355
1972-11-11,62,58,53,53,48,43,83,71,58,30.07,30.01,29.94,15,13,10,10,7,,0.01,,Rain,127
1972-11-12,82,70,59,70,62,55,87,80,63,29.93,29.77,29.62,15,10,8,20,10,,0.00,,,158
1972-11-13,70,62,55,52,40,34,87,48,27,30.04,29.86,29.78,15,14,5,23,17,,0.00,0,Rain-Thunderstorm,331
1972-11-14,52,48,41,34,32,31,73,58,47,30.21,30.15,30.11,15,15,15,21,15,,0.00,0,,9
1972-11-15,45,43,41,35,33,32,79,70,65,30.16,30.10,30.04,15,14,10,12,8,,0.00,0,,74
1972-11-16,68,52,36,42,38,33,89,69,35,30.06,30.04,29.99,15,10,5,13,3,,0.00,0,Fog,30
1972-11-17,51,46,42,46,41,37,86,77,68,30.11,30.01,29.90,15,11,6,13,10,,0.00,0,Fog-Rain,61
1972-11-18,52,50,48,48,46,43,93,86,74,29.96,29.86,29.78,15,8,2,16,11,,0.01,,Fog,25
1972-11-19,52,48,41,42,37,33,90,74,53,30.23,30.13,30.01,15,13,10,16,10,,0.00,0,,347
1972-11-20,44,40,37,34,33,32,83,75,68,30.30,30.26,30.23,15,11,7,15,9,,0.00,0,,36
1972-11-21,43,41,39,38,35,31,89,79,65,30.39,30.30,30.21,15,9,4,15,11,,0.01,,Fog-Rain,30
1972-11-22,48,42,37,32,29,28,68,60,46,30.47,30.40,30.34,15,13,10,16,13,,0.00,,,32
1972-11-23,45,43,39,36,32,29,86,68,55,30.38,30.34,30.29,15,11,10,8,6,,0.00,,Rain,75
1972-11-24,42,40,37,40,38,36,93,91,86,30.23,30.05,29.90,8,5,3,12,9,,0.16,,Fog-Rain,65
1972-11-25,60,50,41,41,36,29,96,65,38,30.07,29.93,29.82,15,10,0,29,12,,0.00,0,Fog,304
1972-11-26,66,52,39,35,28,22,62,44,21,30.11,30.00,29.82,15,15,15,15,12,,0.00,0,,257
1972-11-27,72,59,46,47,41,36,73,57,41,29.92,29.78,29.70,15,15,15,18,8,,0.00,0,,182
1972-11-28,54,48,42,37,31,28,67,53,38,30.35,30.26,30.02,15,15,15,23,19,,0.00,0,,15
1972-11-29,45,43,39,34,31,28,82,64,58,30.32,30.27,30.21,15,14,10,12,10,,0.00,,,37
1972-11-30,55,46,36,38,35,32,89,76,51,30.31,30.27,30.23,15,13,10,12,8,,0.00,0,,334
1972-12-1,64,48,32,41,35,30,92,65,33,30.27,30.20,30.10,15,14,10,17,6,,0.00,0,,197
1972-12-2,72,58,43,55,49,41,96,77,55,30.13,30.04,29.97,15,10,1,20,6,,0.00,0,Fog,192
1972-12-3,79,68,57,61,58,55,93,77,50,29.98,29.93,29.86,15,12,5,12,8,,0.00,0,Fog,195
1972-12-4,51,44,37,39,34,32,83,78,63,30.09,30.01,29.95,15,10,5,18,14,,0.00,,Fog,26
1972-12-5,70,54,37,61,50,37,97,92,73,29.90,29.79,29.66,9,3,0,15,6,,0.00,,Fog,180
1972-12-6,41,34,28,33,19,14,73,54,39,30.38,30.28,30.05,15,15,15,25,21,,0.00,,,16
1972-12-7,35,32,30,32,23,15,92,68,52,30.38,30.23,30.11,15,9,0,16,11,,0.03,,Fog-Rain,38
1972-12-8,52,44,36,47,41,34,93,90,83,30.10,30.03,29.97,5,2,0,9,6,,0.00,,Fog,73
1972-12-9,46,44,43,45,43,41,97,94,90,30.08,30.03,29.98,10,3,0,10,8,,0.00,,Fog,31
1972-12-10,45,38,28,44,32,25,97,89,85,30.35,30.23,30.05,10,4,1,22,15,,0.02,,Fog-Rain,17
1972-12-11,32,30,28,30,27,25,92,89,85,30.31,30.20,30.06,7,4,1,13,10,,0.00,,Fog-Rain,21
1972-12-12,55,44,33,38,33,31,92,76,40,30.26,30.13,30.05,15,9,2,18,9,,0.05,,Fog-Rain,346
1972-12-13,45,39,33,32,29,25,76,67,53,30.32,30.26,30.17,15,15,15,15,10,,0.00,,,33
1972-12-14,42,40,39,39,36,33,89,81,70,30.19,30.11,30.02,15,10,3,20,11,,0.11,,Fog-Rain-Thunderstorm,31
1972-12-15,45,39,33,31,26,19,79,63,46,30.74,30.48,30.23,15,15,15,25,19,,0.00,0,,356
1972-12-16,46,37,28,20,15,9,64,44,25,30.83,30.77,30.71,15,15,15,13,10,,0.00,0,,15
1972-12-17,54,38,21,32,24,16,82,59,38,30.73,30.64,30.51,15,15,15,10,4,,0.00,0,,150
1972-12-18,57,48,41,56,43,33,96,86,73,30.50,30.33,30.19,15,7,0,7,4,,0.00,,Fog,157
1972-12-19,70,64,57,58,55,50,93,77,49,30.19,30.11,29.99,15,10,5,10,7,,0.00,,Fog,219
1972-12-20,66,59,52,55,52,39,97,80,48,29.94,29.77,29.65,15,7,0,15,3,,0.00,0,Fog,195
1972-12-21,61,54,48,39,36,29,69,51,34,29.97,29.87,29.76,15,15,15,26,21,,0.00,0,,337
1972-12-22,64,50,36,33,32,30,79,54,29,29.98,29.92,29.84,15,14,10,13,9,,0.00,0,,245
1972-12-23,77,59,41,37,33,31,70,43,19,30.04,29.88,29.82,15,14,10,15,9,,0.00,0,,231
1972-12-24,64,55,46,37,36,34,63,51,37,30.25,30.19,30.12,15,15,15,16,11,,0.00,0,,358
1972-12-25,63,50,37,41,37,33,86,65,41,30.21,30.17,30.08,15,15,15,9,4,,0.00,0,,196
1972-12-26,60,53,46,41,31,24,61,46,25,30.41,30.33,30.22,15,15,15,20,12,,0.00,0,,10
1972-12-27,63,48,34,32,28,27,82,54,26,30.36,30.25,30.13,15,15,15,13,6,,0.00,0,,239
1972-12-28,66,54,41,58,42,27,75,65,46,30.07,29.96,29.82,15,15,15,18,8,,0.00,,,170
1972-12-29,72,68,64,62,61,61,90,79,68,29.81,29.71,29.61,15,12,10,23,13,,0.00,,,183
1972-12-30,69,63,52,54,33,26,80,39,21,29.97,29.86,29.75,15,14,7,16,13,,0.00,0,Rain,345
1972-12-31,60,48,37,31,29,28,73,47,30,30.14,30.08,30.00,15,15,15,13,9,,0.00,0,,64
