
CST,Max TemperatureF,Mean TemperatureF,Min TemperatureF,Max Dew PointF,MeanDew PointF,Min DewpointF,Max Humidity, Mean Humidity, Min Humidity, Max Sea Level PressureIn, Mean Sea Level PressureIn, Min Sea Level PressureIn, Max VisibilityMiles, Mean VisibilityMiles, Min VisibilityMiles, Max Wind SpeedMPH, Mean Wind SpeedMPH, Max Gust SpeedMPH,PrecipitationIn, CloudCover, Events, WindDirDegrees
2005-1-1,73,68,64,63,61,59,90,82,61,30.18,30.12,30.05,10,10,4,12,7,18,0.00,7,,142
2005-1-2,72,68,64,70,67,63,100,94,83,30.19,30.14,30.10,10,5,1,15,5,22,0.32,8,Rain,144
2005-1-3,75,72,68,68,66,63,96,86,67,30.20,30.14,30.08,10,9,3,13,9,18,0.07,8,Rain,153
2005-1-4,75,72,68,68,65,62,94,84,64,30.12,30.03,29.92,10,9,2,15,8,23,0.02,7,Rain,157
2005-1-5,70,54,39,66,52,33,94,87,79,30.16,29.98,29.86,10,9,2,16,8,28,0.10,8,Rain,316
2005-1-6,39,37,35,32,28,25,89,72,57,30.25,30.16,30.05,10,10,4,10,8,17,0.00,8,,352
2005-1-7,60,48,35,50,40,32,100,92,69,30.21,30.06,29.98,10,4,1,7,1,,0.05,6,Rain,90
2005-1-8,57,49,41,46,42,40,100,87,53,30.38,30.28,30.20,10,5,0,7,2,,0.00,4,Fog,33
2005-1-9,69,62,54,64,56,44,97,82,69,30.31,30.25,30.20,10,9,6,7,2,,0.00,7,,163
2005-1-10,73,68,64,65,62,58,100,84,61,30.21,30.12,29.99,10,8,2,14,7,20,0.01,5,,169
2005-1-11,78,70,63,62,60,56,90,76,50,30.00,29.91,29.80,10,10,10,16,8,21,0.00,5,,176
2005-1-12,72,68,64,63,57,28,84,70,25,29.79,29.67,29.50,10,10,10,15,10,26,0.00,6,Rain-Thunderstorm,187
2005-1-13,64,54,44,31,27,23,58,40,21,30.34,30.08,29.73,10,10,10,15,11,28,0.00,0,,327
2005-1-14,57,46,36,29,25,21,64,46,25,30.52,30.44,30.36,10,10,10,9,4,,0.00,0,,22
2005-1-15,55,45,35,33,30,28,78,57,37,30.60,30.51,30.45,10,10,10,7,4,,0.00,0,,23
2005-1-16,50,40,30,31,27,24,79,61,41,30.75,30.66,30.58,10,10,8,10,8,,0.00,0,,353
2005-1-17,53,40,28,33,28,23,82,62,43,30.68,30.60,30.52,10,10,8,8,4,,0.00,0,,49
2005-1-18,50,46,41,31,28,26,62,51,39,30.64,30.56,30.49,10,10,10,7,5,,0.00,6,,121
2005-1-19,66,54,43,54,45,31,89,69,58,30.47,30.36,30.27,10,10,10,9,2,,0.00,5,,210
2005-1-20,73,60,46,54,49,46,97,75,46,30.27,30.15,30.04,10,10,7,7,2,,0.00,1,,249
2005-1-21,73,59,45,54,50,43,93,71,48,30.05,29.98,29.91,10,10,4,5,1,,0.00,0,,190
2005-1-22,64,54,42,54,36,16,93,53,20,30.48,30.18,29.94,10,10,10,20,6,31,0.00,1,,2
2005-1-23,45,38,30,19,15,12,51,40,27,30.62,30.52,30.46,10,10,10,13,8,22,0.00,0,,4
2005-1-24,62,47,32,32,25,21,75,46,21,30.46,30.34,30.20,10,10,10,9,3,16,0.00,0,,189
2005-1-25,78,61,44,50,44,37,82,56,35,30.17,30.01,29.86,10,10,10,12,4,18,0.00,0,,200
2005-1-26,77,65,53,46,44,41,71,50,32,30.04,29.98,29.91,10,10,10,10,3,,0.00,0,,352
2005-1-27,60,52,43,50,45,35,100,86,42,30.15,30.08,30.02,10,4,1,10,8,18,1.36,7,Rain,23
2005-1-28,48,45,42,43,42,41,100,90,80,30.19,30.14,30.09,10,8,2,8,5,,0.13,8,Rain,24
2005-1-29,51,48,44,47,44,42,100,89,80,30.21,30.15,30.10,10,7,2,7,2,,0.00,8,,52
2005-1-30,48,46,42,45,43,40,100,92,80,30.14,30.08,29.99,10,4,2,12,6,16,0.10,8,Rain,34
2005-1-31,44,43,42,40,38,37,92,85,76,30.26,30.19,30.11,10,10,4,13,8,21,0.10,8,Rain,352
2005-2-1,43,42,39,41,39,37,93,90,82,30.27,30.19,30.10,10,8,4,12,9,18,0.40,8,Rain,350
2005-2-2,44,42,39,37,34,33,93,77,65,30.42,30.32,30.24,10,10,10,13,9,23,0.00,7,,332
2005-2-3,54,46,37,38,35,33,87,72,49,30.52,30.44,30.39,10,9,7,8,5,,0.00,1,,327
2005-2-4,55,46,37,41,38,34,93,73,45,30.49,30.41,30.33,10,9,6,6,2,,0.00,1,,305
2005-2-5,57,48,39,50,43,38,93,74,53,30.32,30.18,30.02,10,8,4,12,4,17,0.00,6,,118
2005-2-6,69,61,53,61,56,50,100,90,70,30.05,29.99,29.94,10,6,2,14,8,22,0.26,7,Rain,177
2005-2-7,59,54,48,55,51,46,100,85,62,30.13,30.07,30.01,10,8,2,8,2,,0.23,6,Rain-Thunderstorm,355
2005-2-8,55,52,48,54,49,45,100,88,80,30.11,30.06,29.97,10,5,2,7,4,,0.01,8,Rain,11
2005-2-9,54,50,44,54,44,28,100,82,53,30.40,30.18,30.02,10,6,2,13,6,20,0.00,6,,358
2005-2-10,57,49,41,37,28,24,68,47,29,30.52,30.44,30.39,10,10,10,10,5,,0.00,1,,10
2005-2-11,52,50,48,42,38,33,80,63,52,30.48,30.40,30.31,10,10,10,6,1,,0.01,4,Rain,96
2005-2-12,64,55,46,59,50,40,87,77,70,30.29,30.07,29.88,10,10,9,15,4,21,0.02,7,Rain,141
2005-2-13,78,69,59,63,55,42,100,73,29,29.93,29.85,29.75,10,8,2,13,7,22,0.16,4,Rain-Thunderstorm,236
2005-2-14,80,68,55,47,43,40,67,47,25,30.09,30.00,29.95,10,10,10,8,5,,0.00,0,,300
2005-2-15,81,66,52,59,53,47,100,74,41,30.04,29.98,29.89,10,8,0,12,5,20,0.00,2,Fog,163
2005-2-16,69,61,53,59,46,40,97,62,40,30.14,30.06,29.95,10,10,5,10,4,16,0.00,0,,356
2005-2-17,61,54,48,39,34,30,61,48,38,30.32,30.24,30.14,10,10,10,15,9,24,0.00,7,,15
2005-2-18,57,51,45,44,38,31,93,62,42,30.37,30.29,30.23,10,10,5,8,5,,0.05,8,Rain,91
2005-2-19,63,57,51,63,54,39,100,90,54,30.24,30.14,30.07,10,3,1,7,3,,0.10,8,Rain,105
2005-2-20,71,66,61,64,63,60,97,88,75,30.08,30.03,29.94,10,6,2,8,6,,0.00,7,,179
2005-2-21,79,68,57,65,61,57,100,88,58,30.08,30.01,29.95,10,5,0,9,2,,0.00,3,Fog,278
2005-2-22,73,66,60,64,62,59,100,87,62,30.11,30.04,29.98,10,5,1,13,2,,0.00,6,,135
2005-2-23,73,68,62,64,62,55,94,83,64,30.02,29.94,29.85,10,8,3,14,5,20,0.00,7,Rain,72
2005-2-24,62,54,46,54,47,39,94,84,72,30.18,30.04,29.93,10,9,4,15,9,24,0.22,8,Rain-Thunderstorm,351
2005-2-25,57,50,44,43,39,36,93,71,49,30.23,30.17,30.11,10,9,3,10,6,18,0.00,6,,19
2005-2-26,51,46,42,46,43,37,100,90,59,30.14,30.06,30.00,10,5,2,8,4,,0.75,8,Rain,356
2005-2-27,69,56,44,50,45,42,96,77,45,30.01,29.94,29.82,10,10,9,13,4,23,0.00,4,Thunderstorm,322
2005-2-28,66,55,44,46,43,41,93,66,40,30.13,30.05,29.99,10,10,10,7,5,,0.00,1,,317
2005-3-1,68,57,46,51,44,38,83,64,43,30.16,30.05,30.00,10,10,10,9,3,,0.00,1,,93
2005-3-2,55,50,44,52,46,42,100,92,77,30.09,30.03,29.96,10,6,2,14,7,23,0.94,8,Rain-Thunderstorm,25
2005-3-3,57,52,48,49,47,46,96,83,69,30.15,30.10,30.03,10,8,3,7,4,,0.00,7,,32
2005-3-4,59,55,51,52,49,46,89,80,75,30.18,30.11,30.06,10,8,4,9,4,21,0.00,8,,171
2005-3-5,66,60,55,59,55,50,96,86,70,30.25,30.19,30.12,10,6,2,7,1,,0.16,6,Rain,108
2005-3-6,60,58,55,59,56,55,100,94,86,30.20,30.10,29.93,5,2,0,9,3,,0.38,8,Fog-Rain,102
2005-3-7,80,70,55,61,57,44,100,83,32,30.01,29.88,29.72,10,5,0,14,2,23,0.06,6,Fog-Rain-Thunderstorm,312
2005-3-8,69,58,48,40,35,31,59,43,26,30.13,30.02,29.95,10,10,10,9,5,,0.00,0,,48
2005-3-9,72,61,50,44,37,28,74,46,21,30.10,30.05,29.98,10,10,10,16,7,24,0.00,2,Rain,321
2005-3-10,80,60,41,41,38,35,89,46,22,30.10,29.99,29.87,10,10,10,8,3,,0.00,0,,221
2005-3-11,73,63,53,41,30,23,47,31,15,30.23,30.12,29.99,10,10,10,10,7,,0.00,0,,347
2005-3-12,82,68,53,56,45,32,73,46,33,30.05,29.88,29.73,10,10,10,15,6,30,0.00,0,,203
2005-3-13,84,70,54,59,46,32,90,52,23,29.96,29.77,29.68,10,10,10,21,7,25,0.00,0,,323
2005-3-14,64,54,45,34,31,28,54,42,29,30.11,30.00,29.92,10,10,10,13,8,18,0.00,1,,15
2005-3-15,54,50,45,41,38,33,76,63,47,30.00,29.93,29.87,10,10,7,14,8,22,0.01,8,Rain,28
2005-3-16,53,48,43,42,37,32,86,68,48,30.12,30.06,29.95,10,10,4,14,10,21,0.07,7,Rain,337
2005-3-17,64,50,37,37,32,26,86,54,23,30.19,30.06,29.94,10,10,10,8,4,,0.00,0,,285
2005-3-18,75,60,45,55,45,35,83,58,34,29.94,29.86,29.75,10,10,10,15,7,23,0.00,0,,184
2005-3-19,77,66,55,59,54,51,90,77,53,29.96,29.92,29.86,10,9,1,20,6,33,0.26,2,Rain-Thunderstorm,356
2005-3-20,77,64,51,61,56,50,96,81,50,29.99,29.90,29.77,10,10,7,9,3,,0.00,3,,132
2005-3-21,78,69,60,64,61,58,100,89,52,29.80,29.73,29.58,10,5,0,17,6,23,0.56,6,Fog-Rain-Thunderstorm,181
2005-3-22,75,65,55,54,39,34,75,41,23,29.96,29.83,29.72,10,10,10,17,7,23,0.00,0,,300
2005-3-23,73,59,45,48,43,39,86,53,34,30.05,29.94,29.85,10,10,10,10,6,17,0.00,0,,126
2005-3-24,81,67,53,63,57,50,100,74,43,29.90,29.83,29.73,10,9,5,12,7,18,0.00,4,,161
2005-3-25,81,70,60,63,61,57,94,77,47,29.93,29.84,29.75,10,9,1,26,5,40,0.66,6,Rain-Thunderstorm,18
2005-3-26,61,54,46,55,51,45,94,82,67,30.01,29.85,29.77,,,,15,7,25,0.59,8,Rain-Thunderstorm,355
2005-3-27,62,53,43,46,39,35,97,69,38,30.10,30.02,29.93,,,,16,10,30,0.04,5,Rain,308
2005-3-28,77,58,39,46,42,38,96,58,30,30.04,29.93,29.81,10,10,10,10,3,20,0.00,0,,181
2005-3-29,75,64,54,64,59,48,94,78,60,29.80,29.71,29.62,10,10,10,15,8,24,0.00,6,,163
2005-3-30,84,74,61,65,55,32,100,73,15,29.81,29.75,29.67,10,6,0,8,2,,0.00,3,Fog,265
2005-3-31,84,70,55,66,55,44,94,62,38,29.97,29.81,29.71,10,8,0,10,3,18,0.57,2,Rain-Thunderstorm,300
2005-4-1,68,62,54,38,31,27,46,31,24,30.27,30.17,29.98,10,10,10,20,14,131,0.00,0,,335
2005-4-2,73,60,46,39,33,27,61,42,23,30.31,30.22,30.14,10,10,10,10,6,,0.00,0,,86
2005-4-3,75,60,46,54,44,37,83,56,35,30.18,30.10,30.02,10,10,10,12,4,20,0.00,0,Thunderstorm,166
2005-4-4,77,65,55,61,57,54,97,78,54,30.03,29.94,29.84,10,10,10,14,7,24,0.00,6,,166
2005-4-5,80,69,59,64,62,57,96,79,60,29.87,29.78,29.64,10,8,2,16,9,127,0.18,6,Rain-Thunderstorm,177
2005-4-6,77,64,51,56,47,43,94,55,31,30.01,29.91,29.83,10,10,8,17,6,138,0.19,0,,304
2005-4-7,82,68,57,47,45,41,67,46,26,30.06,30.00,29.94,10,10,10,14,8,131,0.38,0,,308
2005-4-8,80,66,53,53,49,45,74,54,39,30.01,29.91,29.78,10,10,10,13,5,,0.00,0,,203
2005-4-9,84,70,57,61,57,53,100,73,42,29.82,29.75,29.64,10,8,1,18,7,24,0.00,3,,144
2005-4-10,82,73,64,65,63,61,88,78,54,29.76,29.68,29.60,10,10,9,14,9,23,0.00,6,,142
2005-4-11,78,70,60,65,49,32,90,57,19,29.90,29.78,29.70,10,10,9,16,6,28,0.00,3,Rain-Thunderstorm,304
2005-4-12,82,66,52,47,41,35,74,45,20,30.00,29.92,29.87,10,10,10,7,3,,0.00,0,,303
2005-4-13,86,70,57,51,42,31,72,40,14,30.04,29.98,29.94,10,10,10,9,4,,0.00,0,,340
2005-4-14,79,66,55,50,47,42,67,50,35,30.17,30.09,30.04,10,10,10,8,4,,0.00,0,,4
2005-4-15,75,66,57,56,52,48,78,60,40,30.22,30.16,30.11,10,10,7,9,4,,0.00,0,,123
2005-4-16,79,66,53,56,54,52,94,72,42,30.31,30.25,30.19,10,7,2,12,3,18,0.00,3,,130
2005-4-17,77,68,59,61,58,56,93,77,51,30.30,30.22,30.14,10,9,4,10,6,18,0.00,5,Rain,142
2005-4-18,73,67,62,64,62,59,94,83,68,30.16,30.08,30.00,10,9,2,16,7,26,0.03,8,Rain,150
2005-4-19,79,71,64,64,62,61,94,79,60,30.03,29.96,29.88,10,10,9,12,8,20,0.00,7,,153
2005-4-20,81,72,66,70,65,63,94,83,64,29.99,29.93,29.88,10,8,4,12,8,17,0.03,6,Rain-Thunderstorm,148
2005-4-21,80,73,66,67,65,64,93,78,64,29.98,29.93,29.88,10,9,7,10,5,,0.00,7,,153
2005-4-22,88,77,66,66,60,42,93,62,31,30.06,29.94,29.88,10,9,7,14,6,21,0.00,3,,333
2005-4-23,73,65,56,43,33,26,48,34,19,30.22,30.13,30.06,10,10,10,15,7,23,0.00,0,,356
2005-4-24,70,58,46,39,34,29,71,48,25,30.13,30.03,29.91,10,10,10,14,4,20,T,2,Rain,70
2005-4-25,72,64,55,63,57,41,93,72,51,29.90,29.76,29.64,10,9,4,14,6,20,0.13,7,Rain-Thunderstorm,166
2005-4-26,79,68,57,61,45,34,93,57,20,29.97,29.85,29.67,10,9,4,15,6,21,0.00,1,,344
2005-4-27,88,69,50,55,45,39,74,49,23,30.05,29.98,29.91,10,10,10,16,7,23,0.00,0,,163
2005-4-28,89,77,64,66,61,56,93,67,40,29.95,29.87,29.73,10,10,9,16,9,24,0.00,3,,178
2005-4-29,94,78,62,69,61,44,90,56,22,29.82,29.73,29.64,10,9,5,18,8,28,0.00,5,,155
2005-4-30,72,60,48,49,45,42,93,64,35,30.16,30.06,29.81,10,9,2,20,10,29,0.16,5,Rain-Thunderstorm,357
2005-5-1,73,60,46,48,45,43,90,58,34,30.23,30.14,30.05,10,10,10,9,4,,0.00,0,,81
2005-5-2,77,66,54,52,48,45,90,62,33,30.17,30.11,30.06,10,10,9,14,4,22,0.00,0,,55
2005-5-3,75,65,55,50,47,45,66,55,44,30.21,30.14,30.07,10,10,10,13,7,18,T,3,Rain,31
2005-5-4,77,67,56,56,53,49,93,66,38,30.25,30.20,30.14,10,8,4,10,6,17,0.03,6,Rain,52
2005-5-5,81,69,56,56,54,51,86,64,42,30.25,30.19,30.12,10,10,10,10,5,15,0.00,3,,105
2005-5-6,83,71,59,59,55,52,80,59,37,30.16,30.08,30.00,10,10,10,16,7,22,0.00,1,,146
2005-5-7,81,73,64,66,62,58,93,71,48,30.04,29.97,29.88,10,9,3,17,9,23,0.01,7,Rain,151
2005-5-8,69,65,60,67,61,57,96,92,87,30.05,29.93,29.83,10,7,1,22,6,30,1.46,7,Rain-Thunderstorm,87
2005-5-9,86,73,59,70,65,58,100,81,61,29.97,29.91,29.84,10,7,2,12,4,16,0.00,4,,148
2005-5-10,86,77,68,69,67,66,97,78,58,29.98,29.91,29.84,10,8,4,15,9,23,0.00,6,,153
2005-5-11,83,76,69,68,65,62,90,74,58,29.94,29.90,29.85,10,10,8,17,10,24,0.00,6,,136
2005-5-12,83,76,68,69,67,64,90,78,65,30.02,29.95,29.88,10,8,4,22,9,24,0.00,7,,138
2005-5-13,85,77,68,66,64,60,93,69,44,30.01,29.94,29.86,10,9,6,15,9,22,0.00,4,,147
2005-5-14,85,75,64,65,63,61,93,72,51,30.03,29.97,29.92,10,8,4,17,4,22,0.05,4,Rain-Thunderstorm,51
2005-5-15,85,76,66,63,55,50,73,53,32,30.03,29.97,29.93,10,10,10,12,6,18,0.00,1,,38
2005-5-16,75,68,61,59,55,52,84,65,46,29.99,29.94,29.88,10,10,10,13,5,20,0.00,4,,77
2005-5-17,85,72,58,65,61,56,93,69,44,29.92,29.86,29.76,10,9,3,17,7,21,0.00,2,,151
2005-5-18,86,78,69,67,66,64,90,71,51,29.90,29.84,29.77,10,10,8,14,8,20,0.00,6,,164
2005-5-19,87,79,71,68,66,63,84,68,51,29.94,29.87,29.81,10,10,10,12,7,18,0.00,6,,163
2005-5-20,92,81,70,69,67,65,97,71,44,29.93,29.89,29.85,10,9,6,9,3,14,0.00,3,,142
2005-5-21,97,82,67,67,64,59,93,61,29,29.91,29.86,29.80,10,10,7,9,3,13,0.00,0,,177
2005-5-22,96,84,72,66,64,59,79,55,31,29.89,29.85,29.80,10,10,10,12,4,16,0.00,0,,188
2005-5-23,93,81,68,67,64,60,84,59,33,29.86,29.81,29.74,10,10,8,9,6,17,0.00,0,,165
2005-5-24,93,82,71,67,66,63,84,61,38,29.87,29.78,29.69,10,10,8,14,7,21,0.00,2,,170
2005-5-25,94,83,71,69,66,63,93,65,36,29.86,29.78,29.73,10,9,6,13,5,16,0.00,2,,123
2005-5-26,84,78,71,68,65,62,79,67,55,30.01,29.95,29.86,10,10,8,12,5,16,T,2,,22
2005-5-27,90,78,66,65,62,58,87,63,39,30.03,29.96,29.87,10,9,6,8,4,13,0.00,1,,75
2005-5-28,89,78,67,70,68,64,93,72,50,29.99,29.88,29.75,10,8,2,18,6,28,0.46,3,Rain-Thunderstorm,170
2005-5-29,85,75,65,70,66,64,100,81,61,29.90,29.80,29.68,10,8,2,15,4,21,1.09,5,Rain-Thunderstorm,170
2005-5-30,84,75,66,69,66,64,100,78,55,29.84,29.78,29.70,10,9,2,10,3,15,0.03,3,Rain-Thunderstorm,351
2005-5-31,88,79,69,68,67,64,97,72,46,29.88,29.80,29.71,10,7,2,9,3,13,0.00,4,,51
2005-6-1,89,77,64,70,66,62,93,70,46,29.87,29.79,29.71,10,9,1,23,5,29,0.89,2,Rain-Thunderstorm,333
2005-6-2,90,79,67,70,68,65,90,69,47,29.82,29.75,29.68,10,10,10,13,5,18,0.00,0,,144
2005-6-3,87,80,72,73,71,67,93,76,59,29.80,29.70,29.64,10,8,7,16,8,24,T,5,Rain-Thunderstorm,147
2005-6-4,92,84,75,73,71,70,87,70,52,29.79,29.73,29.68,10,10,8,16,9,24,0.00,5,,155
2005-6-5,93,83,73,72,70,67,93,70,47,29.90,29.82,29.73,10,10,10,14,7,18,0.00,4,Thunderstorm,134
2005-6-6,92,84,75,72,70,67,87,67,47,29.96,29.87,29.77,10,10,10,14,7,20,0.00,4,,158
2005-6-7,93,85,76,73,72,69,94,72,49,29.88,29.82,29.73,10,10,10,15,8,24,0.00,4,,158
2005-6-8,93,85,77,73,72,71,87,70,52,29.87,29.82,29.73,10,10,10,15,9,20,T,5,,161
2005-6-9,92,85,77,73,71,67,82,66,49,29.88,29.81,29.73,10,10,8,17,9,24,T,6,Rain,148
2005-6-10,93,84,75,72,69,64,87,66,44,29.85,29.77,29.69,10,10,7,16,9,24,0.00,4,,151
2005-6-11,94,85,75,72,69,65,87,64,41,29.81,29.74,29.68,10,10,7,13,8,18,0.00,4,,145
2005-6-12,93,84,74,72,69,65,87,67,46,29.82,29.76,29.69,10,10,10,15,8,20,0.00,4,,165
2005-6-13,91,83,74,73,71,70,87,72,56,29.87,29.82,29.74,10,10,10,13,6,17,0.00,6,,176
2005-6-14,95,85,75,73,70,66,87,64,41,29.96,29.91,29.86,10,10,6,10,4,14,0.00,3,,128
2005-6-15,97,85,73,71,69,67,87,64,40,29.99,29.92,29.86,10,10,10,9,3,13,0.00,0,,190
2005-6-16,97,85,73,69,66,62,79,57,35,29.93,29.85,29.76,10,10,10,12,5,16,0.00,0,,172
2005-6-17,97,85,73,71,69,66,87,63,38,29.87,29.77,29.69,10,10,10,13,6,20,0.00,2,,182
2005-6-18,96,86,75,72,70,65,87,63,38,29.88,29.83,29.78,10,10,10,13,6,17,0.00,3,,154
2005-6-19,95,85,74,72,70,65,87,64,41,30.02,29.94,29.85,10,10,10,10,5,16,0.00,3,,147
2005-6-20,95,86,76,72,67,58,82,58,33,30.10,30.02,29.97,10,10,8,13,5,16,0.00,3,,89
2005-6-21,95,81,67,65,60,57,87,60,32,30.12,30.05,30.00,10,10,8,9,1,13,0.00,1,,82
2005-6-22,95,81,67,65,61,57,87,59,30,30.11,30.05,29.99,10,9,4,10,3,14,0.00,1,,195
2005-6-23,96,84,72,70,63,56,90,60,30,30.06,30.00,29.93,10,10,7,13,5,20,0.00,0,,151
2005-6-24,95,83,70,68,63,58,84,57,30,30.01,29.96,29.89,10,10,10,13,5,18,0.00,0,,132
2005-6-25,95,82,69,69,64,57,90,60,30,30.00,29.95,29.88,10,10,5,13,5,20,0.00,0,,112
2005-6-26,96,84,72,70,65,58,84,57,30,30.02,29.96,29.90,10,10,7,14,4,17,0.00,1,,153
2005-6-27,96,84,72,69,65,60,84,59,33,30.03,29.98,29.92,10,10,7,13,5,18,0.00,0,,153
2005-6-28,96,85,73,71,65,59,79,55,31,30.04,29.96,29.88,10,10,10,12,5,17,0.00,1,,117
2005-6-29,98,85,72,70,67,63,87,60,33,29.99,29.91,29.85,10,10,10,13,5,16,0.00,1,,150
2005-6-30,100,88,76,73,70,64,87,61,35,29.98,29.90,29.82,10,10,10,14,6,20,0.00,2,,171
2005-7-1,101,89,76,73,69,62,94,62,29,29.95,29.86,29.77,10,10,8,12,6,16,0.00,1,,168
2005-7-2,102,89,76,73,68,62,87,58,29,29.95,29.84,29.73,10,10,10,13,5,18,0.00,1,,172
2005-7-3,101,89,77,73,70,66,87,60,33,29.90,29.83,29.76,10,10,10,17,8,25,0.00,1,,165
2005-7-4,101,89,77,73,70,65,85,59,33,29.96,29.89,29.84,10,10,10,17,9,23,0.00,2,,153
2005-7-5,99,87,75,73,69,61,87,59,30,30.05,29.97,29.87,10,10,9,13,3,18,0.00,3,,155
2005-7-6,104,90,75,69,65,61,74,51,27,29.96,29.89,29.82,10,10,10,14,3,18,0.00,0,,314
2005-7-7,104,87,70,71,67,63,93,61,29,29.95,29.88,29.78,10,9,2,15,4,25,0.25,2,Rain,126
2005-7-8,95,82,69,69,67,65,90,64,38,29.99,29.94,29.86,10,10,7,10,4,17,0.00,1,,116
2005-7-9,97,85,73,73,67,60,87,59,30,29.99,29.91,29.80,10,10,9,14,4,18,0.00,2,,92
2005-7-10,98,86,73,69,66,61,87,59,30,29.90,29.84,29.75,10,10,10,10,4,17,0.00,0,,71
2005-7-11,101,88,74,75,68,63,85,58,31,29.92,29.85,29.81,10,9,2,13,4,20,0.23,1,Rain,171
2005-7-12,99,87,75,73,69,62,87,59,31,30.06,29.98,29.93,10,10,10,13,5,17,0.00,1,,169
2005-7-13,101,89,76,73,69,63,85,59,33,30.02,29.96,29.88,10,10,10,15,4,21,T,1,Rain-Thunderstorm,322
2005-7-14,101,87,72,73,71,68,93,66,38,29.93,29.88,29.79,10,8,0,18,3,28,0.96,4,Fog-Rain-Thunderstorm,258
2005-7-15,89,80,70,79,71,69,100,78,55,29.97,29.90,29.84,10,8,2,10,2,14,0.07,4,Rain-Thunderstorm,158
2005-7-16,87,80,73,73,71,69,93,75,57,30.04,29.97,29.91,10,10,2,13,5,16,0.08,3,Rain-Thunderstorm,140
2005-7-17,86,80,73,75,73,70,94,80,65,30.08,30.00,29.95,10,8,2,16,4,25,0.38,5,Rain-Thunderstorm,136
2005-7-18,95,85,75,76,73,69,100,75,49,30.05,29.98,29.91,10,8,4,14,6,21,T,3,Thunderstorm,129
2005-7-19,95,85,75,74,71,67,87,64,41,30.05,29.98,29.91,10,10,2,18,5,25,0.04,2,Rain-Thunderstorm,122
2005-7-20,89,83,76,76,73,68,94,75,56,30.08,30.02,29.96,10,9,2,16,4,23,0.10,2,Rain-Thunderstorm,87
2005-7-21,94,85,76,74,72,68,87,67,47,30.15,30.08,30.03,10,10,8,13,3,20,0.00,4,Thunderstorm,131
2005-7-22,97,86,75,74,71,66,87,63,38,30.11,30.06,29.99,10,10,7,15,4,23,0.01,2,Rain-Thunderstorm,82
2005-7-23,96,86,75,74,71,67,87,66,44,30.10,30.04,29.98,10,10,8,13,4,18,T,3,Rain-Thunderstorm,99
2005-7-24,95,85,75,76,72,67,94,69,44,30.10,30.04,29.96,10,9,0,20,4,29,0.40,4,Fog-Rain-Thunderstorm,155
2005-7-25,94,84,74,73,70,63,94,65,36,30.02,29.98,29.91,10,10,10,14,7,20,0.00,1,,165
2005-7-26,94,85,75,72,71,69,87,68,49,29.99,29.93,29.86,10,10,10,14,7,20,0.00,3,,176
2005-7-27,95,85,74,72,71,68,87,67,47,30.06,29.98,29.91,10,10,4,14,4,17,0.15,3,Rain-Thunderstorm,323
2005-7-28,93,82,71,74,71,68,93,71,49,30.12,30.05,30.01,10,10,2,12,2,15,0.06,3,Rain-Thunderstorm,338
2005-7-29,90,83,75,73,71,69,87,73,59,30.14,30.09,30.04,10,10,8,10,2,16,0.02,2,Rain-Thunderstorm,354
2005-7-30,96,84,72,72,68,62,93,65,36,30.14,30.07,29.99,10,9,4,12,2,16,0.00,1,,115
2005-7-31,98,84,70,67,59,50,90,56,22,30.07,30.02,29.95,10,10,8,12,3,14,0.00,1,,100
2005-8-1,98,85,72,74,65,58,74,52,30,30.06,29.99,29.94,10,10,4,16,3,24,0.03,2,Rain,83
2005-8-2,98,86,73,70,67,64,87,61,35,30.01,29.95,29.88,10,9,5,10,3,17,0.00,1,Thunderstorm,115
2005-8-3,98,87,75,71,68,66,79,57,35,29.97,29.92,29.85,10,10,8,15,4,22,0.00,0,Thunderstorm,123
2005-8-4,98,87,75,72,70,64,87,61,35,30.05,29.99,29.91,10,10,9,23,5,31,T,1,Rain-Thunderstorm,94
2005-8-5,90,79,68,72,69,65,97,74,50,30.18,30.11,30.02,10,8,1,16,3,21,1.21,4,Rain-Thunderstorm,11
2005-8-6,96,84,72,70,67,64,84,61,38,30.10,30.03,29.95,10,10,10,10,2,14,0.00,1,Thunderstorm,305
2005-8-7,95,85,75,71,68,65,82,62,41,30.04,29.99,29.93,10,10,10,10,3,16,0.00,1,Thunderstorm,104
2005-8-8,96,84,72,73,71,66,93,66,38,30.05,29.99,29.90,10,8,3,18,4,23,0.16,3,Rain-Thunderstorm,99
2005-8-9,89,81,72,73,71,68,94,75,55,30.10,30.01,29.90,10,8,2,14,5,20,0.16,5,Rain-Thunderstorm,64
2005-8-10,80,75,70,74,71,68,97,83,69,30.08,29.99,29.92,10,8,0,13,4,20,0.87,5,Fog-Rain-Thunderstorm,84
2005-8-11,94,84,73,72,70,64,93,66,38,30.05,29.97,29.88,10,10,7,14,7,23,0.00,3,,151
2005-8-12,96,86,76,74,72,69,94,70,46,30.04,29.96,29.83,10,10,10,20,8,25,0.00,4,,160
2005-8-13,94,86,77,74,71,68,87,67,47,29.98,29.90,29.81,10,10,10,13,8,20,0.00,4,,166
2005-8-14,97,88,79,75,73,68,91,67,42,29.97,29.91,29.84,10,10,10,23,9,32,T,3,,154
2005-8-15,94,86,77,75,73,68,91,71,50,30.09,30.02,29.96,10,10,10,13,6,18,0.01,4,Thunderstorm,126
2005-8-16,96,86,75,74,72,68,94,68,42,30.13,30.04,29.97,10,10,9,13,5,20,T,3,Rain,125
2005-8-17,97,87,76,74,71,65,94,65,35,30.04,29.97,29.86,10,10,9,15,5,22,0.00,2,,164
2005-8-18,99,88,76,73,72,69,94,72,49,29.99,29.93,29.85,10,10,10,15,7,22,0.00,3,,177
2005-8-19,98,88,77,75,72,67,91,66,40,30.04,29.97,29.92,10,10,10,15,6,20,T,3,Thunderstorm,141
2005-8-20,99,88,76,75,70,64,94,64,33,30.13,30.04,29.96,10,10,10,13,6,18,0.00,3,,153
2005-8-21,100,88,75,73,68,62,94,63,31,30.11,30.03,29.93,10,10,10,12,4,15,0.00,1,,157
2005-8-22,101,88,75,70,68,63,82,57,31,29.99,29.91,29.83,10,10,10,15,4,21,0.00,0,,120
2005-8-23,101,89,76,71,68,66,76,55,33,29.89,29.84,29.78,10,10,10,10,4,15,0.00,0,,130
2005-8-24,99,88,76,73,69,64,87,61,35,29.94,29.88,29.84,10,10,10,15,4,20,0.00,1,,150
2005-8-25,99,88,76,74,69,64,87,60,33,30.00,29.95,29.90,10,10,10,12,5,15,0.00,1,,123
2005-8-26,101,89,77,73,70,64,85,59,33,29.96,29.89,29.79,10,10,10,12,4,16,0.00,0,,130
2005-8-27,102,90,77,73,69,66,79,56,33,29.86,29.80,29.70,10,10,10,17,4,25,0.00,0,,28
2005-8-28,94,84,74,69,68,65,79,62,44,29.88,29.76,29.69,10,10,10,13,6,18,0.00,1,,7
2005-8-29,96,86,76,69,66,62,79,57,34,29.73,29.69,29.64,10,10,10,15,7,21,0.00,1,,334
2005-8-30,98,85,72,66,62,57,73,50,27,29.81,29.76,29.72,10,10,10,10,3,13,0.00,1,,20
2005-8-31,102,88,74,71,63,56,82,53,23,29.89,29.82,29.77,10,10,8,12,3,18,0.00,0,,30
2005-9-1,99,87,75,72,65,55,87,56,25,29.99,29.93,29.87,10,10,8,14,4,17,0.00,0,,114
2005-9-2,93,84,75,71,69,66,87,64,41,30.07,30.03,29.98,10,10,2,17,3,25,0.02,3,Rain,54
2005-9-3,96,83,70,70,67,64,84,61,38,30.13,30.07,30.01,10,9,8,15,3,21,0.00,1,,99
2005-9-4,95,85,74,70,65,58,87,62,36,30.12,30.04,29.97,10,8,4,9,3,13,0.00,1,,130
2005-9-5,98,84,70,68,60,52,78,53,27,30.07,30.03,29.96,10,10,7,9,3,15,0.00,0,,52
2005-9-6,95,83,70,69,65,59,90,63,36,30.12,30.07,30.01,10,9,5,13,4,17,0.00,1,,94
2005-9-7,93,81,69,67,59,49,84,54,23,30.15,30.10,30.04,10,9,5,13,3,23,0.00,1,,18
2005-9-8,94,82,69,62,58,55,66,48,30,30.11,30.05,29.97,10,10,10,10,3,14,0.00,1,,30
2005-9-9,95,83,70,68,63,58,84,57,30,30.04,29.98,29.92,10,10,8,10,5,16,0.00,1,,126
2005-9-10,92,82,72,72,70,68,87,70,52,30.03,29.97,29.91,10,9,5,20,5,30,0.00,2,Thunderstorm,108
2005-9-11,76,75,73,74,73,71,100,94,87,30.11,30.05,29.98,10,6,1,10,4,15,0.81,7,Rain-Thunderstorm,121
2005-9-12,91,82,72,75,72,67,100,74,47,30.10,30.02,29.94,10,6,0,13,3,20,0.61,5,Fog-Rain-Thunderstorm,106
2005-9-13,93,83,73,73,72,66,100,73,46,30.02,29.95,29.85,10,10,7,13,6,18,0.00,4,,174
2005-9-14,95,85,74,73,71,66,93,67,41,29.99,29.91,29.82,10,10,10,15,9,21,0.00,3,,171
2005-9-15,96,87,77,74,72,68,87,65,42,30.00,29.93,29.86,10,10,10,14,8,22,T,5,Rain,176
2005-9-16,95,86,77,75,73,68,85,65,44,30.13,30.03,29.96,10,10,10,12,5,20,0.00,4,Thunderstorm,1
2005-9-17,97,86,74,73,70,66,93,66,38,30.04,29.97,29.88,10,10,9,13,6,18,0.00,1,,165
2005-9-18,97,86,74,73,70,64,94,65,35,30.01,29.96,29.90,10,10,8,13,7,18,0.00,2,,172
2005-9-19,97,86,75,74,70,61,94,62,30,30.14,30.05,30.01,10,10,10,12,5,17,0.00,2,,139
2005-9-20,97,85,73,71,67,62,87,62,36,30.19,30.11,30.07,10,9,5,9,2,14,0.00,1,,220
2005-9-21,99,87,74,69,64,59,79,54,29,30.09,29.99,29.89,10,10,10,9,3,14,0.00,1,,268
2005-9-22,101,87,73,67,61,55,74,49,23,29.91,29.83,29.75,10,10,8,9,3,12,0.00,1,,350
2005-9-23,98,85,72,65,62,60,60,45,30,29.83,29.75,29.66,10,10,9,18,8,25,0.00,1,,15
2005-9-24,99,89,79,66,64,62,58,46,33,29.73,29.63,29.56,10,10,10,17,8,24,0.00,1,,323
2005-9-25,107,89,70,71,61,53,84,51,18,29.83,29.77,29.73,10,10,10,12,3,18,0.00,0,,148
2005-9-26,107,92,76,74,66,57,94,57,20,29.94,29.88,29.83,10,9,4,9,3,13,0.00,0,,200
2005-9-27,103,89,75,71,66,63,74,53,31,29.99,29.92,29.85,10,10,10,10,3,13,0.00,0,,358
2005-9-28,106,90,73,70,65,55,87,53,19,29.88,29.83,29.77,10,9,5,9,3,15,0.00,0,,121
2005-9-29,85,78,70,71,61,55,79,64,48,30.12,30.03,29.88,10,10,10,16,8,25,0.00,6,Thunderstorm,16
2005-9-30,88,79,70,70,64,57,74,62,50,30.04,29.97,29.87,10,10,7,12,5,17,0.00,6,,113
2005-10-1,95,85,74,72,68,61,87,63,38,30.00,29.93,29.85,10,8,3,14,7,20,0.00,3,,157
2005-10-2,95,84,73,72,70,63,93,65,36,30.05,29.98,29.91,10,10,8,15,6,21,T,4,Rain,122
2005-10-3,95,86,76,73,71,65,94,68,41,30.10,30.01,29.91,10,9,4,14,6,18,0.00,5,,119
2005-10-4,91,83,75,73,71,66,87,67,47,30.05,29.98,29.89,10,10,8,20,4,23,0.01,4,Rain-Thunderstorm,147
2005-10-5,94,84,73,72,69,62,93,66,38,30.01,29.93,29.85,10,8,4,9,4,13,0.00,4,,96
2005-10-6,78,66,54,68,58,44,90,70,50,30.11,30.01,29.93,10,10,10,17,8,24,0.00,2,,334
2005-10-7,58,55,52,53,48,42,90,76,61,30.14,30.07,30.01,10,8,2,14,8,21,0.11,8,Rain,332
2005-10-8,80,67,54,53,45,39,86,55,23,30.02,29.94,29.85,10,10,10,10,4,15,0.00,2,,349
2005-10-9,84,69,53,58,48,43,71,50,29,29.93,29.83,29.74,10,10,10,14,5,18,0.00,0,,105
2005-10-10,70,65,60,65,61,56,96,79,61,29.93,29.84,29.77,10,5,1,14,4,18,1.14,8,Rain-Thunderstorm,10
2005-10-11,74,70,65,67,65,63,100,87,73,30.01,29.96,29.91,10,3,1,9,3,12,0.07,6,Rain-Thunderstorm,28
2005-10-12,88,76,63,66,63,59,93,67,40,30.06,30.00,29.95,10,4,0,8,3,12,0.00,3,Fog,339
2005-10-13,85,76,67,63,60,53,87,62,37,30.10,30.06,30.01,10,9,6,10,5,17,T,2,Rain,21
2005-10-14,86,76,65,58,56,53,73,53,32,30.21,30.15,30.09,10,9,0,13,4,17,0.00,2,,4
2005-10-15,87,74,61,58,52,44,90,58,25,30.15,30.08,29.99,10,10,9,9,2,13,0.00,0,,24
2005-10-16,85,72,59,61,55,50,80,56,32,30.12,30.05,30.01,10,10,7,8,1,13,0.00,0,,85
2005-10-17,88,74,60,58,54,51,84,57,30,30.09,30.03,29.96,10,10,10,7,2,10,0.00,0,,270
2005-10-18,90,75,60,61,56,51,90,59,27,30.04,29.97,29.91,10,10,6,13,4,16,0.00,0,,203
2005-10-19,90,76,62,65,60,56,93,63,32,29.99,29.92,29.85,10,9,3,15,5,21,0.00,0,,176
2005-10-20,92,80,67,66,61,54,93,61,29,29.93,29.88,29.81,10,10,6,10,4,15,0.00,1,,197
2005-10-21,85,74,63,51,49,47,60,44,27,30.08,30.00,29.93,10,9,1,13,6,16,0.00,0,,4
2005-10-22,80,68,56,50,48,47,77,54,30,30.10,30.00,29.90,10,10,10,9,4,14,0.00,0,,20
2005-10-23,77,64,50,55,42,30,86,55,23,30.28,30.04,29.88,10,10,10,21,8,30,0.00,2,,9
2005-10-24,67,55,43,33,29,22,62,41,19,30.38,30.30,30.23,10,10,10,13,6,18,0.00,1,,349
2005-10-25,73,58,43,37,31,24,76,46,16,30.29,30.20,30.11,10,10,10,7,2,12,0.00,0,,321
2005-10-26,77,60,42,46,36,32,76,49,21,30.12,30.05,29.96,10,10,10,13,4,20,0.00,0,,133
2005-10-27,78,67,55,49,43,36,72,49,25,30.23,30.12,30.04,10,10,10,12,5,16,0.00,2,,87
2005-10-28,75,63,50,42,39,36,68,47,25,30.35,30.27,30.22,10,10,10,12,4,16,0.00,0,,74
2005-10-29,77,64,50,50,43,39,71,52,33,30.34,30.26,30.18,10,10,10,13,4,15,0.00,3,,122
2005-10-30,82,69,56,61,57,51,90,67,43,30.29,30.21,30.12,10,8,5,13,5,18,0.00,6,,154
2005-10-31,82,67,52,63,57,45,93,74,54,30.28,30.14,30.04,10,8,1,22,7,32,0.45,5,Rain-Thunderstorm,304
2005-11-1,74,60,46,43,36,25,83,50,17,30.37,30.30,30.24,10,10,10,14,5,21,0.00,0,,340
2005-11-2,79,61,43,45,34,22,93,53,12,30.33,30.26,30.19,10,10,10,12,4,16,0.00,0,,179
2005-11-3,81,65,49,56,49,40,86,57,28,30.21,30.13,30.05,10,10,10,14,5,20,0.00,0,,181
2005-11-4,82,71,59,60,56,53,90,66,42,30.04,29.94,29.86,10,10,10,15,7,21,0.00,0,,191
2005-11-5,87,76,64,64,60,55,87,61,34,29.92,29.85,29.78,10,10,10,15,7,23,0.00,2,,189
2005-11-6,87,76,65,68,64,60,93,68,43,30.10,30.01,29.92,10,9,7,10,4,15,0.00,4,,167
2005-11-7,88,80,71,70,67,62,90,67,43,30.18,30.11,30.03,10,10,8,15,7,21,0.00,5,,158
2005-11-8,88,79,70,69,67,63,97,72,46,30.16,30.08,29.99,10,10,9,12,7,17,0.00,5,,175
2005-11-9,86,78,70,68,66,64,90,71,51,30.16,30.08,30.03,10,10,10,10,5,16,0.00,5,,208
2005-11-10,82,71,59,59,48,38,73,53,33,30.27,30.17,30.10,10,10,10,9,4,14,0.00,2,,351
2005-11-11,82,70,58,65,58,47,79,65,51,30.14,30.05,29.96,10,10,7,12,4,21,0.00,5,,163
2005-11-12,80,75,70,67,65,63,90,74,58,29.99,29.93,29.85,10,10,10,16,6,25,0.00,7,,177
2005-11-13,87,79,70,68,65,54,84,63,42,30.12,30.04,29.96,10,10,10,9,4,13,0.00,5,,154
2005-11-14,84,74,64,66,60,55,79,63,47,30.11,30.00,29.82,10,10,10,14,5,21,0.00,5,,156
2005-11-15,78,64,50,66,49,19,84,56,27,30.40,30.00,29.80,10,10,9,20,11,29,T,6,Rain,333
2005-11-16,58,49,39,19,15,11,41,28,15,30.63,30.53,30.42,10,10,10,20,8,25,0.00,0,,356
2005-11-17,60,46,31,26,19,13,78,47,15,30.57,30.47,30.36,10,10,10,12,4,21,0.00,0,,103
2005-11-18,61,55,48,28,25,24,42,34,26,30.45,30.36,30.26,10,10,10,9,4,12,0.00,7,,56
2005-11-19,68,59,49,39,32,24,59,46,32,30.24,30.16,30.07,10,10,10,12,3,17,0.00,4,,181
2005-11-20,67,57,47,37,32,25,63,43,23,30.29,30.22,30.17,10,10,10,16,7,22,0.00,1,,316
2005-11-21,69,54,39,37,31,27,79,51,22,30.25,30.18,30.13,10,10,10,10,3,13,0.00,0,,306
2005-11-22,77,62,46,37,33,27,66,41,16,30.21,30.13,30.06,10,10,10,12,4,16,0.00,0,,290
2005-11-23,87,67,46,35,30,22,61,35,9,30.06,29.96,29.86,10,10,10,10,4,15,0.00,0,,273
2005-11-24,83,66,48,49,39,27,66,44,21,29.93,29.87,29.80,10,10,10,10,3,15,0.00,0,,141
2005-11-25,80,69,57,63,59,50,100,72,43,30.02,29.95,29.88,10,6,0,13,4,18,0.00,6,Fog,146
2005-11-26,71,64,57,63,58,55,100,79,57,29.95,29.83,29.69,10,8,2,12,5,16,0.33,5,Rain,130
2005-11-27,84,71,58,61,51,14,100,57,14,29.70,29.57,29.36,10,7,1,21,9,30,0.00,5,,190
2005-11-28,64,52,39,33,20,14,65,40,14,30.05,29.86,29.70,10,10,10,17,6,26,0.00,0,,304
2005-11-29,60,47,34,30,25,21,76,50,23,30.25,30.17,30.05,10,10,10,9,2,12,0.00,0,,33
2005-11-30,72,53,34,52,40,28,76,57,38,30.19,30.04,29.89,10,10,10,18,5,28,0.00,1,,179
2005-12-1,64,53,41,57,32,19,90,55,19,30.24,30.14,29.98,10,10,10,17,7,23,0.00,1,,340
2005-12-2,74,55,36,57,39,22,78,61,43,30.17,30.03,29.86,10,10,10,18,5,25,0.00,2,,179
2005-12-3,82,70,58,66,60,56,96,72,48,29.90,29.83,29.77,10,9,4,14,6,22,0.00,3,,192
2005-12-4,71,57,43,66,37,26,90,63,36,30.17,30.00,29.82,10,10,8,15,9,18,0.00,5,,340
2005-12-5,56,45,33,25,22,16,64,43,22,30.36,30.28,30.17,10,10,10,15,6,20,0.00,0,,336
2005-12-6,60,44,27,39,25,19,75,48,20,30.29,30.21,30.13,10,10,10,20,4,,0.00,1,,141
2005-12-7,51,38,25,42,32,21,96,80,63,30.45,30.26,30.12,10,6,2,20,10,28,0.08,8,Rain,343
2005-12-8,36,30,23,23,18,14,88,69,49,30.61,30.51,30.41,10,9,5,18,10,26,T,5,,337
2005-12-9,43,35,27,26,16,12,63,46,29,30.56,30.44,30.27,10,10,10,9,4,12,0.00,7,,49
2005-12-10,72,57,42,42,29,23,55,40,25,30.24,30.18,30.09,10,10,10,9,2,13,0.00,4,,7
2005-12-11,65,52,39,29,26,22,59,40,20,30.32,30.23,30.16,10,10,10,8,2,13,0.00,0,,18
2005-12-12,71,58,44,33,31,28,65,43,20,30.18,30.12,30.07,10,10,10,8,1,12,0.00,0,,195
2005-12-13,71,56,41,59,48,32,78,66,54,30.14,30.01,29.87,10,10,10,15,4,20,T,5,Rain,161
2005-12-14,67,56,45,61,49,28,90,68,45,30.07,29.90,29.81,10,10,10,22,7,31,T,5,Rain-Thunderstorm,321
2005-12-15,59,49,38,29,20,11,59,38,16,30.25,30.16,30.07,10,10,10,15,5,21,0.00,0,,350
2005-12-16,49,44,38,31,25,17,64,48,31,30.24,30.17,30.12,10,10,10,10,4,15,T,6,Rain,98
2005-12-17,48,44,39,38,35,31,79,70,61,30.36,30.26,30.20,10,10,10,9,3,12,0.01,7,,28
2005-12-18,55,48,40,39,38,35,85,70,54,30.54,30.47,30.36,10,10,10,9,3,13,0.00,5,,5
2005-12-19,56,47,37,35,30,25,85,62,38,30.56,30.47,30.39,10,10,10,10,4,15,0.00,6,,79
2005-12-20,52,49,46,34,32,31,60,55,49,30.42,30.36,30.29,10,10,10,8,2,13,0.00,8,,80
2005-12-21,58,46,33,36,32,28,96,67,38,30.46,30.39,30.34,10,9,4,8,2,10,0.00,1,,333
2005-12-22,64,49,33,39,35,30,89,65,40,30.36,30.26,30.16,10,9,3,12,4,18,0.00,0,,176
2005-12-23,74,57,39,52,43,34,86,61,35,30.14,29.97,29.83,10,10,7,16,5,26,0.00,0,,176
2005-12-24,73,62,50,52,32,18,89,51,13,30.06,29.97,29.83,10,10,9,24,9,36,0.00,0,,309
2005-12-25,74,60,46,27,24,22,39,27,14,30.14,30.06,29.99,10,10,10,13,5,16,0.00,0,,290
2005-12-26,80,61,41,52,36,25,67,43,18,30.07,29.99,29.91,10,10,10,16,5,23,0.00,0,,173
2005-12-27,77,66,54,56,51,29,93,60,27,29.96,29.88,29.78,10,10,4,12,5,18,0.00,2,,217
2005-12-28,74,61,47,35,31,25,61,42,23,30.01,29.93,29.87,10,10,10,10,5,14,0.00,0,,307
2005-12-29,74,58,42,54,38,31,78,49,20,29.94,29.84,29.75,10,10,10,12,4,17,0.00,1,,164
2005-12-30,74,60,45,58,45,25,90,54,17,29.93,29.83,29.75,10,9,5,15,4,20,0.00,4,,313
2005-12-31,77,57,37,59,41,28,76,50,24,29.96,29.85,29.76,10,10,6,13,4,18,0.00,1,,178
