
CST,Max TemperatureF,Mean TemperatureF,Min TemperatureF,Max Dew PointF,MeanDew PointF,Min DewpointF,Max Humidity, Mean Humidity, Min Humidity, Max Sea Level PressureIn, Mean Sea Level PressureIn, Min Sea Level PressureIn, Max VisibilityMiles, Mean VisibilityMiles, Min VisibilityMiles, Max Wind SpeedMPH, Mean Wind SpeedMPH, Max Gust SpeedMPH,PrecipitationIn, CloudCover, Events, WindDirDegrees
1985-1-1,48,41,33,43,36,28,85,79,76,30.33,30.18,30.04,20,17,7,23,15,32,0.05,8,Rain,7
1985-1-2,32,29,26,28,25,20,96,85,64,30.49,30.40,30.34,20,6,0,25,19,32,0.34,8,Rain-Snow,340
1985-1-3,48,38,28,29,26,20,85,63,43,30.48,30.40,30.30,20,18,4,18,12,,0.00,2,Snow,303
1985-1-4,55,44,32,32,31,29,92,64,39,30.38,30.30,30.24,20,20,20,12,7,,0.00,1,,302
1985-1-5,55,48,39,38,33,30,85,62,40,30.39,30.30,30.25,20,20,20,16,11,,0.00,0,,345
1985-1-6,62,46,30,41,35,30,100,67,44,30.26,30.16,30.07,20,20,20,15,6,21,0.00,0,,214
1985-1-7,61,52,43,40,35,30,74,55,33,30.32,30.22,30.14,20,20,20,15,10,,0.00,3,,350
1985-1-8,59,48,36,39,36,31,86,64,42,30.21,30.12,30.02,20,18,10,10,5,,0.00,4,,78
1985-1-9,68,58,48,58,50,38,90,78,60,30.02,29.95,29.86,20,13,7,15,6,23,0.00,6,,163
1985-1-10,55,47,39,54,33,27,93,61,41,30.35,30.21,29.98,20,17,10,20,12,25,0.00,3,,357
1985-1-11,39,36,32,31,29,26,82,75,67,30.60,30.47,30.36,15,10,4,22,16,30,0.00,8,Rain-Snow,15
1985-1-12,32,28,24,27,21,17,91,79,63,30.67,30.59,30.47,8,4,1,22,17,26,0.26,8,Fog-Snow,9
1985-1-13,33,30,26,30,25,19,96,86,69,30.49,30.37,30.25,10,5,2,12,8,,0.08,8,Fog-Rain-Snow,3
1985-1-14,55,44,33,37,33,30,92,71,49,30.31,30.26,30.22,20,15,8,16,8,,0.00,5,,329
1985-1-15,51,44,37,43,32,27,86,62,48,30.31,30.20,30.09,20,16,3,13,8,,0.00,5,Fog,131
1985-1-16,51,48,46,48,45,39,100,89,71,30.08,29.99,29.91,10,6,1,14,7,,0.48,7,Fog-Rain,319
1985-1-17,55,46,37,38,33,28,86,62,37,30.23,30.11,30.02,20,19,15,14,11,,0.00,0,,303
1985-1-18,68,52,35,44,36,31,85,58,32,30.01,29.92,29.84,20,20,20,13,5,,0.00,0,,248
1985-1-19,70,54,39,46,40,31,86,63,35,29.98,29.87,29.74,20,19,10,32,6,46,0.00,0,,192
1985-1-20,34,26,19,23,1,-5,64,36,26,30.65,30.49,30.12,20,18,15,33,24,45,0.00,2,,360
1985-1-21,41,30,19,15,7,1,57,40,23,30.68,30.58,30.49,20,19,10,8,5,,0.00,0,,318
1985-1-22,42,34,26,19,16,13,66,46,33,30.51,30.44,30.35,20,15,10,8,4,,0.00,5,,87
1985-1-23,46,42,37,39,32,18,86,68,41,30.35,30.25,30.14,15,10,7,7,5,,0.00,8,,244
1985-1-24,62,52,42,41,40,39,96,71,43,30.15,30.09,30.04,15,10,3,8,4,,0.00,6,Fog,196
1985-1-25,73,58,42,52,44,35,92,66,44,30.35,30.15,30.08,15,13,7,18,4,30,0.00,2,,131
1985-1-26,51,43,35,39,27,19,71,50,36,30.43,30.31,30.14,15,15,15,17,12,26,0.00,6,Rain,62
1985-1-27,73,60,46,56,46,36,100,71,33,30.07,29.94,29.81,20,11,0,23,12,32,0.04,5,Fog-Rain,239
1985-1-28,53,47,41,39,37,34,80,72,59,30.14,30.06,30.00,20,16,15,15,10,,0.00,6,,40
1985-1-29,54,48,41,53,46,38,100,92,82,30.06,29.97,29.88,15,4,0,6,3,,0.00,7,Fog-Rain,159
1985-1-30,71,60,48,63,56,38,100,91,68,29.88,29.78,29.70,10,3,0,23,4,32,0.01,7,Fog,107
1985-1-31,46,32,19,40,20,12,93,75,60,30.13,30.00,29.83,15,9,5,25,20,34,0.00,8,Fog-Rain-Snow,352
1985-2-1,23,21,19,18,12,10,88,72,63,30.23,30.10,30.01,15,8,0,25,20,34,0.27,8,Fog-Snow,347
1985-2-2,28,21,14,14,10,7,77,65,49,30.41,30.33,30.24,20,20,15,14,11,,0.00,0,,6
1985-2-3,32,24,19,25,19,12,79,73,68,30.38,30.30,30.25,20,13,7,12,8,,0.00,7,,29
1985-2-4,36,34,32,32,30,25,96,86,75,30.26,30.09,29.99,10,4,1,13,8,,0.06,8,Fog-Rain,22
1985-2-5,42,38,33,35,34,32,96,88,76,30.04,29.99,29.94,10,7,1,18,11,,0.00,8,Fog,359
1985-2-6,45,40,34,38,35,33,100,89,74,30.21,30.09,30.04,10,4,0,15,8,,0.00,8,Fog,45
1985-2-7,48,40,33,32,29,24,82,68,54,30.43,30.35,30.21,15,10,7,18,14,25,0.00,4,,17
1985-2-8,55,44,32,41,29,24,82,58,37,30.43,30.33,30.19,15,11,4,13,6,,0.00,4,,148
1985-2-9,69,58,48,59,51,44,100,84,58,30.18,30.08,29.96,15,6,0,16,9,25,0.00,8,Fog,173
1985-2-10,73,60,42,65,56,32,97,87,67,30.12,29.96,29.86,15,7,2,23,10,34,0.13,7,Fog-Rain-Thunderstorm,186
1985-2-11,54,44,34,31,19,11,67,43,19,30.43,30.35,30.15,20,18,15,28,20,39,0.00,0,,338
1985-2-12,63,46,30,27,21,14,79,41,16,30.40,30.31,30.18,20,20,20,14,7,,0.00,0,,220
1985-2-13,66,50,35,45,35,24,72,55,38,30.25,30.18,30.12,20,20,20,14,6,18,0.00,1,,149
1985-2-14,57,50,44,48,28,19,83,45,27,30.43,30.31,30.24,20,19,15,22,9,34,0.00,2,,12
1985-2-15,55,49,43,32,26,16,58,42,30,30.35,30.23,30.10,20,20,20,18,10,,0.00,0,,356
1985-2-16,72,54,35,44,35,26,78,54,28,30.09,29.98,29.87,20,20,20,24,9,36,0.00,0,,184
1985-2-17,69,60,52,57,53,47,97,80,58,30.18,30.10,30.00,20,10,2,10,3,,0.00,6,Fog,156
1985-2-18,68,61,54,56,55,53,100,83,65,30.29,30.21,30.14,15,7,0,9,6,,0.08,7,Fog,129
1985-2-19,71,62,53,56,54,52,97,79,51,30.26,30.19,30.10,15,7,0,10,5,,0.00,6,Fog,92
1985-2-20,66,60,55,60,57,53,100,88,73,30.12,30.04,29.91,10,6,0,15,6,25,0.00,7,Fog,149
1985-2-21,71,67,63,64,62,60,93,84,73,29.96,29.93,29.88,10,9,5,16,12,30,0.01,8,Fog-Rain,153
1985-2-22,73,70,66,67,65,64,97,87,73,29.98,29.89,29.75,10,8,3,20,12,29,0.29,8,Fog-Rain-Thunderstorm,147
1985-2-23,73,65,57,66,53,43,93,67,35,30.00,29.86,29.76,20,12,4,21,12,37,0.71,5,Fog-Rain-Thunderstorm,259
1985-2-24,57,52,48,46,42,40,80,72,62,30.29,30.17,30.03,20,20,20,18,10,25,0.00,6,,2
1985-2-25,68,56,43,45,43,40,93,64,36,30.23,30.14,30.05,20,16,6,9,2,,0.00,4,,130
1985-2-26,68,58,48,51,47,44,89,70,47,30.26,30.14,30.07,20,13,4,17,5,,0.06,7,Rain,178
1985-2-27,57,52,46,47,43,39,90,75,60,30.39,30.32,30.27,20,15,10,17,13,,0.00,5,,18
1985-2-28,55,52,48,54,50,45,97,90,83,30.32,30.19,30.08,10,4,1,9,6,,0.55,7,Fog-Rain,83
1985-3-1,78,66,55,63,58,54,97,80,52,30.06,29.96,29.84,20,12,1,16,7,,0.00,4,Fog,201
1985-3-2,73,65,57,63,59,56,96,84,66,30.01,29.94,29.87,15,8,0,14,9,,0.00,7,Fog,173
1985-3-3,75,70,66,66,64,63,90,79,64,29.85,29.69,29.57,15,13,10,25,16,38,0.00,7,,171
1985-3-4,72,62,50,65,40,29,87,48,21,30.14,29.90,29.58,20,18,10,23,15,33,0.05,6,Rain,351
1985-3-5,62,53,44,39,35,32,76,51,32,30.31,30.25,30.17,20,20,20,16,11,23,0.00,5,,42
1985-3-6,66,60,54,54,42,33,75,54,40,30.32,30.25,30.16,20,18,15,15,8,,0.00,8,,97
1985-3-7,77,68,60,64,60,54,96,80,56,30.19,30.14,30.09,15,10,2,17,10,25,0.00,7,Fog,159
1985-3-8,77,70,64,64,63,61,97,80,58,30.22,30.17,30.10,15,10,3,14,9,22,0.00,7,Fog,168
1985-3-9,79,72,64,63,60,56,93,73,47,30.31,30.24,30.17,15,12,7,10,4,,0.00,7,,160
1985-3-10,78,71,64,64,61,59,93,76,54,30.21,30.11,29.99,15,13,9,16,10,25,0.00,6,Rain,180
1985-3-11,84,76,68,67,65,63,90,75,55,30.01,29.92,29.82,15,15,10,18,13,25,0.00,5,,189
1985-3-12,73,66,59,67,61,51,96,80,61,30.02,29.94,29.83,15,11,0,18,11,23,0.01,7,Fog-Rain,97
1985-3-13,80,68,57,66,62,51,93,77,54,30.05,29.91,29.84,20,12,5,20,11,28,0.00,7,Fog-Rain,128
1985-3-14,57,54,50,53,48,44,93,82,67,30.21,30.13,30.04,10,8,6,22,15,30,0.53,8,Fog-Rain,5
1985-3-15,54,52,51,49,46,44,89,80,71,30.18,30.13,30.07,15,8,3,14,10,,0.15,8,Rain,31
1985-3-16,57,54,52,49,48,46,86,78,72,30.20,30.10,30.02,15,11,7,14,9,,0.00,8,Rain,13
1985-3-17,64,56,48,46,44,42,83,64,46,30.29,30.23,30.15,20,18,15,20,13,24,0.00,6,,347
1985-3-18,69,58,48,49,46,42,89,64,40,30.26,30.18,30.09,15,14,10,15,7,,0.00,7,,217
1985-3-19,66,60,53,61,55,49,96,86,73,30.12,29.96,29.77,15,12,3,17,8,25,0.00,8,Fog-Rain,134
1985-3-20,73,64,55,62,51,41,97,71,35,29.78,29.73,29.64,20,12,2,26,11,34,0.85,6,Fog-Rain-Thunderstorm,283
1985-3-21,62,58,54,49,46,44,80,67,57,29.93,29.85,29.77,20,19,15,26,17,36,0.00,4,,316
1985-3-22,71,58,45,53,47,42,93,69,45,29.94,29.87,29.79,20,19,15,16,6,22,0.00,0,,208
1985-3-23,75,65,55,57,53,48,97,70,42,30.07,29.97,29.88,20,12,4,16,8,21,0.00,3,Fog,276
1985-3-24,81,66,50,59,53,47,89,65,41,30.09,30.01,29.92,20,15,8,17,7,23,0.00,0,,210
1985-3-25,81,69,57,60,57,50,96,69,34,30.13,30.05,30.00,20,11,0,14,8,17,0.00,4,Fog,167
1985-3-26,75,68,62,68,63,58,93,86,76,30.14,30.05,29.97,10,8,6,18,11,21,0.02,8,Rain-Thunderstorm,159
1985-3-27,80,74,69,71,69,67,96,87,71,30.06,29.89,29.77,10,8,6,15,11,25,0.07,7,Fog-Rain-Thunderstorm,179
1985-3-28,78,74,69,71,69,67,93,85,74,29.82,29.76,29.68,9,7,5,16,11,23,0.00,8,Fog,170
1985-3-29,75,73,71,70,68,66,93,86,76,29.73,29.65,29.58,10,7,4,17,12,25,0.00,8,Fog,162
1985-3-30,73,64,53,70,50,37,93,65,33,30.02,29.78,29.57,20,14,4,23,15,30,0.05,5,Fog-Rain,315
1985-3-31,70,56,42,44,38,32,82,55,32,30.16,30.08,30.01,20,20,20,14,6,,0.00,1,,126
1985-4-1,77,62,46,49,42,37,89,55,24,30.25,30.16,30.10,20,18,15,18,5,24,0.00,1,,298
1985-4-2,80,64,48,45,42,39,80,48,25,30.30,30.18,30.04,20,20,20,14,8,18,0.00,0,,241
1985-4-3,82,70,57,59,47,34,78,47,31,30.04,29.90,29.75,20,20,20,20,13,29,0.00,0,,195
1985-4-4,78,69,60,65,60,58,93,76,54,29.79,29.67,29.58,20,14,7,21,14,32,0.00,6,,179
1985-4-5,75,68,59,65,49,38,93,55,26,29.95,29.74,29.56,20,14,7,23,12,32,0.00,3,,20
1985-4-6,82,66,50,63,48,41,84,53,32,29.99,29.91,29.84,20,19,10,17,6,26,0.00,0,,150
1985-4-7,73,66,59,64,58,45,93,76,50,30.25,30.14,29.97,15,9,3,23,10,,0.00,8,Fog-Rain,51
1985-4-8,62,56,50,47,42,36,83,59,42,30.48,30.38,30.27,15,15,10,21,13,30,0.00,8,Rain,26
1985-4-9,73,64,55,49,43,39,69,50,29,30.37,30.28,30.17,20,18,10,12,8,,0.00,6,,126
1985-4-10,0,59,55,60,55,49,97,86,72,30.21,30.12,30.06,20,10,4,14,6,,0.17,8,Fog-Rain,126
1985-4-11,70,64,57,63,60,56,100,92,76,30.16,30.11,30.07,15,6,1,15,7,,0.32,8,Fog-Rain,81
1985-4-12,77,70,62,62,61,60,96,80,56,30.21,30.14,30.09,10,7,2,13,6,,0.00,6,Fog,106
1985-4-13,75,68,60,64,60,58,97,84,60,30.17,30.10,30.04,15,9,3,25,6,20,0.65,6,Fog-Rain-Thunderstorm,163
1985-4-14,80,70,59,58,54,46,96,64,30,30.09,30.02,29.93,20,16,10,10,7,,0.00,2,,252
1985-4-15,90,77,64,58,55,52,65,49,29,29.93,29.81,29.71,20,19,15,18,9,28,0.00,1,,223
1985-4-16,86,74,62,60,55,50,80,54,29,29.96,29.88,29.78,20,19,15,13,6,21,0.00,0,,42
1985-4-17,82,72,61,64,60,53,97,69,49,30.11,30.03,29.96,20,12,0,10,6,18,0.00,2,Fog,145
1985-4-18,82,72,63,64,60,56,90,68,45,30.09,30.02,29.95,20,15,10,16,9,22,0.00,4,,163
1985-4-19,75,70,66,68,65,63,87,82,76,30.00,29.91,29.86,15,13,8,18,12,30,0.00,8,Rain,166
1985-4-20,81,74,68,69,66,62,93,79,58,29.91,29.86,29.81,20,13,5,20,11,23,0.00,6,,152
1985-4-21,78,70,62,71,66,61,97,87,76,29.94,29.82,29.75,20,11,3,16,10,26,0.27,8,Rain,160
1985-4-22,82,76,69,72,70,66,93,83,67,29.77,29.70,29.60,10,8,3,15,11,24,0.24,7,Fog-Rain-Thunderstorm,155
1985-4-23,87,78,70,71,59,42,93,60,23,29.93,29.82,29.73,20,14,7,15,8,21,0.00,3,,249
1985-4-24,80,70,59,55,50,45,72,51,30,30.04,29.95,29.89,20,20,20,13,9,,0.00,3,,28
1985-4-25,82,68,55,63,54,49,93,61,36,29.89,29.78,29.65,20,17,10,17,5,28,0.39,6,Rain-Thunderstorm,158
1985-4-26,81,72,62,72,68,62,100,88,72,29.72,29.67,29.61,20,11,3,13,8,,0.01,7,Fog-Rain,156
1985-4-27,82,78,73,72,71,69,96,83,67,29.95,29.82,29.72,8,5,3,13,7,,0.00,7,Fog,128
1985-4-28,82,78,73,73,71,68,93,85,65,29.99,29.94,29.91,10,5,2,14,9,21,0.01,8,Fog-Rain-Thunderstorm,117
1985-4-29,82,76,71,71,69,67,96,83,62,29.99,29.91,29.86,15,8,3,12,9,,0.11,7,Fog-Rain-Thunderstorm,144
1985-4-30,84,78,72,72,70,67,97,82,65,29.93,29.88,29.80,10,6,2,13,8,,0.02,7,Fog-Rain-Thunderstorm,178
1985-5-1,84,75,66,69,62,56,97,69,44,29.99,29.93,29.88,20,15,5,17,8,24,0.00,3,Fog-Rain-Thunderstorm,333
1985-5-2,82,73,64,57,54,50,75,55,34,30.07,30.02,29.97,20,16,10,20,12,30,0.00,3,,347
1985-5-3,82,72,61,57,53,50,75,54,35,30.11,30.04,29.98,20,15,10,14,10,,0.00,0,,13
1985-5-4,82,71,60,59,55,54,80,59,39,30.04,29.98,29.91,20,13,7,9,4,,0.00,0,,142
1985-5-5,82,72,61,63,59,55,97,67,39,30.01,29.95,29.89,20,10,0,14,7,21,0.00,1,Fog,168
1985-5-6,84,72,60,63,59,56,90,66,39,30.02,29.96,29.91,20,14,6,14,8,21,0.00,2,Fog,164
1985-5-7,86,74,62,67,64,61,97,72,51,30.01,29.94,29.86,20,10,3,15,7,20,0.00,3,Fog,167
1985-5-8,90,80,71,72,69,64,91,79,54,30.01,29.95,29.91,15,10,3,15,8,24,0.00,7,Fog-Rain-Thunderstorm,160
1985-5-9,84,75,66,69,67,65,96,76,57,30.02,29.96,29.88,10,8,5,10,6,,0.00,5,Fog,80
1985-5-10,88,79,70,70,68,66,97,75,48,29.93,29.87,29.77,10,8,3,15,5,18,0.00,6,Fog,157
1985-5-11,87,79,71,70,68,65,93,73,48,29.79,29.76,29.70,20,14,7,15,10,21,0.00,7,,170
1985-5-12,82,78,73,72,71,69,87,78,67,29.81,29.75,29.69,15,9,7,15,9,18,0.00,8,,168
1985-5-13,82,77,72,73,72,70,97,86,69,29.77,29.71,29.66,10,8,0,22,11,32,0.56,7,Rain-Thunderstorm,144
1985-5-14,81,72,62,71,55,46,97,60,30,30.01,29.90,29.75,20,14,5,18,10,28,0.26,3,Rain-Thunderstorm,9
1985-5-15,82,74,66,69,59,51,85,61,39,30.09,30.03,30.01,20,17,15,13,6,,0.00,6,,88
1985-5-16,87,79,71,71,69,65,96,74,57,30.10,30.02,29.89,15,10,3,9,2,,0.00,7,Fog-Rain,178
1985-5-17,81,75,69,73,62,49,94,69,36,29.98,29.92,29.85,20,17,10,16,7,23,0.24,7,Rain-Thunderstorm,28
1985-5-18,80,73,66,61,56,50,84,58,35,29.91,29.86,29.81,20,18,15,16,6,,0.00,5,,17
1985-5-19,84,72,61,65,61,56,90,68,46,29.91,29.84,29.75,20,16,15,13,7,,0.00,2,,131
1985-5-20,84,76,68,72,69,66,96,79,63,29.91,29.83,29.78,15,11,2,15,8,22,0.00,6,Fog-Rain,171
1985-5-21,87,75,63,72,63,56,93,68,41,29.90,29.85,29.80,20,17,5,32,10,47,0.47,5,Rain,32
1985-5-22,79,72,66,68,65,64,93,79,62,30.03,29.92,29.88,20,17,8,28,5,37,0.11,4,Rain-Thunderstorm,37
1985-5-23,84,76,68,65,63,59,84,65,41,30.05,30.00,29.95,20,18,10,12,8,,0.00,4,,18
1985-5-24,84,75,66,65,62,60,84,63,44,30.02,29.98,29.91,20,15,10,6,2,,0.00,3,,139
1985-5-25,88,76,63,66,62,58,93,62,36,29.96,29.91,29.84,15,13,5,9,3,,0.00,2,,146
1985-5-26,89,78,68,69,64,58,93,64,40,29.91,29.85,29.78,15,12,3,15,8,21,0.00,2,Fog,175
1985-5-27,88,80,72,73,70,61,91,77,59,29.90,29.82,29.78,15,9,5,18,11,23,0.00,7,Fog,175
1985-5-28,87,81,75,75,72,70,96,81,65,29.91,29.83,29.75,10,8,1,15,11,25,0.01,7,Fog-Rain,179
1985-5-29,93,83,73,73,71,69,87,70,48,29.82,29.77,29.71,15,12,7,18,13,25,0.00,4,,180
1985-5-30,95,83,71,74,69,65,93,67,37,29.80,29.76,29.73,20,17,10,18,12,24,0.00,5,,184
1985-5-31,95,84,72,73,69,66,93,67,38,29.91,29.85,29.80,20,18,10,14,10,21,0.00,5,,185
1985-6-1,93,83,73,74,69,65,93,66,38,29.94,29.88,29.81,20,18,15,17,9,25,0.00,4,,177
1985-6-2,91,82,73,71,69,66,91,66,42,29.92,29.87,29.81,20,19,15,18,11,29,0.00,4,,174
1985-6-3,91,84,77,74,71,66,90,68,44,29.94,29.86,29.79,20,16,7,16,12,26,0.00,5,,164
1985-6-4,91,84,78,74,71,67,87,68,45,29.89,29.84,29.78,15,14,10,17,13,29,0.00,5,,156
1985-6-5,87,82,75,76,73,69,97,83,57,29.88,29.84,29.79,15,9,3,22,10,32,1.03,7,Fog-Rain-Thunderstorm,150
1985-6-6,84,76,68,75,72,67,100,86,63,30.00,29.92,29.84,20,10,1,17,10,23,1.55,7,Fog-Rain-Thunderstorm,190
1985-6-7,91,82,73,76,73,70,97,76,52,30.05,29.97,29.91,20,11,7,10,2,,0.00,3,,142
1985-6-8,96,84,73,74,71,68,91,66,41,29.95,29.90,29.83,20,16,7,12,2,,0.00,1,,162
1985-6-9,93,83,73,73,70,68,90,66,43,29.90,29.86,29.83,20,12,6,12,6,,0.00,1,,175
1985-6-10,91,82,72,73,70,66,97,68,42,29.94,29.88,29.79,15,12,4,13,7,,0.00,3,Fog,175
1985-6-11,91,82,73,74,71,67,97,71,44,29.97,29.90,29.84,15,13,5,14,8,,0.03,3,Rain-Thunderstorm,155
1985-6-12,84,78,72,70,62,48,87,62,39,30.08,30.02,29.96,20,18,10,20,11,28,0.00,6,,26
1985-6-13,84,76,68,58,52,45,56,44,33,30.06,30.00,29.90,20,20,15,13,9,,0.00,4,,68
1985-6-14,89,78,66,69,63,56,84,60,43,29.94,29.88,29.80,20,12,9,10,3,,0.00,1,,138
1985-6-15,91,80,69,71,67,62,96,66,38,29.90,29.84,29.80,15,12,4,8,5,,0.00,4,Fog,153
1985-6-16,93,84,75,70,68,66,82,60,41,29.92,29.87,29.83,15,15,10,14,4,,0.00,5,,167
1985-6-17,93,84,75,75,73,71,88,70,49,29.96,29.90,29.84,15,14,10,13,8,21,0.00,4,,179
1985-6-18,88,80,71,74,72,69,96,83,57,30.01,29.95,29.91,15,12,5,17,8,28,0.17,5,Rain-Thunderstorm,168
1985-6-19,84,76,69,70,66,61,97,76,49,30.09,30.02,29.97,20,12,4,14,8,,0.00,6,Fog-Rain,66
1985-6-20,86,78,70,70,68,65,91,74,51,30.00,29.94,29.83,20,15,7,13,4,21,0.00,6,,137
1985-6-21,89,80,72,74,71,69,96,80,53,29.89,29.83,29.77,20,14,7,16,7,21,0.02,6,Rain,139
1985-6-22,79,76,73,73,73,72,97,93,81,30.01,29.93,29.85,15,7,1,14,8,,2.58,7,Fog-Rain-Thunderstorm,152
1985-6-23,87,80,72,76,73,68,100,85,57,30.07,30.02,30.00,20,10,2,17,5,26,0.10,6,Fog-Rain,126
1985-6-24,87,80,73,75,73,70,96,81,57,30.09,30.01,29.94,20,14,7,14,6,,0.01,5,Rain-Thunderstorm,149
1985-6-25,89,81,73,74,73,70,97,79,55,30.00,29.94,29.85,20,14,7,13,6,,0.15,3,,158
1985-6-26,89,81,73,73,72,69,97,75,52,29.96,29.91,29.86,20,14,7,12,6,,0.15,4,,169
1985-6-27,88,82,75,74,69,65,94,74,49,30.07,30.01,29.94,20,15,6,17,7,25,0.00,6,Fog,19
1985-6-28,84,78,71,66,54,43,71,47,24,30.12,30.07,30.02,20,20,20,17,13,,0.00,6,,6
1985-6-29,88,76,64,57,53,50,73,44,27,30.12,30.07,30.03,20,20,20,10,7,,0.00,0,,2
1985-6-30,90,78,66,61,57,53,68,48,30,30.10,30.06,30.03,20,20,20,12,5,21,0.00,1,,195
1985-7-1,90,80,69,66,63,57,81,58,42,30.12,30.08,30.04,20,17,15,13,6,,0.00,1,,193
1985-7-2,91,82,73,72,69,65,93,71,42,30.18,30.09,30.02,20,13,7,23,9,32,0.25,4,Rain-Thunderstorm,194
1985-7-3,84,77,70,73,70,67,97,90,67,30.11,30.06,30.01,15,9,4,16,6,22,0.32,7,Fog-Rain-Thunderstorm,178
1985-7-4,79,74,69,72,69,68,100,90,74,30.06,29.98,29.90,20,13,5,13,4,,0.75,7,Rain-Thunderstorm,109
1985-7-5,87,78,69,70,68,66,97,74,49,29.95,29.90,29.85,20,17,10,9,4,,0.00,3,,98
1985-7-6,91,81,71,70,68,66,87,65,44,29.96,29.92,29.88,20,16,7,12,4,,0.00,2,,204
1985-7-7,91,81,71,71,69,68,96,69,48,30.04,30.00,29.95,20,16,6,13,4,,0.00,4,Fog,158
1985-7-8,89,80,72,73,71,68,97,77,51,30.18,30.10,30.03,20,13,0,10,4,,0.00,5,Fog-Rain,152
1985-7-9,90,82,73,74,72,71,97,75,54,30.13,30.05,29.95,20,12,2,12,7,,0.00,4,Fog,184
1985-7-10,91,83,75,76,74,72,94,76,53,30.01,29.95,29.87,15,10,6,12,7,,0.00,4,,181
1985-7-11,88,82,75,76,69,62,94,69,42,30.04,29.96,29.90,15,11,9,17,7,,0.00,5,,150
1985-7-12,90,80,71,71,69,65,97,72,45,30.01,29.96,29.90,15,11,7,13,8,,0.20,4,Rain-Thunderstorm,184
1985-7-13,91,82,73,73,71,69,94,74,47,30.05,29.99,29.93,15,9,7,14,8,,0.00,3,,177
1985-7-14,91,82,73,74,71,68,97,72,47,30.08,30.01,29.93,15,11,5,16,6,,0.00,4,Fog,167
1985-7-15,91,83,75,74,71,66,94,70,44,30.05,29.99,29.92,20,15,6,15,7,21,0.00,4,Fog,171
1985-7-16,93,83,73,73,69,63,93,64,37,30.03,29.98,29.90,20,16,7,14,7,,0.00,0,,200
1985-7-17,95,84,72,71,68,63,87,60,34,30.00,29.95,29.90,20,13,7,10,7,,0.00,3,,181
1985-7-18,93,83,73,72,71,68,91,68,43,29.98,29.94,29.89,15,13,7,17,6,25,0.00,2,,149
1985-7-19,91,83,75,73,71,68,90,74,48,30.04,29.99,29.95,15,14,10,10,5,,0.00,5,,149
1985-7-20,91,82,73,73,69,62,91,67,41,30.04,29.98,29.90,15,13,7,12,5,,0.00,4,,182
1985-7-21,93,84,75,73,69,64,94,65,37,29.97,29.91,29.82,15,13,8,15,9,,0.00,3,,183
1985-7-22,96,86,77,74,71,67,90,66,40,29.93,29.88,29.80,20,15,10,15,9,,0.00,3,,182
1985-7-23,93,84,75,74,70,64,94,65,37,29.93,29.85,29.75,20,14,8,15,6,21,0.00,2,,173
1985-7-24,95,85,75,73,71,68,91,66,43,29.91,29.83,29.74,20,16,7,17,9,23,0.00,3,,171
1985-7-25,97,86,75,74,72,67,91,65,37,29.98,29.90,29.86,20,17,10,16,10,23,0.00,3,,176
1985-7-26,96,86,75,76,70,63,96,63,34,30.08,30.01,29.95,20,12,7,13,8,,0.00,2,,185
1985-7-27,97,85,73,70,66,59,82,54,30,30.04,29.97,29.90,15,14,9,10,7,,0.00,0,,191
1985-7-28,98,86,73,69,64,58,74,49,26,29.95,29.91,29.86,15,13,10,13,7,,0.00,0,,194
1985-7-29,97,85,73,76,69,65,87,60,38,30.01,29.96,29.91,20,16,10,15,8,,0.00,1,,185
1985-7-30,96,86,75,74,69,63,94,61,33,30.07,30.01,29.94,20,16,15,17,10,25,0.00,3,,185
1985-7-31,96,86,75,74,71,66,94,64,38,30.06,30.01,29.93,20,14,7,16,8,21,0.00,2,,178
1985-8-1,97,86,75,75,70,64,96,63,34,30.05,29.99,29.91,20,17,10,12,8,,0.00,1,,179
1985-8-2,99,87,75,70,66,61,82,51,28,30.00,29.95,29.88,20,20,20,9,6,,0.00,0,,191
1985-8-3,98,88,78,71,67,65,74,52,36,29.97,29.93,29.87,20,20,15,12,7,,0.00,3,,167
1985-8-4,98,86,73,72,69,66,87,58,36,29.97,29.93,29.87,20,20,15,14,7,24,0.00,1,,170
1985-8-5,98,86,73,73,67,62,93,57,30,29.98,29.94,29.86,20,16,10,13,8,20,0.00,0,,170
1985-8-6,99,87,75,74,69,61,96,60,29,29.97,29.91,29.84,20,16,10,14,8,,0.00,1,,180
1985-8-7,100,88,75,74,69,62,94,59,30,29.99,29.91,29.83,20,17,15,12,8,,0.00,2,,181
1985-8-8,100,88,75,73,67,60,91,55,29,29.94,29.88,29.81,20,18,15,15,9,,0.00,1,,173
1985-8-9,99,88,78,73,69,59,82,58,28,29.96,29.89,29.82,20,18,10,17,9,25,0.00,3,,183
1985-8-10,98,86,73,73,68,60,96,58,28,30.01,29.94,29.87,20,17,10,18,9,22,0.00,1,,174
1985-8-11,99,86,73,73,66,56,93,56,25,30.03,29.94,29.83,20,18,10,12,8,,0.00,1,,174
1985-8-12,97,86,75,72,68,63,90,59,32,29.95,29.88,29.77,20,18,7,14,9,20,0.00,2,,182
1985-8-13,96,86,75,74,69,64,94,62,36,29.98,29.90,29.81,20,18,10,15,9,,0.00,4,,162
1985-8-14,96,86,75,74,69,61,91,63,32,29.97,29.88,29.78,20,18,10,14,7,23,0.00,4,,154
1985-8-15,96,86,75,72,69,64,85,61,36,29.90,29.83,29.74,20,18,8,12,4,,0.00,5,,27
1985-8-16,100,90,80,71,67,64,72,50,31,29.89,29.83,29.77,20,19,15,14,5,,0.00,4,,169
1985-8-17,100,88,77,75,71,65,90,61,32,29.98,29.93,29.88,20,18,15,16,10,18,0.00,2,,172
1985-8-18,102,88,75,75,68,60,94,57,26,30.04,29.99,29.91,20,19,15,13,8,,0.00,1,,187
1985-8-19,100,88,75,71,66,59,85,51,25,30.02,29.96,29.88,20,19,15,14,7,,0.00,0,,178
1985-8-20,100,88,75,71,66,61,82,51,27,30.01,29.96,29.89,20,20,15,18,7,31,0.00,1,,175
1985-8-21,99,87,75,71,68,63,82,55,30,30.03,29.98,29.93,20,20,20,10,7,,0.00,1,,169
1985-8-22,98,86,75,73,69,62,85,58,31,30.00,29.95,29.85,20,18,10,14,8,,0.00,2,,177
1985-8-23,98,86,75,74,69,63,91,58,32,29.97,29.92,29.85,20,18,15,13,9,18,0.00,2,,171
1985-8-24,99,88,77,74,70,62,90,64,30,30.02,29.96,29.88,20,16,10,23,8,36,0.00,3,Rain,186
1985-8-25,95,85,75,73,67,56,87,60,34,30.04,29.99,29.94,20,18,10,13,6,18,0.00,2,,344
1985-8-26,100,86,73,67,60,57,57,42,25,30.07,30.03,29.98,20,18,10,13,6,,0.00,2,,82
1985-8-27,93,84,75,74,65,56,91,54,30,30.16,30.09,30.04,20,15,10,16,6,28,0.00,4,,96
1985-8-28,93,83,73,71,66,61,84,60,36,30.16,30.10,30.01,20,17,10,14,7,20,0.00,3,,83
1985-8-29,90,82,73,74,69,66,94,69,46,30.10,30.03,29.97,20,12,2,14,6,25,0.37,4,Rain,156
1985-8-30,95,84,73,71,68,66,87,62,38,30.03,29.97,29.91,15,14,10,9,5,,0.00,2,,136
1985-8-31,100,88,75,72,67,62,82,53,29,29.99,29.93,29.86,15,14,10,12,4,,0.00,1,,175
1985-9-1,102,88,75,68,63,58,71,44,23,29.99,29.93,29.86,20,18,15,10,6,,0.00,0,,207
1985-9-2,100,86,73,66,62,57,76,42,25,29.89,29.83,29.74,15,15,15,15,6,20,0.00,2,,34
1985-9-3,102,90,78,71,65,59,77,48,25,29.86,29.80,29.74,15,15,15,17,8,25,0.00,2,,172
1985-9-4,99,87,75,74,69,62,94,62,30,29.97,29.89,29.81,20,15,7,16,10,22,0.00,2,,171
1985-9-5,96,86,75,77,74,68,97,70,41,29.96,29.89,29.79,20,16,2,16,10,22,0.32,4,Rain,161
1985-9-6,91,81,71,76,71,68,97,73,47,30.00,29.95,29.90,20,16,5,20,10,30,0.45,7,Rain-Thunderstorm,166
1985-9-7,96,87,78,75,72,66,90,66,37,30.08,30.01,29.96,20,15,10,15,11,26,0.00,4,,170
1985-9-8,96,86,75,75,69,57,96,65,27,30.11,30.03,29.93,15,11,5,12,8,,0.00,1,Fog,180
1985-9-9,95,85,75,74,71,66,96,70,38,30.01,29.96,29.85,20,14,7,14,6,,0.00,3,,160
1985-9-10,93,84,75,74,72,67,96,80,42,30.00,29.94,29.88,20,15,6,18,7,36,0.13,6,Fog-Rain-Thunderstorm,148
1985-9-11,79,76,73,73,72,71,96,91,79,30.02,29.97,29.94,20,12,4,14,5,,0.14,6,Rain,100
1985-9-12,82,76,71,74,71,68,97,87,65,30.05,30.01,29.98,15,12,7,13,5,,0.00,5,,85
1985-9-13,88,80,73,73,71,68,96,77,53,30.16,30.08,30.03,20,13,8,12,3,,0.00,5,,59
1985-9-14,87,79,71,73,70,66,97,80,55,30.20,30.15,30.12,15,7,0,28,7,41,1.43,8,Fog-Rain-Thunderstorm,5
1985-9-15,82,76,70,69,67,66,90,77,58,30.19,30.14,30.07,8,6,3,13,9,,0.00,7,Fog,46
1985-9-16,87,78,69,68,66,64,93,72,48,30.08,30.02,29.92,10,8,4,10,7,,0.00,3,Fog,99
1985-9-17,90,79,68,72,69,66,96,75,48,29.99,29.94,29.87,15,11,3,16,6,,0.00,3,Fog,146
1985-9-18,91,82,73,73,70,67,93,72,45,30.08,30.01,29.96,20,16,10,16,9,23,0.00,5,,127
1985-9-19,89,80,71,72,69,66,96,72,46,30.13,30.05,29.99,20,17,10,12,7,,0.00,4,,118
1985-9-20,89,80,70,71,66,58,100,68,37,30.08,30.02,29.96,20,15,4,13,6,,0.00,2,Fog,113
1985-9-21,89,78,68,70,64,58,87,63,41,30.01,29.93,29.83,20,16,8,13,5,,0.00,4,,126
1985-9-22,91,80,70,72,67,62,96,70,42,29.91,29.83,29.73,20,15,4,13,4,18,0.00,3,Fog,177
1985-9-23,87,80,72,72,64,49,97,63,38,30.07,29.92,29.78,20,18,10,17,8,23,0.00,3,,38
1985-9-24,84,73,62,65,54,47,69,51,38,30.14,30.04,29.91,20,20,15,13,9,,0.00,3,,53
1985-9-25,93,83,73,73,68,57,97,71,42,29.94,29.85,29.75,20,15,7,22,10,25,0.08,5,Rain,189
1985-9-26,80,71,62,54,45,37,60,42,23,30.11,30.03,29.97,20,20,20,18,13,25,0.00,1,,30
1985-9-27,84,70,57,61,51,41,64,50,39,30.07,30.00,29.93,20,20,20,16,8,25,0.00,3,,111
1985-9-28,73,70,66,71,66,61,97,87,68,30.04,29.99,29.94,15,10,3,16,7,,0.23,8,Fog-Rain,107
1985-9-29,75,67,57,74,66,53,97,94,83,30.12,29.96,29.88,15,8,4,23,9,31,1.20,8,Fog-Rain-Thunderstorm,132
1985-9-30,64,58,51,52,45,41,83,65,48,30.27,30.18,30.11,20,20,20,23,17,32,0.00,4,,352
1985-10-1,70,60,51,46,44,40,74,58,36,30.20,30.14,30.06,20,20,20,17,12,23,0.00,3,,7
1985-10-2,75,64,52,54,47,44,74,57,34,30.13,30.08,30.02,20,20,20,14,8,,0.00,2,,33
1985-10-3,82,68,55,59,54,50,87,62,41,30.11,30.03,29.94,20,17,15,9,4,,0.00,1,,181
1985-10-4,82,73,64,66,54,38,87,59,31,30.27,30.09,29.98,20,14,8,22,9,29,0.00,1,,298
1985-10-5,75,66,57,41,37,34,51,37,23,30.38,30.28,30.17,20,20,20,17,13,23,0.00,0,,16
1985-10-6,78,63,48,48,42,33,83,50,25,30.18,30.09,29.99,20,20,20,10,3,,0.00,0,,150
1985-10-7,82,68,54,64,57,51,90,69,45,30.01,29.95,29.87,20,18,10,17,7,25,0.00,2,,158
1985-10-8,86,78,69,70,68,64,90,76,55,30.02,29.93,29.88,15,12,7,17,10,26,0.00,7,,161
1985-10-9,84,78,71,72,69,66,93,77,53,30.09,30.02,29.94,15,10,5,16,10,24,0.00,7,Fog-Rain,134
1985-10-10,87,80,73,73,72,70,94,77,57,30.03,29.99,29.94,15,12,7,15,11,21,0.00,7,,157
1985-10-11,88,80,73,72,69,64,96,74,45,30.03,29.96,29.86,20,14,3,14,9,21,0.00,6,Fog-Rain,147
1985-10-12,89,80,72,71,69,65,97,73,46,29.96,29.92,29.86,20,14,7,15,8,20,0.00,4,,168
1985-10-13,90,82,73,73,71,68,93,75,48,29.98,29.91,29.82,20,14,7,14,8,21,0.00,5,,170
1985-10-14,90,80,69,73,71,66,97,77,50,29.98,29.88,29.79,15,11,1,23,9,26,2.92,7,Rain-Thunderstorm,154
1985-10-15,70,67,64,68,63,60,96,87,75,30.14,30.06,29.94,15,10,4,14,8,,0.70,8,Fog-Rain-Thunderstorm,1
1985-10-16,75,70,66,66,63,60,90,79,71,30.19,30.12,30.06,15,12,10,13,7,,0.00,8,,38
1985-10-17,81,74,66,73,70,65,97,89,74,30.07,30.02,29.94,10,7,0,14,7,,0.14,7,Fog-Rain,113
1985-10-18,86,80,75,74,73,70,94,83,59,30.07,30.02,29.97,20,13,7,16,9,21,0.07,6,Rain-Thunderstorm,156
1985-10-19,75,72,66,74,69,64,96,92,87,30.19,30.08,30.01,15,9,1,23,8,32,1.66,8,Fog-Rain-Thunderstorm,74
1985-10-20,75,70,66,66,65,62,90,83,71,30.15,30.09,30.06,20,15,10,14,9,,0.00,8,Rain,4
1985-10-21,70,68,66,67,65,63,97,90,84,30.10,30.04,29.99,15,10,3,9,7,,0.22,8,Fog-Rain,16
1985-10-22,78,72,66,69,67,65,97,87,68,30.03,29.95,29.88,10,7,2,8,5,,0.02,7,Fog-Rain,58
1985-10-23,82,75,68,71,69,67,100,86,63,29.96,29.91,29.85,15,7,0,12,5,,0.00,5,Fog,186
1985-10-24,84,75,66,72,69,65,100,84,53,30.08,30.00,29.94,15,7,0,9,3,,0.00,4,Fog,126
1985-10-25,82,75,68,70,68,65,97,85,54,30.15,30.07,29.98,20,7,0,13,7,,0.00,4,Fog,18
1985-10-26,79,72,66,67,64,61,93,79,58,30.04,29.99,29.92,20,10,4,17,9,23,0.00,5,Fog,20
1985-10-27,78,70,62,62,52,43,87,57,38,30.01,29.97,29.93,20,15,15,22,13,31,0.00,3,,360
1985-10-28,73,68,64,56,52,48,73,58,49,29.91,29.80,29.74,15,12,7,33,20,46,0.00,8,Rain,338
1985-10-29,0,62,59,56,54,52,90,73,60,29.80,29.74,29.69,20,14,5,29,23,37,0.08,7,Fog-Rain,333
1985-10-30,69,63,57,55,50,41,83,67,48,29.81,29.75,29.70,20,16,10,26,22,37,0.00,7,Rain,330
1985-10-31,73,62,52,50,44,39,83,54,31,29.73,29.63,29.52,20,20,20,17,12,23,0.00,0,,322
1985-11-1,62,56,51,53,49,44,90,79,60,29.83,29.67,29.52,20,12,4,18,7,32,0.40,6,Fog-Rain,21
1985-11-2,60,56,50,50,47,41,93,78,53,29.99,29.89,29.81,20,14,7,20,13,21,0.15,6,Rain,337
1985-11-3,71,58,46,47,41,34,86,59,27,30.11,30.05,29.99,20,18,15,13,8,,0.00,0,,305
1985-11-4,72,60,48,46,42,36,80,56,27,30.26,30.18,30.12,20,20,20,13,8,,0.00,0,,344
1985-11-5,73,59,45,49,45,42,90,63,35,30.17,30.07,29.98,20,20,20,14,3,,0.00,1,,181
1985-11-6,80,63,46,55,50,46,97,66,40,29.98,29.89,29.80,20,17,5,21,7,29,0.00,1,Fog,185
1985-11-7,69,60,52,47,40,33,69,52,27,30.16,30.08,29.99,20,19,15,15,10,20,0.00,0,,33
1985-11-8,79,66,52,66,56,40,87,72,56,30.12,30.03,29.94,20,17,15,16,5,23,0.00,6,,153
1985-11-9,80,73,66,68,65,64,90,78,58,29.98,29.93,29.84,15,14,8,16,12,26,0.00,7,,176
1985-11-10,84,78,71,71,69,68,93,80,58,30.04,29.98,29.94,15,11,6,14,10,21,0.06,7,Fog,165
1985-11-11,73,63,53,71,55,51,100,94,90,30.12,30.06,30.01,10,5,0,17,10,,0.08,8,Fog-Rain,25
1985-11-12,82,74,66,71,69,65,100,86,62,30.08,30.01,29.95,15,7,0,17,10,22,0.01,8,Fog-Rain,154
1985-11-13,81,76,69,69,68,66,93,82,62,30.04,29.99,29.95,20,11,5,15,9,23,0.00,7,Fog,158
1985-11-14,82,76,69,70,68,67,96,82,60,30.03,29.97,29.90,15,11,4,17,10,23,0.00,7,Fog-Rain,165
1985-11-15,73,62,52,70,55,46,96,85,75,30.19,30.11,30.00,20,11,2,23,11,29,0.23,8,Fog-Rain,347
1985-11-16,55,52,50,51,49,46,96,85,74,30.22,30.14,30.10,20,12,1,12,8,,0.21,8,Rain,33
1985-11-17,72,62,53,69,61,52,100,95,87,30.06,30.00,29.93,10,4,0,13,5,22,0.06,8,Fog,153
1985-11-18,80,76,72,71,69,67,93,84,69,29.96,29.92,29.87,15,12,8,16,12,26,0.00,8,Rain,166
1985-11-19,80,70,57,71,62,27,93,78,27,30.28,30.05,29.91,20,10,1,23,11,34,0.45,8,Fog-Rain-Thunderstorm,167
1985-11-20,53,48,42,36,31,28,66,57,41,30.40,30.31,30.23,20,18,15,22,17,33,0.00,8,,12
1985-11-21,60,53,46,51,43,35,81,70,60,30.21,30.09,29.99,20,14,7,12,7,,0.00,8,Rain,65
1985-11-22,66,62,57,60,57,51,90,85,78,30.09,30.05,30.01,10,8,5,9,4,,0.00,8,,183
1985-11-23,70,66,63,69,65,60,100,95,90,30.05,30.01,29.98,10,3,0,9,4,,0.21,8,Fog-Rain,171
1985-11-24,68,64,61,67,63,60,100,94,90,30.03,29.98,29.94,15,4,0,12,6,,1.00,8,Fog-Rain-Thunderstorm,53
1985-11-25,80,71,62,71,69,62,100,89,71,29.99,29.92,29.86,15,8,3,14,6,21,0.17,7,Fog-Rain,172
1985-11-26,77,74,71,71,70,69,93,87,76,29.91,29.86,29.79,20,12,4,17,10,24,0.01,8,Fog-Rain,175
1985-11-27,63,56,48,61,55,47,100,93,89,29.97,29.92,29.85,15,7,3,15,9,,1.39,8,Fog-Rain-Thunderstorm,43
1985-11-28,48,46,44,46,43,41,97,91,83,30.01,29.97,29.94,8,5,1,15,10,,0.00,8,Fog,34
1985-11-29,54,49,44,54,46,41,100,93,86,30.00,29.94,29.88,10,3,0,8,6,,0.00,8,Fog,77
1985-11-30,78,66,54,68,62,53,100,93,68,29.91,29.78,29.68,15,6,0,14,5,18,0.02,7,Fog,179
1985-12-1,68,52,35,64,33,24,87,65,44,30.32,30.09,29.78,20,19,7,24,16,31,0.00,1,,352
1985-12-2,41,34,27,23,17,12,69,52,41,30.53,30.43,30.33,20,20,20,21,16,29,0.00,0,,11
1985-12-3,46,38,30,44,31,22,93,73,55,30.41,30.26,30.19,20,13,3,9,5,,0.00,7,Fog,47
1985-12-4,66,56,46,55,49,38,100,82,51,30.29,30.17,30.09,20,6,0,18,4,,0.02,5,Fog,52
1985-12-5,62,52,43,43,36,31,86,58,31,30.46,30.37,30.30,20,20,20,17,13,22,0.00,0,,353
1985-12-6,64,52,39,39,35,31,89,59,29,30.35,30.26,30.18,20,19,15,10,6,,0.00,1,,203
1985-12-7,68,55,42,51,46,38,93,75,52,30.18,30.10,30.03,20,15,4,17,6,,0.00,4,Fog,195
1985-12-8,73,60,46,60,53,45,97,79,57,30.10,30.03,29.96,15,14,7,14,3,,0.00,2,,157
1985-12-9,78,69,60,65,62,58,97,82,60,30.02,29.97,29.90,15,11,4,17,8,28,0.00,7,Fog,162
1985-12-10,73,59,43,70,64,41,96,90,84,30.04,29.94,29.85,10,7,2,24,10,30,0.78,8,Fog-Rain-Thunderstorm,146
1985-12-11,42,38,34,39,33,28,89,82,73,30.20,30.14,30.05,15,12,6,24,18,30,0.11,8,Rain,340
1985-12-12,36,34,33,33,31,28,92,85,76,30.17,30.08,30.00,15,8,2,17,13,24,0.01,8,Fog-Rain,347
1985-12-13,42,36,30,29,24,18,79,66,51,30.54,30.29,30.11,20,20,15,22,15,28,0.00,4,,329
1985-12-14,46,35,24,22,18,13,69,54,36,30.60,30.50,30.39,20,20,20,14,9,,0.00,0,,265
1985-12-15,54,40,26,29,24,20,81,58,33,30.43,30.36,30.31,20,20,20,8,4,,0.00,0,,158
1985-12-16,62,48,35,41,36,30,89,66,35,30.37,30.31,30.25,20,15,7,12,3,,0.00,3,,350
1985-12-17,57,51,45,40,36,32,82,62,39,30.36,30.29,30.23,15,15,15,7,4,,0.00,8,,322
1985-12-18,60,48,37,40,35,29,93,65,39,30.52,30.36,30.25,20,17,15,21,8,25,0.00,2,,334
1985-12-19,55,42,30,37,31,26,82,66,45,30.51,30.41,30.29,20,19,10,13,8,,0.00,0,,160
1985-12-20,57,46,36,39,37,34,96,71,49,30.43,30.37,30.32,20,11,4,14,6,,0.00,0,,11
1985-12-21,66,52,37,48,42,34,93,75,52,30.42,30.35,30.28,15,8,1,9,5,,0.00,1,Fog,231
1985-12-22,70,58,45,55,49,43,93,77,55,30.27,30.13,30.02,20,12,3,15,7,23,0.00,5,Fog,206
1985-12-23,70,58,46,50,37,33,77,50,26,30.12,30.02,29.90,20,18,15,13,9,,0.00,0,,277
1985-12-24,60,53,46,37,30,26,68,44,29,30.26,30.11,29.92,20,20,20,22,13,30,0.00,0,,346
1985-12-25,46,38,30,28,19,13,66,50,36,30.54,30.44,30.26,20,20,20,17,11,23,0.00,0,,35
1985-12-26,55,41,27,45,31,17,74,63,46,30.45,30.23,30.09,20,19,10,16,8,25,0.00,5,,196
1985-12-27,63,56,48,51,48,45,97,78,58,30.19,30.13,30.07,20,11,3,15,5,20,0.00,6,Fog,344
1985-12-28,62,53,44,45,42,38,93,71,50,30.21,30.14,30.06,15,9,4,14,9,,0.00,1,Fog,20
1985-12-29,64,52,41,44,39,34,83,64,43,30.23,30.15,30.11,20,14,8,9,4,,0.00,0,,66
1985-12-30,70,58,46,59,52,45,100,88,65,30.14,30.02,29.88,15,5,0,15,7,23,0.00,5,Fog,189
1985-12-31,60,54,48,55,38,25,100,60,28,30.17,30.04,29.89,20,12,1,20,9,25,0.00,2,Fog,350
