
CST,Max TemperatureF,Mean TemperatureF,Min TemperatureF,Max Dew PointF,MeanDew PointF,Min DewpointF,Max Humidity, Mean Humidity, Min Humidity, Max Sea Level PressureIn, Mean Sea Level PressureIn, Min Sea Level PressureIn, Max VisibilityMiles, Mean VisibilityMiles, Min VisibilityMiles, Max Wind SpeedMPH, Mean Wind SpeedMPH, Max Gust SpeedMPH,PrecipitationIn, CloudCover, Events, WindDirDegrees
2004-1-1,73,68,62,65,63,60,100,87,66,30.25,30.16,30.10,10,6,0,12,6,18,0.04,7,Fog-Rain,163
2004-1-2,79,72,64,66,63,61,94,81,54,30.13,30.04,29.95,10,9,5,12,6,17,0.00,6,,170
2004-1-3,77,72,66,66,63,61,90,76,58,29.96,29.88,29.80,10,10,10,15,11,26,0.00,7,,170
2004-1-4,77,64,48,64,54,25,87,68,41,30.12,29.90,29.78,10,10,9,14,8,22,0.00,7,,229
2004-1-5,46,41,36,24,21,19,57,45,37,30.52,30.32,30.12,10,10,10,14,11,24,0.00,8,,357
2004-1-6,37,32,28,24,18,15,64,52,41,30.68,30.60,30.55,10,10,10,14,11,23,0.00,8,,5
2004-1-7,48,42,37,39,26,15,82,54,41,30.62,30.47,30.30,10,10,10,8,6,,0.00,8,Rain,82
2004-1-8,66,54,42,56,47,33,100,88,43,30.28,30.18,30.06,10,5,1,8,2,,0.03,6,Rain,150
2004-1-9,68,57,46,37,31,28,66,43,25,30.44,30.34,30.23,10,10,10,12,7,18,0.00,0,,354
2004-1-10,61,49,37,30,28,25,70,49,29,30.54,30.47,30.42,10,10,10,8,2,,0.00,0,,357
2004-1-11,64,50,36,42,35,29,83,60,34,30.45,30.39,30.32,10,10,10,9,2,18,0.00,0,,162
2004-1-12,64,54,43,53,46,40,93,75,54,30.39,30.33,30.28,10,8,4,8,1,,0.00,4,Rain,132
2004-1-13,71,63,55,57,55,53,94,82,61,30.37,30.30,30.24,10,8,4,8,2,,0.00,5,,132
2004-1-14,66,62,57,61,58,55,100,92,73,30.28,30.20,30.12,10,5,0,6,1,,0.01,7,Fog-Rain,185
2004-1-15,62,61,60,61,60,59,100,96,93,30.13,30.06,29.98,10,3,1,10,4,,0.95,8,Rain,117
2004-1-16,68,64,60,66,62,59,100,96,88,29.99,29.81,29.68,10,4,0,15,6,24,2.62,8,Fog-Rain,142
2004-1-17,75,64,52,61,54,38,100,79,37,29.80,29.69,29.59,10,6,1,17,4,28,0.00,4,,242
2004-1-18,51,46,41,38,34,22,71,63,42,30.17,29.98,29.81,10,10,10,17,12,24,0.00,7,,315
2004-1-19,55,45,35,29,23,17,70,46,23,30.27,30.20,30.14,10,10,10,10,6,,0.00,0,,337
2004-1-20,55,44,33,41,33,27,86,66,45,30.22,30.17,30.12,10,10,10,8,3,,0.00,0,,103
2004-1-21,60,53,46,43,40,36,87,67,51,30.36,30.28,30.21,10,10,9,9,3,,0.00,7,,39
2004-1-22,63,54,46,48,45,43,93,71,52,30.37,30.31,30.26,10,9,7,6,1,,0.00,7,Rain,90
2004-1-23,63,59,55,52,47,43,89,66,52,30.31,30.21,30.09,10,9,5,8,2,,0.00,8,Rain,144
2004-1-24,63,58,54,59,56,53,100,94,84,30.07,29.86,29.67,10,4,0,10,2,,0.49,7,Fog-Rain,163
2004-1-25,73,64,54,54,44,41,93,60,35,29.75,29.70,29.64,10,10,10,13,7,21,0.00,0,,246
2004-1-26,64,52,39,34,25,13,53,35,16,30.33,29.97,29.73,10,10,10,20,8,33,0.00,0,,304
2004-1-27,53,42,30,24,22,19,79,49,27,30.43,30.36,30.30,10,10,10,7,3,,0.00,0,,58
2004-1-28,60,45,30,38,26,19,79,47,21,30.41,30.30,30.17,10,10,10,10,4,18,0.00,3,,158
2004-1-29,54,50,46,52,48,39,96,88,66,30.14,29.99,29.91,10,5,0,10,4,,0.01,8,Fog-Rain,99
2004-1-30,57,50,43,50,44,38,96,80,51,30.12,30.02,29.96,10,6,0,12,6,17,0.00,5,Fog,6
2004-1-31,62,48,35,50,42,34,100,82,58,29.99,29.91,29.80,10,6,2,12,3,,0.00,4,,143
2004-2-1,60,55,50,54,50,46,100,88,75,29.94,29.86,29.82,10,6,2,13,7,17,0.01,7,,128
2004-2-2,60,50,39,52,31,24,94,52,26,30.30,30.16,29.95,10,10,4,15,8,24,0.00,1,,332
2004-2-3,55,44,33,32,27,23,78,49,29,30.34,30.24,30.10,10,10,10,10,4,,0.00,2,,96
2004-2-4,51,48,44,50,45,33,100,90,54,30.09,29.86,29.76,10,4,1,15,7,22,0.93,8,Rain-Thunderstorm,17
2004-2-5,64,54,44,47,43,40,93,82,43,30.08,29.91,29.85,10,9,1,13,6,17,0.18,6,Rain-Thunderstorm,343
2004-2-6,55,48,41,40,31,26,77,55,33,30.41,30.27,30.09,10,10,10,15,8,24,0.00,3,,336
2004-2-7,59,44,30,31,27,24,89,54,27,30.52,30.44,30.37,10,10,10,8,2,,0.00,0,,103
2004-2-8,55,48,41,52,41,29,100,73,58,30.41,30.27,30.17,10,8,4,15,5,23,0.03,6,Rain,127
2004-2-9,60,56,52,57,54,49,100,93,82,30.20,30.14,30.10,10,4,2,10,4,21,0.25,8,Rain,21
2004-2-10,53,48,44,50,44,42,100,91,86,30.25,30.18,30.12,9,5,1,13,9,20,0.47,8,Rain-Thunderstorm,5
2004-2-11,48,46,44,45,44,40,96,92,83,30.15,30.03,29.93,10,6,2,12,6,17,0.70,8,Rain,345
2004-2-12,46,42,37,40,36,27,89,75,59,30.44,30.31,30.14,10,10,9,16,10,24,0.00,6,,4
2004-2-13,37,35,33,32,28,22,93,79,59,30.43,30.30,30.18,10,6,2,9,6,,0.11,7,Rain,350
2004-2-14,50,42,33,34,32,30,96,81,46,30.22,30.13,30.07,10,8,1,13,5,20,0.13,7,Rain-Snow,319
2004-2-15,59,46,34,37,34,31,89,64,42,30.28,30.22,30.16,10,10,10,7,3,,0.00,0,,7
2004-2-16,66,51,36,44,38,33,93,63,38,30.36,30.29,30.22,10,10,6,9,3,,0.00,0,,178
2004-2-17,71,58,46,42,37,30,74,50,23,30.52,30.44,30.34,10,10,10,12,6,18,0.00,0,,326
2004-2-18,73,56,39,47,40,35,89,56,27,30.52,30.39,30.22,10,10,9,12,4,20,0.00,0,,176
2004-2-19,75,62,50,56,52,48,94,75,43,30.18,29.94,29.74,10,9,5,16,9,30,0.00,4,,171
2004-2-20,75,65,55,56,48,41,94,64,29,30.06,29.89,29.80,10,9,2,13,6,16,0.00,2,,327
2004-2-21,70,60,51,40,35,32,59,42,25,30.19,30.09,30.04,10,10,10,10,6,,0.00,0,,59
2004-2-22,64,58,52,58,49,37,86,71,55,30.09,30.01,29.92,10,9,6,9,3,,0.00,7,Rain,97
2004-2-23,71,65,59,63,58,57,96,87,61,29.90,29.84,29.75,10,5,1,9,3,,0.24,7,Rain-Thunderstorm,85
2004-2-24,61,56,48,58,54,43,100,86,72,29.88,29.79,29.69,10,7,1,12,6,23,0.49,6,Rain-Thunderstorm,350
2004-2-25,48,44,39,42,36,32,83,73,65,30.18,30.01,29.81,10,10,9,20,12,28,0.00,7,,317
2004-2-26,61,48,35,34,31,28,85,58,29,30.25,30.20,30.14,10,10,6,10,7,,0.00,0,,318
2004-2-27,66,50,34,45,37,31,89,62,34,30.27,30.21,30.17,10,9,5,13,4,17,0.00,0,,141
2004-2-28,66,56,46,56,48,43,93,76,59,30.19,30.09,29.96,10,9,6,15,9,26,0.01,8,Rain,127
2004-2-29,64,57,50,59,51,44,94,78,48,29.99,29.91,29.84,10,8,2,16,9,28,0.19,8,Rain,146
2004-3-1,75,64,52,49,40,31,86,51,21,30.03,29.98,29.93,10,10,10,8,3,,0.00,5,,305
2004-3-2,66,60,55,64,57,44,100,86,63,30.09,30.02,29.96,10,5,1,6,2,,0.18,8,Rain,67
2004-3-3,75,70,66,67,65,62,94,80,64,30.01,29.93,29.86,10,9,4,15,8,23,0.01,7,Rain-Thunderstorm,136
2004-3-4,73,64,55,68,63,53,97,92,84,29.85,29.74,29.63,10,6,1,20,10,30,0.71,8,Rain-Thunderstorm,151
2004-3-5,77,66,54,55,46,38,93,60,25,30.04,29.90,29.81,10,10,10,12,3,17,0.01,0,,295
2004-3-6,75,63,51,45,41,34,74,48,24,30.22,30.14,30.07,10,10,2,9,6,,0.00,0,,289
2004-3-7,79,66,53,48,41,33,61,42,29,30.43,30.28,30.12,10,10,2,14,6,22,0.00,0,,338
2004-3-8,72,62,51,37,30,27,49,31,19,30.48,30.36,30.25,10,10,10,9,6,,0.00,0,,29
2004-3-9,75,62,50,43,37,29,71,42,23,30.29,30.24,30.20,10,10,10,13,5,23,0.00,0,,356
2004-3-10,75,60,44,54,38,27,72,45,22,30.25,30.17,30.07,10,10,10,15,6,23,0.00,1,,139
2004-3-11,72,64,57,55,53,50,83,68,53,30.29,30.23,30.18,10,10,10,12,5,,0.00,6,Rain,94
2004-3-12,62,58,55,54,50,44,94,77,64,30.29,30.19,30.12,10,8,2,8,4,,0.12,7,Rain,21
2004-3-13,62,58,53,61,57,51,100,93,82,30.20,30.11,30.05,8,3,1,13,6,17,0.32,8,Rain-Thunderstorm,99
2004-3-14,70,65,60,63,60,55,100,87,70,30.22,30.15,30.09,10,5,0,15,4,24,0.05,7,Fog-Rain,29
2004-3-15,77,68,59,61,57,55,94,78,50,30.17,30.06,29.94,10,7,1,23,4,32,0.57,6,Rain-Thunderstorm,350
2004-3-16,73,65,57,58,56,54,94,74,55,30.12,30.03,29.94,10,9,2,13,6,,0.08,6,Rain,33
2004-3-17,82,70,59,63,60,57,100,82,45,30.04,29.97,29.83,10,6,0,14,4,23,0.00,4,Fog,162
2004-3-18,75,70,64,67,63,59,88,79,68,30.10,29.97,29.87,10,10,6,14,9,21,0.00,8,,175
2004-3-19,80,73,66,70,66,64,100,83,65,30.20,30.13,30.07,10,8,2,13,7,20,0.03,7,Rain,159
2004-3-20,77,72,66,68,65,64,96,85,69,30.28,30.21,30.15,10,7,2,9,6,,0.02,7,Rain,140
2004-3-21,73,65,57,65,55,41,93,69,37,30.38,30.30,30.22,10,9,3,17,6,28,0.00,5,Rain-Thunderstorm,10
2004-3-22,73,64,55,44,41,39,58,41,30,30.34,30.27,30.23,10,10,10,12,7,16,0.00,4,,103
2004-3-23,72,62,53,58,51,41,78,67,53,30.27,30.20,30.13,10,10,10,13,6,22,0.00,7,Rain,135
2004-3-24,70,66,62,64,62,57,96,86,73,30.15,30.10,30.05,10,8,2,14,8,22,0.21,8,Rain-Thunderstorm,146
2004-3-25,78,72,66,65,64,62,90,79,60,30.18,30.12,30.08,10,9,6,15,9,23,0.00,8,,151
2004-3-26,78,73,68,65,64,61,90,76,58,30.18,30.12,30.06,10,9,2,16,11,28,0.00,8,,146
2004-3-27,79,74,68,63,62,58,84,73,52,30.08,30.01,29.91,10,10,10,15,12,28,0.00,7,Rain,153
2004-3-28,78,71,64,64,63,54,94,78,60,30.13,30.00,29.93,10,10,10,13,8,20,0.01,7,Rain,173
2004-3-29,75,65,53,50,43,37,74,45,25,30.30,30.22,30.15,10,10,10,10,7,18,0.00,3,,19
2004-3-30,82,66,50,46,44,39,80,48,22,30.25,30.18,30.09,10,10,10,12,4,17,0.00,0,,312
2004-3-31,86,68,51,47,42,36,86,44,19,30.14,30.05,29.96,10,10,10,9,1,,0.00,0,,147
2004-4-1,84,73,62,58,45,38,75,39,24,29.99,29.92,29.83,10,10,10,13,6,17,0.00,0,,179
2004-4-2,73,68,63,66,62,59,94,84,73,30.02,29.96,29.88,10,10,4,8,5,,0.07,6,Rain-Thunderstorm,137
2004-4-3,80,70,59,61,58,54,94,70,40,30.09,30.02,29.97,10,9,6,10,3,17,0.00,2,,4
2004-4-4,75,67,59,63,58,43,94,74,53,30.07,30.02,29.95,10,8,2,10,5,16,0.25,5,Rain-Thunderstorm,44
2004-4-5,75,67,61,62,60,58,94,79,59,30.03,29.95,29.91,10,7,2,13,6,20,0.02,4,Rain,78
2004-4-6,70,63,57,61,58,55,100,88,68,30.05,29.94,29.84,10,6,0,16,8,23,1.69,7,Fog-Rain-Thunderstorm,73
2004-4-7,87,70,55,61,55,50,94,65,31,29.86,29.81,29.72,10,9,4,10,3,16,0.00,1,,290
2004-4-8,79,68,57,57,54,51,81,62,42,29.95,29.89,29.85,10,10,10,7,4,,0.00,0,,32
2004-4-9,84,70,57,61,57,54,90,64,41,29.94,29.86,29.78,10,10,10,12,3,18,0.00,1,,175
2004-4-10,82,66,54,67,59,49,94,85,64,29.94,29.85,29.77,10,8,2,20,7,29,0.58,7,Rain-Thunderstorm,339
2004-4-11,54,50,48,49,46,42,93,85,74,30.02,29.96,29.90,10,8,2,12,9,18,0.47,8,Rain,335
2004-4-12,64,56,46,43,40,34,86,60,34,30.12,29.98,29.86,10,10,10,16,8,20,0.00,6,,326
2004-4-13,66,55,44,43,39,34,89,57,34,30.31,30.23,30.12,10,10,10,10,5,17,0.00,2,,316
2004-4-14,75,58,42,48,43,40,97,60,33,30.31,30.22,30.13,10,10,9,12,3,16,0.00,0,,176
2004-4-15,78,63,51,59,54,47,86,71,56,30.17,30.11,30.05,10,10,10,13,6,21,0.00,4,,176
2004-4-16,78,69,60,62,59,57,93,78,54,30.17,30.12,30.08,10,9,6,14,7,18,0.00,6,,161
2004-4-17,82,72,63,64,61,60,90,76,50,30.24,30.17,30.12,10,10,6,15,8,23,0.00,6,,160
2004-4-18,80,71,64,63,61,58,94,76,50,30.25,30.17,30.11,10,10,10,20,10,29,0.00,6,,156
2004-4-19,81,73,66,64,62,58,94,76,52,30.22,30.15,30.06,10,9,6,14,8,24,0.00,6,Rain,160
2004-4-20,79,72,66,64,63,61,88,78,57,30.08,29.92,29.79,10,10,4,13,9,25,0.00,7,Rain-Thunderstorm,169
2004-4-21,80,74,69,67,65,63,84,77,64,29.82,29.74,29.65,10,9,7,13,8,22,0.00,8,,177
2004-4-22,84,76,71,68,66,64,84,73,54,29.83,29.75,29.70,10,8,4,14,9,20,0.00,6,,158
2004-4-23,81,76,71,70,68,64,94,81,61,29.87,29.83,29.78,10,8,6,14,8,25,0.00,7,Thunderstorm,136
2004-4-24,73,68,64,72,65,62,96,87,71,30.00,29.90,29.75,10,8,1,14,5,22,0.62,8,Rain-Thunderstorm,33
2004-4-25,70,66,64,,,,,,,30.08,30.02,29.96,10,8,2,8,4,,0.03,8,Rain,9
2004-4-26,80,71,63,60,56,53,87,59,42,30.24,30.15,30.06,10,10,2,13,6,18,0.01,4,Rain,20
2004-4-27,82,70,59,58,52,46,87,57,29,30.27,30.19,30.08,10,10,10,9,4,,0.00,0,,12
2004-4-28,72,66,59,59,55,52,81,68,53,30.07,30.00,29.90,10,10,2,16,5,22,0.00,5,,146
2004-4-29,81,71,61,70,64,59,94,86,65,29.98,29.92,29.86,10,8,3,15,9,26,0.13,7,Rain,164
2004-4-30,84,76,70,71,69,67,93,79,62,29.93,29.86,29.77,10,10,4,10,7,21,0.01,7,Rain,157
2004-5-1,75,64,53,70,54,46,94,81,59,30.18,29.99,29.79,10,9,3,15,9,28,0.42,7,Rain-Thunderstorm,332
2004-5-2,75,62,50,48,45,41,80,55,29,30.26,30.20,30.14,10,10,10,12,7,16,0.00,0,,353
2004-5-3,84,68,53,51,48,43,83,52,28,30.23,30.17,30.10,10,10,10,9,3,,0.00,0,,218
2004-5-4,82,70,57,54,49,45,62,47,31,30.16,30.09,30.01,10,10,10,15,6,21,0.00,0,,182
2004-5-5,82,70,59,61,58,54,90,70,49,30.12,30.07,30.00,10,10,7,12,5,18,0.00,3,,168
2004-5-6,82,73,64,63,62,60,94,74,49,30.15,30.09,30.03,10,10,7,12,6,17,0.00,6,,160
2004-5-7,82,74,66,66,64,61,94,78,51,30.17,30.12,30.06,10,9,5,10,5,,0.00,6,,150
2004-5-8,81,74,69,68,65,59,90,77,56,30.13,30.08,30.01,10,8,3,13,6,23,0.02,7,Rain,131
2004-5-9,84,74,66,70,66,63,100,83,58,30.07,30.00,29.93,10,7,1,14,6,23,0.77,7,Rain,127
2004-5-10,87,78,69,70,67,66,90,78,53,30.02,29.95,29.87,10,8,2,14,7,22,0.00,7,Rain,152
2004-5-11,78,73,69,72,68,66,94,87,78,29.97,29.89,29.80,10,8,0,13,7,21,0.39,7,Fog-Rain-Thunderstorm,142
2004-5-12,84,78,73,73,71,69,94,82,69,29.88,29.83,29.76,10,8,2,10,7,18,0.01,7,Rain,159
2004-5-13,82,74,66,73,68,62,94,87,74,30.05,29.86,29.76,10,7,1,14,8,25,0.84,7,Rain-Thunderstorm,116
2004-5-14,75,70,64,63,59,57,93,76,55,30.16,30.08,29.89,10,9,2,12,7,18,0.46,6,Rain,343
2004-5-15,79,68,57,62,59,55,90,70,54,30.20,30.14,30.06,10,10,10,8,3,,0.00,3,,19
2004-5-16,84,73,62,66,62,60,94,81,46,30.14,30.07,29.96,10,7,2,10,2,,0.00,2,,116
2004-5-17,88,78,69,70,67,64,90,74,53,30.10,30.02,29.96,10,10,9,12,6,20,0.00,5,,166
2004-5-18,88,80,73,70,69,66,88,74,53,30.11,30.04,29.96,10,10,10,10,8,17,0.00,5,,167
2004-5-19,88,80,73,70,68,66,88,74,51,30.12,30.05,29.98,10,10,3,10,8,18,0.00,5,,165
2004-5-20,89,80,71,70,68,67,94,75,50,30.16,30.09,30.04,10,10,7,16,7,24,0.00,6,,156
2004-5-21,88,80,71,70,68,64,94,73,48,30.14,30.06,29.94,10,10,9,13,9,22,0.00,5,,158
2004-5-22,88,79,72,70,67,66,84,72,53,29.97,29.91,29.81,10,10,2,14,9,25,0.00,6,,168
2004-5-23,87,79,72,69,68,66,84,73,57,29.88,29.85,29.80,10,10,4,13,9,21,0.00,7,,172
2004-5-24,88,80,73,70,68,66,88,73,53,29.94,29.88,29.82,10,10,5,13,8,21,0.00,6,,166
2004-5-25,91,80,71,70,68,66,88,72,48,29.94,29.88,29.81,10,10,2,13,9,20,0.00,6,,170
2004-5-26,90,81,73,70,69,65,88,76,45,29.97,29.89,29.77,10,10,9,12,8,22,0.00,6,,167
2004-5-27,91,80,71,72,69,67,93,73,46,29.88,29.81,29.70,10,10,2,16,8,22,0.15,6,Rain,176
2004-5-28,91,81,71,73,70,67,93,75,46,29.90,29.82,29.74,10,9,6,10,4,20,0.00,4,,175
2004-5-29,91,82,75,73,72,69,89,74,50,29.82,29.74,29.62,10,9,6,18,10,26,0.00,7,,164
2004-5-30,91,84,77,77,75,73,94,78,63,29.76,29.69,29.59,10,6,1,12,6,21,0.05,6,Rain,156
2004-5-31,100,88,78,78,74,69,88,73,42,29.77,29.71,29.64,10,7,0,17,5,31,0.23,4,Rain-Thunderstorm,160
2004-6-1,97,82,69,77,71,63,89,71,46,29.84,29.76,29.67,10,9,5,14,7,24,0.00,2,,148
2004-6-2,95,86,77,74,73,71,88,72,49,29.96,29.87,29.77,10,10,8,13,9,24,0.00,6,,154
2004-6-3,91,77,64,69,67,64,97,70,50,30.16,30.11,30.06,10,10,10,8,5,,0.01,2,Rain-Thunderstorm,109
2004-6-4,91,81,72,73,69,61,84,68,50,30.17,30.07,29.93,10,10,10,20,3,28,0.00,3,Thunderstorm,19
2004-6-5,89,78,68,71,67,62,96,75,49,30.09,29.96,29.81,10,10,10,18,9,28,0.02,1,Thunderstorm,154
2004-6-6,91,80,71,72,69,66,94,74,53,29.95,29.87,29.78,10,10,7,13,7,25,0.00,4,,170
2004-6-7,89,78,69,72,70,68,100,83,55,29.99,29.90,29.84,10,10,2,13,9,22,0.32,6,Rain-Thunderstorm,152
2004-6-8,77,73,69,73,71,68,100,96,89,29.96,29.93,29.88,10,7,1,13,7,30,1.43,8,Rain-Thunderstorm,132
2004-6-9,80,74,69,73,72,69,100,96,74,30.00,29.94,29.88,10,4,0,17,9,25,4.26,8,Fog-Rain-Thunderstorm,139
2004-6-10,88,80,71,74,72,68,97,82,57,29.94,29.89,29.81,10,8,4,13,6,20,0.00,6,Thunderstorm,162
2004-6-11,88,81,75,77,73,71,94,82,63,29.95,29.86,29.81,10,9,3,12,9,18,0.07,5,Rain,168
2004-6-12,90,82,75,74,72,70,94,80,53,29.99,29.92,29.85,10,10,2,13,8,21,0.00,6,,162
2004-6-13,90,82,73,72,70,65,89,72,53,30.02,29.92,29.83,10,10,10,15,7,21,0.00,2,,162
2004-6-14,91,81,73,72,71,69,94,77,55,29.94,29.88,29.79,10,10,10,8,4,,0.00,5,,133
2004-6-15,87,79,70,72,68,62,87,73,58,29.92,29.86,29.81,10,10,10,8,4,17,0.00,0,Rain-Thunderstorm,121
2004-6-16,90,78,68,73,70,66,96,81,55,30.02,29.94,29.88,10,10,9,9,3,16,0.00,5,,138
2004-6-17,89,82,75,75,73,72,94,79,59,30.12,30.04,29.99,10,10,10,10,6,,0.00,5,Thunderstorm,149
2004-6-18,91,83,75,75,72,70,94,74,52,30.16,30.09,30.02,10,10,8,10,5,,0.00,5,,159
2004-6-19,91,81,71,72,68,64,93,67,43,30.15,30.09,30.03,10,9,7,7,3,,0.00,0,,187
2004-6-20,93,82,72,73,70,69,91,67,47,30.05,29.98,29.88,10,10,9,8,3,,0.00,0,,164
2004-6-21,91,83,75,72,71,67,90,74,49,29.91,29.84,29.72,10,10,9,12,8,18,0.00,2,,174
2004-6-22,84,76,69,73,70,68,100,85,58,29.96,29.87,29.78,10,9,2,12,6,,0.26,6,Rain-Thunderstorm,175
2004-6-23,87,78,71,72,70,69,94,79,59,30.04,29.98,29.94,10,10,6,9,4,17,0.00,3,,35
2004-6-24,87,80,73,72,71,67,94,83,51,30.03,29.96,29.88,10,10,7,9,2,,0.01,5,Rain-Thunderstorm,350
2004-6-25,90,78,68,72,69,66,100,88,52,30.01,29.97,29.92,10,8,2,16,3,22,0.49,3,Rain-Thunderstorm,11
2004-6-26,84,75,68,72,70,66,100,91,63,30.03,29.98,29.91,10,6,0,9,1,,0.99,7,Fog-Rain-Thunderstorm,350
2004-6-27,84,76,69,72,70,65,100,89,65,30.09,30.02,29.97,10,6,0,7,1,,0.06,5,Fog-Rain-Thunderstorm,90
2004-6-28,89,80,73,75,73,70,94,82,57,30.14,30.07,30.00,10,9,2,12,5,16,0.01,3,Rain-Thunderstorm,153
2004-6-29,79,74,69,75,72,68,100,94,79,30.13,30.07,30.02,10,7,0,7,4,20,1.03,6,Fog-Rain-Thunderstorm,116
2004-6-30,84,75,68,73,71,67,100,92,74,30.09,30.04,29.98,10,7,0,14,5,22,1.35,6,Fog-Rain-Thunderstorm,166
2004-7-1,89,79,69,74,71,69,100,82,52,30.07,30.02,29.94,10,9,4,10,5,17,0.00,4,,181
2004-7-2,91,82,75,73,72,70,94,78,55,30.05,29.98,29.89,10,10,10,10,8,16,0.00,4,,170
2004-7-3,90,82,75,74,73,71,89,77,61,29.99,29.92,29.86,10,10,9,9,7,17,0.00,4,,181
2004-7-4,91,82,73,73,70,68,94,74,48,29.97,29.91,29.87,10,10,8,10,6,17,0.00,2,,164
2004-7-5,91,82,75,73,72,69,94,76,53,30.04,29.97,29.91,10,10,10,14,7,20,0.00,3,,170
2004-7-6,91,83,75,73,72,70,94,76,52,30.07,30.00,29.92,10,10,9,12,8,18,0.00,4,,168
2004-7-7,91,83,75,74,73,71,94,76,53,30.04,29.95,29.83,10,10,10,12,7,17,0.00,4,Thunderstorm,174
2004-7-8,91,83,75,73,72,70,94,74,52,29.95,29.90,29.82,10,10,10,13,9,20,0.00,4,,168
2004-7-9,91,83,75,74,72,70,94,79,50,30.02,29.96,29.92,10,10,10,13,7,18,0.00,4,,147
2004-7-10,91,80,70,70,68,65,94,80,56,30.13,30.07,30.01,10,10,10,12,5,18,0.00,3,,161
2004-7-11,90,80,71,74,70,68,96,79,52,30.17,30.10,30.05,10,10,9,12,3,,0.25,4,Rain,141
2004-7-12,91,82,72,72,70,67,97,74,47,30.14,30.08,30.02,10,10,10,9,4,,0.00,2,,174
2004-7-13,93,82,73,73,70,66,94,69,45,30.14,30.05,29.99,10,10,9,7,4,,0.00,1,,181
2004-7-14,96,82,72,70,65,61,87,58,33,30.03,29.98,29.91,10,10,10,8,2,,0.00,0,,170
2004-7-15,95,82,72,70,66,61,79,57,40,29.98,29.92,29.87,10,10,10,7,2,,0.00,0,,203
2004-7-16,93,82,73,71,69,68,87,63,47,29.94,29.90,29.86,10,10,9,9,3,16,0.00,0,,164
2004-7-17,98,85,73,71,69,64,87,62,34,29.95,29.89,29.83,10,10,10,8,3,,0.00,0,,165
2004-7-18,91,85,79,70,65,62,67,53,39,29.99,29.92,29.87,10,10,10,9,4,,0.00,1,,2
2004-7-19,96,83,71,69,64,60,81,55,32,29.95,29.91,29.85,10,10,9,8,2,,0.00,0,,100
2004-7-20,93,82,73,72,68,66,87,64,44,29.96,29.91,29.86,9,8,4,9,3,,0.00,1,,122
2004-7-21,93,82,73,72,69,65,94,70,41,30.01,29.93,29.85,10,8,3,9,4,16,0.00,2,,151
2004-7-22,93,84,75,74,71,65,94,74,45,30.00,29.94,29.87,10,10,9,14,6,22,0.00,4,Thunderstorm,159
2004-7-23,96,84,73,74,70,66,94,74,40,30.04,29.97,29.88,10,10,10,14,4,32,0.00,3,Thunderstorm,203
2004-7-24,96,84,73,73,69,61,91,67,32,30.07,30.02,29.96,10,10,10,7,1,,0.00,2,,190
2004-7-25,95,82,71,73,70,66,97,73,46,30.15,30.07,29.97,10,9,2,28,5,40,0.19,4,Rain-Thunderstorm,2
2004-7-26,88,78,69,70,64,62,90,66,46,30.14,30.08,30.01,10,10,10,8,5,,0.00,0,,15
2004-7-27,91,80,69,69,66,64,87,66,45,30.08,30.00,29.91,10,10,6,7,3,,0.00,0,,98
2004-7-28,95,84,75,73,72,69,94,76,49,29.97,29.90,29.78,10,8,4,12,6,17,0.00,4,,145
2004-7-29,93,82,73,75,73,70,97,84,50,29.90,29.84,29.76,10,9,2,13,7,24,0.21,4,Rain-Thunderstorm,180
2004-7-30,90,80,72,77,74,71,97,79,59,29.92,29.86,29.81,10,9,2,7,2,,0.11,3,Rain-Thunderstorm,89
2004-7-31,96,85,77,75,72,67,90,68,43,29.95,29.90,29.86,10,10,10,7,3,,0.00,1,,106
2004-8-1,97,86,75,74,72,70,91,65,41,30.01,29.96,29.91,10,10,9,7,2,,0.00,1,Thunderstorm,80
2004-8-2,97,86,75,75,73,71,91,66,46,29.98,29.93,29.87,10,10,6,9,3,,0.00,0,,140
2004-8-3,98,87,77,74,71,67,88,62,37,29.94,29.89,29.83,10,10,10,7,3,,0.00,0,,112
2004-8-4,99,88,77,72,70,66,82,58,36,29.89,29.86,29.81,10,10,10,8,5,,0.00,0,,202
2004-8-5,100,88,75,71,68,63,85,55,32,29.96,29.89,29.82,10,10,10,7,2,,0.00,0,,130
2004-8-6,93,86,79,74,71,69,79,62,52,29.94,29.90,29.86,10,10,9,10,4,17,0.00,1,,42
2004-8-7,91,81,73,70,66,63,74,62,48,29.99,29.91,29.86,10,10,10,9,5,,0.00,4,,101
2004-8-8,93,83,75,68,65,61,74,57,36,30.00,29.95,29.90,10,10,10,12,4,,0.00,3,,102
2004-8-9,93,83,75,68,65,63,79,54,39,30.08,30.01,29.98,10,10,8,8,2,,0.00,2,,53
2004-8-10,98,85,75,71,68,64,82,61,36,30.04,29.98,29.90,10,9,6,8,3,,0.00,2,,214
2004-8-11,96,84,72,74,70,66,93,72,40,30.02,29.93,29.81,10,8,1,13,2,23,0.26,2,Rain-Thunderstorm,355
2004-8-12,90,78,68,64,56,51,81,53,28,30.09,30.04,29.99,10,10,10,12,7,20,0.00,0,,30
2004-8-13,90,76,63,61,57,53,84,53,30,30.13,30.08,30.04,10,10,10,10,2,,0.00,0,,114
2004-8-14,90,78,66,64,61,58,84,58,37,30.17,30.12,30.07,10,10,10,9,4,,0.00,1,,112
2004-8-15,88,78,68,62,57,49,78,52,27,30.21,30.16,30.11,10,10,10,9,4,,0.00,0,,106
2004-8-16,91,77,64,60,56,52,81,50,28,30.20,30.15,30.08,10,10,10,10,2,,0.00,,,118
2004-8-17,91,78,66,65,59,55,87,54,30,30.15,30.08,30.00,10,10,7,10,4,17,0.00,0,,112
2004-8-18,95,81,69,72,68,64,90,67,41,30.06,29.98,29.88,10,10,7,15,5,25,0.00,2,Rain,158
2004-8-19,98,86,71,73,70,64,90,69,38,30.02,29.93,29.81,10,10,4,14,8,25,0.05,5,Rain-Thunderstorm,153
2004-8-20,97,83,69,74,71,67,100,75,38,30.03,29.97,29.86,10,9,1,15,8,23,0.94,4,Rain-Thunderstorm,149
2004-8-21,90,80,71,74,71,66,100,86,53,30.07,30.00,29.95,10,8,1,12,5,18,0.56,5,Rain-Thunderstorm,120
2004-8-22,87,78,71,75,73,70,100,85,63,30.00,29.94,29.86,10,10,5,9,4,16,0.07,4,Rain-Thunderstorm,122
2004-8-23,91,82,73,76,73,68,100,83,50,29.96,29.89,29.81,10,9,6,13,5,22,0.03,5,Rain,177
2004-8-24,95,86,77,75,73,68,90,72,47,29.96,29.89,29.83,10,10,10,14,8,22,0.00,4,,163
2004-8-25,96,86,77,75,71,65,90,69,38,30.03,29.94,29.86,10,10,10,13,8,20,0.00,3,,175
2004-8-26,98,88,78,74,70,61,87,66,30,30.00,29.93,29.85,10,10,10,14,8,24,0.00,3,,171
2004-8-27,97,86,77,73,71,68,88,67,41,30.03,29.96,29.88,10,10,9,13,8,21,0.00,3,,165
2004-8-28,93,84,75,74,72,68,94,76,45,30.03,29.96,29.89,10,10,10,12,5,16,0.00,3,Thunderstorm,111
2004-8-29,93,82,73,70,69,66,85,69,44,30.01,29.96,29.89,10,10,10,9,3,18,0.00,1,,357
2004-8-30,93,81,71,69,64,58,90,59,34,30.05,30.01,29.96,10,10,10,9,2,,0.00,0,,46
2004-8-31,91,79,68,64,60,55,87,54,32,30.14,30.09,30.04,10,10,10,7,4,,0.00,0,,15
2004-9-1,86,78,69,61,58,55,65,53,36,30.16,30.10,30.04,10,10,10,8,4,,0.00,0,,22
2004-9-2,82,76,69,65,62,60,81,65,49,30.06,30.01,29.94,10,10,9,5,1,,0.00,0,,180
2004-9-3,90,76,64,70,66,61,90,70,46,29.99,29.94,29.88,10,9,5,10,3,,0.00,3,,139
2004-9-4,90,81,73,72,70,68,94,79,51,30.03,29.96,29.90,10,10,10,8,5,20,0.00,6,,130
2004-9-5,96,84,75,74,71,67,94,73,42,29.98,29.91,29.80,10,10,6,10,5,20,0.00,5,,152
2004-9-6,88,79,72,75,70,60,94,77,58,29.95,29.90,29.83,10,9,2,13,4,17,0.14,4,Rain,345
2004-9-7,88,78,68,61,56,53,64,49,37,30.00,29.95,29.89,10,10,10,12,7,18,0.00,1,,351
2004-9-8,89,77,66,55,51,48,52,42,29,30.04,29.98,29.92,10,10,10,8,6,,0.00,3,,2
2004-9-9,91,76,63,55,51,47,70,42,23,30.07,30.01,29.96,10,10,10,9,4,,0.00,1,,7
2004-9-10,93,80,69,61,58,55,65,47,29,30.11,30.04,29.99,10,10,10,8,2,,0.00,4,,30
2004-9-11,96,84,73,69,65,62,79,57,36,30.07,30.00,29.93,10,10,10,7,2,,0.00,3,,102
2004-9-12,96,84,71,69,64,55,87,56,29,30.02,29.96,29.88,10,10,6,9,1,,0.00,2,,82
2004-9-13,93,82,70,74,67,62,94,68,39,29.95,29.89,29.80,10,9,5,8,2,18,0.02,2,Rain,130
2004-9-14,86,80,73,75,73,72,100,91,66,29.90,29.84,29.78,10,8,0,15,4,22,1.41,6,Fog-Rain-Thunderstorm,123
2004-9-15,93,83,75,74,73,68,96,80,47,29.87,29.82,29.73,10,9,5,8,4,,0.00,5,,119
2004-9-16,96,84,73,74,69,64,93,64,36,29.91,29.84,29.80,10,10,10,6,2,,0.00,2,,35
2004-9-17,96,84,73,71,68,65,85,61,37,29.96,29.91,29.86,10,10,10,9,2,,0.00,0,,15
2004-9-18,95,82,71,72,68,65,93,64,39,30.01,29.96,29.92,10,10,10,8,2,,0.00,1,,141
2004-9-19,93,83,73,74,69,59,94,70,35,30.09,29.99,29.90,10,10,4,9,3,,0.00,3,,122
2004-9-20,91,80,69,70,65,60,88,65,36,30.04,29.96,29.88,10,10,7,8,3,,0.00,3,,108
2004-9-21,91,80,69,67,65,62,84,68,39,30.04,29.99,29.94,10,10,10,14,5,22,0.00,3,,117
2004-9-22,91,80,71,70,66,64,84,69,46,30.09,30.01,29.92,10,10,10,12,5,17,0.00,4,,113
2004-9-23,91,80,70,70,65,58,93,65,37,30.10,30.01,29.94,10,10,10,7,3,,0.00,1,,54
2004-9-24,91,79,68,67,65,61,90,65,39,30.08,30.02,29.95,10,10,10,9,3,17,0.00,1,,10
2004-9-25,79,73,69,68,66,64,84,78,69,30.07,30.03,29.99,10,9,6,10,6,,0.00,7,,11
2004-9-26,89,78,70,67,63,57,87,64,38,30.08,30.00,29.91,10,8,4,9,4,16,0.00,4,,45
2004-9-27,82,75,68,63,58,52,78,56,37,30.04,29.98,29.93,10,9,2,7,2,,0.00,1,,42
2004-9-28,89,79,70,64,57,50,78,52,30,30.07,30.02,29.98,10,10,8,8,4,,0.00,1,,324
2004-9-29,90,76,64,55,53,51,68,47,29,30.06,29.99,29.92,10,10,10,6,3,,0.00,1,,11
2004-9-30,91,77,64,65,59,51,73,54,38,30.00,29.93,29.87,10,10,8,9,4,,0.00,1,,153
2004-10-1,90,79,69,71,68,66,90,68,50,30.02,29.95,29.90,10,9,5,8,5,,0.00,3,Rain-Thunderstorm,118
2004-10-2,79,72,66,72,68,62,100,89,78,30.25,30.14,30.02,10,7,0,10,6,16,1.98,7,Fog-Rain-Thunderstorm,15
2004-10-3,89,78,66,69,64,59,87,70,50,30.26,30.18,30.09,10,10,10,10,2,20,0.00,5,,10
2004-10-4,88,77,66,69,65,63,94,79,46,30.16,30.11,30.03,10,10,4,15,2,26,0.17,3,Rain-Thunderstorm,52
2004-10-5,80,72,64,65,63,62,94,82,54,30.22,30.15,30.09,10,10,7,8,4,,0.00,3,Rain,21
2004-10-6,87,75,64,70,67,63,97,82,49,30.15,30.09,30.00,10,8,2,14,2,30,0.11,4,Rain,120
2004-10-7,82,75,69,70,68,66,97,84,61,30.13,30.06,29.97,10,8,3,9,3,17,0.00,6,,79
2004-10-8,82,75,69,70,67,64,100,84,58,30.03,29.98,29.91,10,9,2,9,5,,0.00,7,Rain,13
2004-10-9,82,74,66,64,62,58,90,72,45,29.94,29.89,29.82,10,10,2,13,7,21,0.00,2,,351
2004-10-10,82,74,66,62,59,54,84,67,41,29.89,29.83,29.75,10,10,10,10,7,16,0.00,5,,329
2004-10-11,79,70,61,59,57,56,90,67,46,29.99,29.91,29.83,10,10,10,13,6,20,0.00,1,,300
2004-10-12,81,70,60,58,55,53,87,64,39,30.06,29.98,29.93,10,10,10,10,4,16,0.00,0,,315
2004-10-13,80,71,63,70,65,57,100,86,66,29.92,29.86,29.79,10,7,1,7,2,,0.25,5,Rain-Thunderstorm,207
2004-10-14,71,61,51,60,44,32,90,59,25,30.03,29.95,29.88,10,10,10,14,8,23,0.00,2,,337
2004-10-15,86,68,50,52,48,41,89,50,27,29.94,29.84,29.76,10,10,10,9,4,17,0.00,0,,240
2004-10-16,87,70,55,64,55,48,81,59,41,29.90,29.84,29.80,10,10,10,9,3,,0.00,0,,178
2004-10-17,89,78,69,73,69,64,91,74,51,29.89,29.80,29.71,10,10,10,15,7,20,0.00,5,,183
2004-10-18,89,82,75,74,71,69,88,75,53,29.81,29.73,29.67,10,10,9,10,8,21,0.00,5,,189
2004-10-19,91,83,75,75,73,69,94,80,48,29.89,29.80,29.74,10,8,6,9,5,,0.00,4,,180
2004-10-20,89,83,75,74,73,71,90,80,57,29.94,29.88,29.83,10,8,6,8,5,,0.00,5,,175
2004-10-21,91,82,75,73,71,67,90,75,50,29.97,29.90,29.82,10,9,6,12,5,18,0.00,5,,153
2004-10-22,90,82,75,73,71,67,90,78,51,29.91,29.85,29.77,10,10,9,13,8,20,0.00,6,,163
2004-10-23,81,73,66,72,68,66,100,92,69,29.98,29.91,29.85,10,7,0,10,4,22,1.97,6,Fog-Rain-Thunderstorm,149
2004-10-24,82,76,70,74,71,68,100,90,67,29.93,29.88,29.82,10,8,2,9,2,,0.07,6,Rain-Thunderstorm,162
2004-10-25,86,78,69,71,68,64,94,75,53,30.00,29.93,29.87,10,9,6,12,4,17,0.00,4,,161
2004-10-26,87,77,68,73,70,68,94,82,55,30.04,29.97,29.90,10,9,5,8,4,,0.00,5,Thunderstorm,130
2004-10-27,86,78,73,75,71,66,94,85,63,30.11,30.04,29.98,10,10,2,12,7,18,0.06,7,Rain-Thunderstorm,150
2004-10-28,86,78,73,73,71,66,94,82,56,30.12,30.04,29.96,10,9,4,13,8,21,0.01,6,Rain,156
2004-10-29,86,78,71,71,69,66,94,78,51,30.01,29.95,29.84,10,9,7,14,7,20,0.00,6,,181
2004-10-30,86,76,69,70,68,64,97,78,49,30.04,29.94,29.86,10,8,5,13,5,18,0.00,3,,162
2004-10-31,84,78,71,70,69,65,94,80,55,29.93,29.84,29.72,10,10,7,13,7,20,0.00,6,,157
2004-11-1,73,67,60,64,61,53,100,88,71,29.86,29.77,29.70,10,8,2,13,6,23,1.54,5,Rain-Thunderstorm,259
2004-11-2,60,56,53,50,46,43,80,72,64,30.11,30.01,29.84,10,10,10,15,10,23,0.00,7,,307
2004-11-3,59,52,44,46,41,39,90,67,48,30.17,30.12,30.08,10,10,10,16,9,26,0.00,4,,300
2004-11-4,73,57,41,44,40,35,93,65,24,30.34,30.24,30.16,10,10,2,10,2,,0.00,0,,347
2004-11-5,72,60,48,47,43,39,86,63,31,30.41,30.32,30.25,10,10,10,5,2,,0.00,0,,338
2004-11-6,79,62,45,49,45,43,93,59,30,30.23,30.15,30.07,10,10,10,9,2,,0.00,0,,202
2004-11-7,81,64,48,53,48,44,90,62,29,30.16,30.11,30.07,10,10,10,9,2,,0.00,0,,180
2004-11-8,78,66,53,59,53,50,90,67,42,30.26,30.20,30.14,10,10,10,6,1,,0.00,0,,118
2004-11-9,73,60,55,56,53,51,93,79,55,30.27,30.22,30.13,10,10,6,7,3,,0.00,0,,62
2004-11-10,79,67,55,61,58,55,97,73,48,30.07,30.01,29.94,10,9,4,13,4,21,0.00,2,,163
2004-11-11,66,58,50,61,46,40,84,63,47,30.24,30.17,30.04,10,10,10,14,7,21,0.00,2,,335
2004-11-12,51,48,44,43,41,39,82,75,68,30.30,30.24,30.19,10,10,10,8,6,16,0.00,6,,355
2004-11-13,52,51,50,49,46,43,93,83,77,30.31,30.25,30.21,10,8,4,9,5,,0.02,8,Rain,35
2004-11-14,53,52,50,52,49,48,100,93,88,30.38,30.33,30.28,10,4,1,12,7,23,0.55,8,Rain-Thunderstorm,39
2004-11-15,66,60,53,64,59,52,100,95,87,30.37,30.32,30.27,6,2,0,9,5,,0.40,8,Fog-Rain-Thunderstorm,77
2004-11-16,71,66,62,70,66,61,100,96,88,30.27,30.18,30.09,10,4,0,13,7,21,1.58,8,Fog-Rain-Thunderstorm,103
2004-11-17,68,62,55,64,60,55,100,95,76,30.17,30.11,30.04,10,6,0,10,3,,3.45,7,Fog-Rain-Thunderstorm,344
2004-11-18,75,65,55,61,58,55,100,90,57,30.14,30.09,30.00,10,5,0,6,1,,0.00,6,Fog,80
2004-11-19,69,63,57,60,58,55,100,88,68,30.09,30.02,29.95,10,7,0,6,2,,0.00,7,Fog,21
2004-11-20,64,63,62,60,60,60,93,92,90,30.02,29.96,29.90,10,6,0,9,4,,0.69,8,Rain-Thunderstorm,40
2004-11-21,66,64,62,,,,,,,30.12,30.07,30.00,10,6,1,7,4,,0.15,8,Rain,21
2004-11-22,64,62,60,64,62,59,100,97,90,30.06,29.96,29.82,10,5,0,16,3,31,4.61,8,Fog-Rain-Thunderstorm,1
2004-11-23,77,66,54,69,62,43,100,90,66,29.83,29.71,29.54,10,5,0,20,3,34,0.77,6,Fog-Rain-Thunderstorm,239
2004-11-24,59,52,43,45,39,36,86,64,44,30.16,29.97,29.75,10,10,10,21,8,29,0.00,2,,317
2004-11-25,64,52,39,44,42,37,97,68,45,30.22,30.12,30.02,10,10,10,12,3,18,0.00,0,,182
2004-11-26,75,60,46,61,55,44,96,82,61,30.00,29.86,29.73,10,10,10,14,4,24,0.00,3,,176
2004-11-27,68,57,45,55,39,31,90,51,26,30.09,30.00,29.79,10,10,10,12,6,23,0.00,0,,330
2004-11-28,73,58,43,61,50,36,84,70,51,30.06,29.94,29.84,10,10,10,17,5,23,0.00,3,,144
2004-11-29,81,64,48,68,56,39,93,73,56,30.12,29.90,29.81,10,10,7,17,9,26,0.00,7,,225
2004-11-30,51,44,37,41,35,27,93,77,39,30.38,30.22,30.08,10,9,2,16,11,26,0.34,6,Rain-Thunderstorm,322
2004-12-1,55,42,30,35,32,30,96,66,37,30.42,30.31,30.23,10,10,10,8,3,,0.00,0,,160
2004-12-2,63,51,39,41,37,34,89,62,40,30.27,30.23,30.20,10,10,10,8,2,,0.00,0,,326
2004-12-3,54,48,43,45,38,32,86,67,57,30.24,30.19,30.13,10,10,10,5,2,,0.00,5,,325
2004-12-4,64,54,43,52,46,42,97,74,56,30.17,30.08,30.01,10,10,7,7,2,,0.01,5,Rain,189
2004-12-5,64,60,55,63,57,53,100,95,88,29.97,29.91,29.83,9,4,0,13,5,17,0.11,7,Fog-Rain,155
2004-12-6,72,64,55,68,61,45,100,91,67,29.94,29.84,29.70,10,5,1,17,4,30,0.10,5,Rain,154
2004-12-7,71,60,46,46,41,37,83,56,30,30.10,30.02,29.93,10,10,10,12,6,18,0.00,0,,303
2004-12-8,63,54,45,51,47,42,93,77,60,30.07,29.99,29.92,10,10,10,5,1,,0.00,2,,271
2004-12-9,77,64,50,48,42,38,83,53,25,29.93,29.89,29.80,10,10,10,12,6,22,0.00,0,,297
2004-12-10,68,59,50,43,33,24,71,44,20,30.24,30.15,29.93,10,10,10,14,6,22,0.00,0,,314
2004-12-11,70,58,46,40,36,31,63,47,30,30.25,30.13,30.00,10,10,10,9,6,,0.00,0,,291
2004-12-12,79,62,46,49,43,38,76,55,31,30.08,29.96,29.87,10,10,10,10,3,18,0.00,0,,191
2004-12-13,57,50,43,45,26,19,62,38,24,30.65,30.42,30.10,10,10,10,20,12,25,0.00,0,,360
2004-12-14,50,40,30,23,17,8,67,41,18,30.77,30.67,30.62,10,10,10,13,6,17,0.00,0,,356
2004-12-15,54,40,26,42,28,18,84,60,31,30.61,30.44,30.29,10,10,10,10,3,,0.00,2,,134
2004-12-16,55,50,46,46,44,43,93,84,67,30.46,30.36,30.27,10,8,3,12,5,20,0.00,6,,27
2004-12-17,62,52,39,43,38,33,93,69,35,30.46,30.38,30.29,10,9,4,10,5,,0.00,3,,353
2004-12-18,66,52,37,37,34,29,93,59,27,30.35,30.29,30.23,10,10,10,10,4,16,0.00,0,,301
2004-12-19,63,52,42,36,31,25,73,50,24,30.46,30.37,30.28,10,10,10,9,6,,0.00,0,,316
2004-12-20,68,56,43,48,34,27,77,48,23,30.26,30.06,29.91,10,10,10,15,6,23,0.00,0,,186
2004-12-21,73,62,50,51,46,36,89,63,40,29.91,29.85,29.76,10,10,10,9,5,,0.00,0,,260
2004-12-22,51,42,32,39,32,25,93,77,56,30.29,30.03,29.81,10,10,9,16,10,25,0.11,7,Rain,336
2004-12-23,41,32,24,24,16,12,76,54,31,30.44,30.36,30.25,10,10,10,17,11,24,0.00,1,,358
2004-12-24,34,30,26,14,11,9,54,46,38,30.49,30.40,30.32,10,10,10,14,8,21,0.00,7,,352
2004-12-25,48,36,25,24,20,15,78,52,32,30.32,30.25,30.16,10,10,10,7,2,,0.00,1,,358
2004-12-26,62,45,28,32,27,23,85,52,24,30.40,30.32,30.27,10,10,10,6,3,,0.00,0,,147
2004-12-27,63,46,30,47,38,28,89,67,48,30.50,30.42,30.38,10,10,10,10,3,,0.00,2,,149
2004-12-28,69,58,48,54,48,44,94,75,42,30.40,30.34,30.24,10,9,4,9,4,17,0.00,5,,140
2004-12-29,69,61,53,60,55,53,100,87,61,30.32,30.26,30.16,10,5,0,9,3,,0.00,5,Fog,157
2004-12-30,71,64,57,61,58,57,97,83,61,30.18,30.11,30.05,10,10,5,12,6,22,0.00,4,,171
2004-12-31,75,68,62,63,60,54,100,78,46,30.17,30.11,30.05,10,9,6,13,4,18,0.00,7,,159
