
CST,Max TemperatureF,Mean TemperatureF,Min TemperatureF,Max Dew PointF,MeanDew PointF,Min DewpointF,Max Humidity, Mean Humidity, Min Humidity, Max Sea Level PressureIn, Mean Sea Level PressureIn, Min Sea Level PressureIn, Max VisibilityMiles, Mean VisibilityMiles, Min VisibilityMiles, Max Wind SpeedMPH, Mean Wind SpeedMPH, Max Gust SpeedMPH,PrecipitationIn, CloudCover, Events, WindDirDegrees
2009-1-1,68,53,38,54,42,28,90,68,45,30.17,30.02,29.91,10,10,10,12,3,18,0.00,2,,189
2009-1-2,75,62,48,61,55,46,93,78,62,29.94,29.87,29.80,10,8,4,14,3,22,0.00,1,,171
2009-1-3,83,73,63,63,61,58,93,68,43,29.82,29.76,29.69,10,9,5,13,5,23,0.00,4,,183
2009-1-4,66,55,43,63,44,23,100,70,39,30.27,30.03,29.81,10,7,0,16,8,25,0.00,7,Fog,358
2009-1-5,43,39,35,34,30,22,82,63,43,30.24,30.09,29.88,10,10,8,12,5,17,0.08,8,Rain,344
2009-1-6,67,53,39,50,39,27,100,63,26,29.93,29.79,29.66,10,7,2,14,3,24,0.50,6,Rain,242
2009-1-7,74,55,35,34,28,20,85,49,13,29.97,29.90,29.81,10,10,10,15,3,23,0.00,0,,276
2009-1-8,81,61,40,55,36,30,70,43,16,30.01,29.94,29.89,10,10,10,9,2,17,0.00,1,,213
2009-1-9,80,72,63,64,61,57,100,73,45,29.96,29.90,29.80,10,9,4,17,7,29,0.01,5,,181
2009-1-10,68,56,44,64,33,19,87,59,30,30.38,30.18,29.89,10,9,3,21,10,31,0.01,4,Rain,345
2009-1-11,62,50,37,25,20,16,55,36,17,30.45,30.36,30.29,10,10,10,12,4,17,0.00,0,,359
2009-1-12,64,47,30,31,24,19,85,52,18,30.30,30.21,30.09,10,10,10,13,3,21,0.00,0,,248
2009-1-13,56,47,37,26,16,12,41,30,19,30.54,30.40,30.32,10,10,10,14,5,21,0.00,0,,350
2009-1-14,64,47,30,25,19,14,69,42,15,30.35,30.29,30.22,10,10,10,10,2,15,0.00,0,,178
2009-1-15,55,46,37,33,28,23,79,59,38,30.63,30.49,30.35,10,10,10,12,5,20,0.00,4,,23
2009-1-16,47,42,36,29,24,21,56,49,41,30.71,30.60,30.45,10,10,10,10,3,18,0.00,7,,151
2009-1-17,68,58,47,53,45,29,77,63,49,30.45,30.31,30.20,10,10,10,13,3,20,0.00,7,,203
2009-1-18,75,61,47,52,34,17,96,54,12,30.32,30.21,30.10,10,10,10,15,6,24,0.00,0,,312
2009-1-19,71,58,45,29,23,20,46,31,16,30.12,30.06,30.00,10,10,10,20,7,31,0.00,0,,327
2009-1-20,63,50,37,31,20,10,58,36,13,30.34,30.23,30.09,10,10,10,16,6,29,0.00,0,,343
2009-1-21,76,54,31,25,21,17,72,42,12,30.29,30.18,30.07,10,10,10,13,3,17,0.00,0,,200
2009-1-22,79,61,43,50,30,22,53,34,15,30.11,30.04,29.99,10,10,10,14,5,30,0.00,0,,186
2009-1-23,80,68,56,56,53,51,86,63,39,30.07,30.00,29.94,10,10,10,12,5,22,0.00,0,,196
2009-1-24,64,51,37,54,25,19,72,52,32,30.38,30.29,30.06,10,10,8,,,,0.00,5,,-1
2009-1-25,60,49,37,45,33,28,76,56,36,30.27,30.15,30.07,10,9,7,,,,0.00,7,,-1
2009-1-26,71,62,52,63,55,46,100,83,66,30.10,30.03,29.95,10,4,0,,,,0.01,8,Fog-Rain,-1
2009-1-27,67,50,32,62,43,28,93,87,81,30.23,30.09,29.99,10,9,5,16,8,29,0.05,8,Rain,354
2009-1-28,52,40,28,31,29,23,92,67,41,30.36,30.23,30.15,10,9,4,14,4,20,0.08,4,Rain,346
2009-1-29,58,43,28,33,29,26,92,66,39,30.39,30.25,30.16,10,9,4,9,3,16,0.00,0,,18
2009-1-30,66,51,35,32,25,15,82,49,15,30.50,30.42,30.37,10,10,8,8,1,10,0.00,0,,293
2009-1-31,71,54,36,41,22,11,59,35,11,30.37,30.24,30.08,10,10,10,14,4,23,0.00,0,,228
2009-2-1,78,62,45,52,43,30,86,58,29,30.06,29.94,29.81,10,10,10,17,4,25,0.00,0,,224
2009-2-2,64,51,37,30,16,7,48,30,11,30.32,30.24,30.05,10,10,10,16,6,24,0.00,0,,356
2009-2-3,77,54,30,24,18,11,72,40,8,30.36,30.28,30.20,10,10,10,9,3,16,0.00,0,,133
2009-2-4,68,54,40,39,26,22,53,37,20,30.57,30.48,30.37,10,10,10,9,5,18,0.00,0,,86
2009-2-5,75,61,46,54,45,39,93,61,29,30.50,30.41,30.29,10,10,8,15,7,26,0.00,3,,180
2009-2-6,78,67,55,57,54,50,93,66,39,30.32,30.23,30.11,10,9,6,17,9,29,0.00,6,,177
2009-2-7,76,70,63,58,56,51,84,64,43,30.24,30.17,30.13,10,10,10,16,10,29,0.00,6,,175
2009-2-8,75,67,58,60,56,49,100,69,38,30.20,30.10,29.92,10,10,6,23,11,39,T,5,,151
2009-2-9,72,65,57,63,60,54,100,80,59,30.01,29.95,29.89,10,6,2,18,2,29,0.70,7,Rain,140
2009-2-10,77,65,52,66,61,38,93,79,64,29.89,29.77,29.58,10,9,6,21,8,38,0.70,6,Rain-Thunderstorm,176
2009-2-11,73,62,50,39,29,19,59,40,20,30.15,30.04,29.85,10,10,10,18,6,31,0.00,0,,286
2009-2-12,78,60,41,54,39,30,82,51,19,30.20,30.10,30.01,10,10,10,14,4,21,0.00,2,,153
2009-2-13,80,70,60,61,55,34,84,63,42,30.02,29.95,29.86,10,10,8,13,3,21,T,5,Rain,140
2009-2-14,65,56,47,37,34,29,60,44,27,30.07,30.02,29.94,10,10,10,16,7,23,0.00,6,,10
2009-2-15,67,59,50,39,36,35,56,45,34,30.28,30.15,30.05,10,10,10,14,7,21,0.00,5,,12
2009-2-16,61,55,48,49,41,37,71,60,49,30.34,30.25,30.15,10,10,6,9,5,17,0.02,7,Rain,95
2009-2-17,63,58,53,63,58,47,100,81,62,30.13,29.95,29.84,10,2,1,10,2,16,0.05,7,Rain,144
2009-2-18,82,70,58,65,46,17,100,55,10,30.01,29.88,29.83,10,7,2,13,5,21,T,3,Rain,293
2009-2-19,64,55,45,32,25,17,48,33,18,30.36,30.25,30.03,10,10,10,15,7,23,0.00,0,,30
2009-2-20,73,54,35,45,29,21,76,46,15,30.34,30.21,30.04,10,10,10,14,5,23,0.00,0,,176
2009-2-21,63,54,44,53,34,10,89,54,18,30.45,30.17,29.99,10,10,10,20,8,31,T,3,,346
2009-2-22,64,49,34,21,13,8,47,30,12,30.58,30.48,30.42,10,10,10,10,3,15,0.00,0,,15
2009-2-23,71,53,35,48,31,17,67,45,22,30.46,30.35,30.22,10,10,10,15,5,23,0.00,0,,167
2009-2-24,83,66,48,55,49,44,93,61,28,30.20,30.04,29.91,10,10,8,15,7,29,0.00,0,,184
2009-2-25,87,73,59,63,58,54,90,62,34,30.01,29.94,29.86,10,10,10,14,7,25,0.00,4,,171
2009-2-26,87,78,68,64,62,56,84,60,35,29.96,29.85,29.74,10,10,10,16,9,28,0.00,5,,181
2009-2-27,91,75,58,64,58,42,84,52,19,29.91,29.77,29.68,10,9,7,15,7,23,0.00,4,,220
2009-2-28,63,53,42,41,23,11,59,38,16,30.49,30.26,29.92,10,10,10,24,14,38,0.00,0,,354
2009-3-1,63,49,34,24,16,10,41,30,19,30.62,30.51,30.41,10,10,10,17,6,28,0.00,0,,357
2009-3-2,69,51,33,28,22,18,70,43,15,30.41,30.31,30.19,10,10,10,13,4,17,0.00,0,,145
2009-3-3,77,60,42,49,40,27,72,51,29,30.27,30.18,30.07,10,10,10,17,6,29,0.00,0,,155
2009-3-4,82,66,51,56,51,48,94,66,30,30.17,30.09,29.99,10,9,5,14,6,25,0.00,3,,169
2009-3-5,86,74,61,59,57,50,90,61,31,30.16,30.08,29.99,10,10,10,16,9,29,0.00,4,,183
2009-3-6,86,76,65,61,57,46,87,58,28,30.16,30.06,29.95,10,10,10,18,11,32,0.00,3,,180
2009-3-7,81,74,67,64,60,56,87,65,42,30.05,29.96,29.86,10,10,7,17,9,31,0.00,6,,171
2009-3-8,84,77,70,64,62,59,79,63,47,30.06,29.96,29.91,10,10,8,14,6,23,0.00,6,,171
2009-3-9,84,76,68,66,61,53,90,64,37,30.02,29.96,29.87,10,10,6,17,8,28,T,5,,165
2009-3-10,84,76,68,65,62,55,87,64,40,29.99,29.92,29.86,10,10,9,14,6,22,0.00,7,,168
2009-3-11,71,57,43,66,47,39,93,86,79,30.25,30.15,29.96,10,8,2,21,8,31,0.36,8,Rain,6
2009-3-12,45,43,40,41,40,37,96,90,83,30.32,30.25,30.19,10,8,2,14,7,23,1.59,8,Rain,355
2009-3-13,42,41,40,39,39,37,100,93,86,30.22,30.12,30.04,10,6,1,13,7,20,0.44,8,Rain-Thunderstorm,5
2009-3-14,50,46,41,44,40,37,93,85,76,30.13,30.08,30.05,10,10,10,12,4,17,0.00,8,,340
2009-3-15,63,56,48,47,45,44,86,71,55,30.12,30.07,30.02,10,10,5,7,2,12,0.01,5,Rain,159
2009-3-16,85,64,43,51,44,35,100,60,20,30.22,30.15,30.09,10,8,2,9,3,14,0.00,0,,153
2009-3-17,85,68,50,53,46,31,96,56,16,30.21,30.15,30.08,10,8,2,13,5,23,0.00,0,,166
2009-3-18,83,70,56,54,52,48,93,62,31,30.16,30.08,29.99,10,9,6,10,5,17,0.00,3,,170
2009-3-19,83,71,58,57,51,44,90,60,30,30.16,30.09,30.04,10,10,9,10,3,15,0.00,3,,156
2009-3-20,82,67,51,51,46,42,89,58,26,30.20,30.14,30.08,10,10,10,14,5,21,0.00,0,,133
2009-3-21,79,67,55,61,55,48,93,68,42,30.24,30.16,30.08,10,9,5,14,6,25,0.00,2,,158
2009-3-22,83,73,63,62,58,49,93,64,34,30.18,30.10,29.94,10,9,6,18,9,30,0.00,5,,159
2009-3-23,79,73,66,62,60,56,87,66,45,29.96,29.85,29.76,10,10,10,20,11,35,0.00,7,,166
2009-3-24,77,72,67,69,65,61,97,83,69,29.89,29.81,29.72,10,8,2,15,5,28,0.04,7,Rain,172
2009-3-25,72,62,52,62,52,44,93,71,48,29.90,29.82,29.72,10,9,2,17,4,26,0.23,6,Rain-Thunderstorm,54
2009-3-26,77,66,54,63,57,51,100,70,40,29.80,29.71,29.55,10,5,1,15,3,22,0.19,6,Rain-Thunderstorm,182
2009-3-27,82,65,48,65,55,22,100,64,28,29.84,29.58,29.50,10,7,1,20,7,33,0.16,5,Rain-Thunderstorm,307
2009-3-28,68,54,39,29,22,16,48,33,17,29.99,29.87,29.82,10,10,10,20,8,33,0.00,0,,307
2009-3-29,76,56,36,41,29,25,85,50,15,30.08,29.96,29.83,10,10,10,15,5,25,0.00,0,,161
2009-3-30,84,70,55,64,56,44,86,65,43,29.85,29.72,29.61,10,10,10,17,7,26,0.00,4,,170
2009-3-31,74,64,53,66,37,24,84,51,17,29.96,29.86,29.65,10,10,6,16,6,29,0.02,4,Rain-Thunderstorm,3
2009-4-1,77,62,46,58,42,31,78,51,23,29.87,29.73,29.57,10,10,10,15,6,26,0.00,1,,168
2009-4-2,73,61,49,62,44,29,87,55,22,29.85,29.67,29.48,10,9,4,21,8,36,0.30,3,Rain-Thunderstorm,299
2009-4-3,81,63,45,46,37,29,77,47,16,29.93,29.81,29.70,10,10,10,15,5,24,0.00,0,,149
2009-4-4,87,72,56,65,57,50,100,69,37,29.79,29.72,29.63,10,10,4,13,7,24,0.00,3,,176
2009-4-5,71,64,56,65,39,22,93,55,17,30.26,29.97,29.70,10,10,8,20,10,33,0.00,2,,336
2009-4-6,65,55,45,25,19,12,37,25,13,30.44,30.35,30.27,10,10,10,15,8,28,0.00,0,,340
2009-4-7,77,58,39,30,24,17,70,41,12,30.40,30.26,30.07,10,10,10,10,3,17,0.00,0,,273
2009-4-8,89,69,49,59,42,28,73,47,20,30.07,29.91,29.74,10,10,10,16,6,25,0.00,0,,184
2009-4-9,95,79,63,62,50,15,90,48,6,29.77,29.66,29.54,10,10,10,15,7,26,0.00,0,,198
2009-4-10,74,65,55,63,49,34,100,65,29,30.06,29.90,29.73,10,6,2,15,5,23,0.00,1,,16
2009-4-11,64,61,58,53,45,41,72,59,46,30.10,30.01,29.83,10,10,10,13,5,18,T,6,Rain,98
2009-4-12,83,70,57,63,55,32,100,59,17,29.84,29.78,29.70,10,7,1,14,3,25,0.42,5,Rain-Thunderstorm,301
2009-4-13,76,64,51,46,43,38,77,52,27,30.00,29.90,29.77,10,10,10,14,5,24,0.00,0,,318
2009-4-14,82,63,44,47,42,36,93,57,21,30.08,29.99,29.92,10,10,10,8,3,13,0.00,0,,96
2009-4-15,83,70,57,56,49,44,86,56,26,30.02,29.96,29.87,10,10,10,16,7,24,0.00,0,,136
2009-4-16,75,68,62,61,58,55,88,74,53,30.01,29.95,29.88,10,10,9,13,8,22,0.00,7,Rain,122
2009-4-17,66,64,61,64,62,60,100,91,81,29.98,29.93,29.86,10,6,1,15,5,22,1.24,8,Rain-Thunderstorm,76
2009-4-18,82,73,63,67,64,61,100,79,58,29.96,29.91,29.81,10,8,2,9,2,14,0.12,7,Rain-Thunderstorm,52
2009-4-19,80,70,59,65,50,41,93,61,29,30.14,30.03,29.91,10,10,8,16,8,28,0.00,2,,327
2009-4-20,84,69,53,50,43,34,77,47,17,30.21,30.13,30.06,10,10,10,9,3,16,0.00,0,,353
2009-4-21,93,77,61,44,41,39,48,32,15,30.08,30.00,29.91,10,10,10,13,4,21,0.00,0,,205
2009-4-22,94,79,64,51,44,39,63,40,16,29.99,29.93,29.85,10,10,10,15,7,28,0.00,0,,185
2009-4-23,84,74,64,63,59,43,90,66,38,30.00,29.94,29.84,10,10,10,14,8,25,0.00,3,,166
2009-4-24,81,75,68,68,65,60,90,75,60,30.04,29.99,29.90,10,9,6,16,8,26,0.01,6,Rain-Thunderstorm,145
2009-4-25,87,80,72,70,68,66,93,72,51,30.05,29.98,29.93,10,9,5,18,10,29,T,8,Rain,159
2009-4-26,81,76,71,70,67,62,90,72,54,29.97,29.91,29.82,10,9,5,20,12,36,0.02,8,Rain,152
2009-4-27,74,68,61,70,64,60,100,92,84,30.16,30.02,29.89,10,7,2,22,5,32,0.59,7,Rain-Thunderstorm,109
2009-4-28,84,73,62,70,65,61,100,79,58,30.17,30.11,30.04,10,6,1,13,4,20,0.08,7,Rain,124
2009-4-29,82,77,72,70,68,65,93,78,62,30.12,30.01,29.90,10,10,7,17,9,29,T,8,Rain,150
2009-4-30,87,79,71,70,68,66,90,75,59,30.02,29.94,29.87,10,10,9,15,7,25,0.00,7,,151
2009-5-1,88,80,72,70,69,66,87,70,53,30.02,29.95,29.84,10,9,7,15,7,22,0.00,7,,166
2009-5-2,86,80,73,70,68,67,87,73,58,29.92,29.81,29.67,10,10,7,14,7,22,0.00,7,,164
2009-5-3,85,74,63,72,64,59,100,74,47,29.92,29.81,29.71,10,9,2,14,5,21,0.08,5,Rain,3
2009-5-4,82,70,58,66,58,53,86,70,53,30.02,29.93,29.82,10,10,10,12,3,16,0.00,3,,49
2009-5-5,88,80,72,71,68,64,93,74,55,29.92,29.84,29.70,10,8,5,14,7,24,0.00,6,,154
2009-5-6,92,83,73,72,70,69,87,70,52,29.82,29.75,29.70,10,10,8,13,7,21,0.00,5,,167
2009-5-7,91,83,75,72,71,69,87,71,55,29.88,29.81,29.73,10,7,4,14,6,23,0.00,6,,164
2009-5-8,97,86,74,72,70,63,87,65,43,29.82,29.73,29.62,10,8,6,16,8,29,0.00,5,,174
2009-5-9,93,83,73,70,68,65,87,66,44,29.95,29.85,29.74,10,10,8,14,6,21,0.00,4,,161
2009-5-10,93,83,73,70,67,61,87,63,38,30.02,29.95,29.86,10,10,10,12,5,21,0.00,4,,166
2009-5-11,93,84,74,72,69,64,93,67,41,30.04,29.96,29.89,10,9,6,14,6,22,0.00,5,,159
2009-5-12,94,84,73,72,68,62,87,64,41,30.00,29.91,29.77,10,10,10,18,9,30,0.00,5,,161
2009-5-13,96,85,74,72,68,60,87,64,41,29.88,29.82,29.72,10,10,8,18,10,32,0.00,4,,170
2009-5-14,92,83,73,70,67,62,87,64,41,30.06,29.94,29.84,10,10,7,16,8,28,0.00,5,,142
2009-5-15,94,83,72,70,68,64,93,66,39,30.02,29.94,29.83,10,10,8,17,8,26,0.00,5,,160
2009-5-16,81,73,64,72,66,63,93,85,76,30.14,30.03,29.90,10,8,0,20,6,31,1.53,7,Fog-Rain-Thunderstorm,26
2009-5-17,77,69,60,63,58,54,93,74,54,30.21,30.17,30.12,10,10,10,12,6,18,0.00,4,,4
2009-5-18,81,68,55,53,46,41,77,52,27,30.25,30.18,30.12,10,10,10,10,4,18,0.00,0,,35
2009-5-19,83,68,52,52,47,44,83,55,26,30.23,30.16,30.08,10,10,9,10,3,17,0.00,0,,101
2009-5-20,84,71,57,57,52,48,86,59,31,30.14,30.07,29.97,10,10,10,10,2,15,0.00,0,,117
2009-5-21,87,73,59,60,55,50,80,58,35,30.02,29.97,29.88,10,10,10,9,3,15,0.00,2,,67
2009-5-22,89,79,68,64,62,59,78,59,40,29.97,29.92,29.85,10,10,10,10,3,16,0.00,1,Thunderstorm,63
2009-5-23,86,75,64,66,64,63,93,72,51,29.93,29.88,29.83,10,10,6,14,2,24,0.05,3,Rain-Thunderstorm,344
2009-5-24,83,75,67,70,66,63,100,76,51,29.93,29.86,29.76,10,9,2,9,2,14,0.11,3,Rain-Thunderstorm,5
2009-5-25,92,78,64,66,63,55,100,65,30,29.83,29.76,29.65,10,10,9,10,3,14,0.00,0,,7
2009-5-26,93,83,72,70,62,53,82,55,28,29.81,29.72,29.66,10,10,10,13,5,24,0.00,0,,202
2009-5-27,88,80,71,64,61,58,69,56,43,29.91,29.84,29.76,10,10,9,13,4,18,T,2,Thunderstorm,19
2009-5-28,91,80,69,63,57,52,68,48,27,29.95,29.90,29.86,10,10,10,9,2,15,0.00,0,,72
2009-5-29,92,82,72,61,58,54,64,49,34,30.04,29.98,29.92,10,10,10,10,4,15,0.00,1,,47
2009-5-30,95,82,68,63,59,55,73,51,28,30.03,29.97,29.88,10,10,10,9,3,14,0.00,1,Thunderstorm,168
2009-5-31,92,81,70,66,63,58,84,60,36,30.01,29.93,29.84,10,10,10,13,5,23,0.00,1,,158
2009-6-1,92,80,68,66,64,60,84,60,36,30.02,29.93,29.82,10,10,10,15,6,24,0.00,4,,164
2009-6-2,96,84,72,70,66,61,90,61,31,30.00,29.91,29.80,10,10,10,16,4,29,T,5,,161
2009-6-3,92,80,68,66,63,60,87,62,36,30.01,29.93,29.80,10,10,10,18,5,30,0.06,2,Rain-Thunderstorm,322
2009-6-4,90,79,67,63,57,50,87,58,29,30.01,29.96,29.90,10,10,10,16,6,23,0.00,1,,3
2009-6-5,94,78,61,57,52,48,73,48,22,30.01,29.95,29.88,10,10,10,7,2,13,0.00,0,,56
2009-6-6,98,84,69,64,61,57,73,52,30,29.93,29.87,29.79,10,10,10,14,6,23,0.00,0,,172
2009-6-7,96,83,69,67,63,58,90,60,30,29.90,29.83,29.75,10,10,10,15,7,23,0.00,2,,173
2009-6-8,96,84,72,70,65,60,90,60,30,29.90,29.83,29.76,10,10,10,14,7,23,0.00,3,,176
2009-6-9,97,85,72,72,67,60,93,62,31,29.97,29.88,29.79,10,10,10,13,6,22,0.00,3,,178
2009-6-10,99,88,77,72,70,64,82,58,33,29.93,29.83,29.68,10,10,10,14,8,24,0.00,4,,177
2009-6-11,98,85,71,72,71,68,93,67,40,29.92,29.82,29.72,10,8,0,17,7,30,0.90,5,Fog-Rain-Thunderstorm,183
2009-6-12,97,84,71,73,71,68,94,68,42,29.89,29.82,29.74,10,10,7,14,7,22,T,2,Rain-Thunderstorm,172
2009-6-13,100,88,76,72,70,65,82,57,31,29.96,29.88,29.79,10,9,5,13,7,24,0.00,2,Rain-Thunderstorm,178
2009-6-14,100,88,76,72,67,60,82,56,29,30.00,29.90,29.81,10,10,10,15,8,28,0.00,2,,170
2009-6-15,101,89,76,72,69,60,87,59,30,29.98,29.90,29.77,10,10,10,17,8,28,0.00,4,,174
2009-6-16,101,89,77,72,67,58,79,53,26,29.94,29.86,29.78,10,10,10,15,8,26,0.00,4,,181
2009-6-17,100,89,78,72,68,61,79,54,29,29.96,29.89,29.82,10,10,10,15,9,25,0.00,3,,170
2009-6-18,100,89,78,73,71,65,85,59,33,29.97,29.88,29.74,10,10,10,18,9,29,T,5,Rain,164
2009-6-19,97,88,78,73,70,64,85,61,36,29.94,29.86,29.75,10,10,10,15,8,25,0.00,4,,165
2009-6-20,102,90,78,73,69,62,85,57,29,29.93,29.84,29.73,10,10,10,16,8,26,0.00,4,,169
2009-6-21,101,89,77,72,68,60,82,55,27,29.92,29.84,29.73,10,10,10,14,7,24,0.01,4,,170
2009-6-22,101,89,76,72,67,59,87,57,27,29.92,29.82,29.74,10,10,10,14,5,21,0.00,2,,185
2009-6-23,103,89,75,71,65,59,82,54,26,29.87,29.82,29.75,10,10,10,12,4,20,0.00,0,,179
2009-6-24,105,91,77,68,63,59,69,47,24,29.89,29.83,29.75,10,10,10,9,2,16,0.00,1,,144
2009-6-25,106,93,79,67,63,56,62,42,21,29.85,29.80,29.73,10,10,10,10,4,30,0.00,0,,15
2009-6-26,105,92,78,70,65,57,74,49,24,29.86,29.79,29.71,10,10,10,12,3,20,0.00,0,,118
2009-6-27,105,92,79,73,66,57,79,51,23,29.87,29.81,29.74,10,10,10,13,4,22,0.00,0,,163
2009-6-28,103,91,78,74,66,59,85,55,25,29.90,29.83,29.74,10,10,10,10,4,17,0.00,0,,158
2009-6-29,106,92,77,72,64,56,62,41,19,29.82,29.76,29.66,10,10,10,14,4,23,0.00,1,Thunderstorm,132
2009-6-30,91,82,72,73,70,66,94,71,47,29.89,29.81,29.73,10,8,2,10,2,17,0.39,3,Rain-Thunderstorm,13
2009-7-1,93,84,74,74,69,62,87,63,38,29.96,29.86,29.81,10,9,5,9,2,14,0.09,1,Rain-Thunderstorm,328
2009-7-2,104,89,73,71,65,55,87,54,21,29.96,29.91,29.86,10,10,10,13,3,22,0.00,1,,136
2009-7-3,102,89,76,74,69,63,87,59,31,30.09,29.98,29.90,10,10,10,13,4,23,0.00,1,,179
2009-7-4,104,92,79,74,68,58,85,55,24,30.05,29.93,29.77,10,10,10,15,7,25,0.00,1,,181
2009-7-5,105,92,78,72,67,55,79,50,21,29.90,29.85,29.76,10,10,10,13,5,20,0.00,1,Thunderstorm,157
2009-7-6,97,88,78,73,69,65,79,58,36,29.97,29.85,29.78,10,10,10,9,3,14,0.00,2,Thunderstorm,33
2009-7-7,101,90,79,73,70,62,79,54,29,29.90,29.82,29.72,10,10,10,13,4,22,0.00,3,,159
2009-7-8,106,92,78,74,69,58,85,53,21,29.89,29.80,29.73,10,9,6,14,5,21,0.00,1,,167
2009-7-9,105,92,78,73,67,56,85,53,20,29.95,29.89,29.84,10,9,6,13,6,22,0.00,1,,174
2009-7-10,103,90,77,73,67,59,85,55,25,30.08,30.01,29.96,10,10,10,15,7,25,0.00,1,,174
2009-7-11,101,89,76,72,67,60,82,55,27,30.16,30.07,30.00,10,10,10,15,5,24,0.00,1,,171
2009-7-12,102,90,77,72,65,59,82,54,25,30.11,30.04,29.96,10,10,10,13,5,20,0.00,0,,175
2009-7-13,105,91,77,69,62,56,74,48,21,30.03,29.95,29.85,10,10,10,14,6,23,0.00,0,,175
2009-7-14,104,91,77,70,65,59,76,51,25,29.99,29.92,29.83,10,10,10,16,8,28,0.00,0,,176
2009-7-15,104,90,76,72,67,60,87,56,25,30.02,29.97,29.91,10,10,10,15,6,22,0.00,0,,170
2009-7-16,105,91,77,72,64,55,82,52,21,30.02,29.95,29.84,10,10,10,14,5,26,0.00,0,,156
2009-7-17,101,90,79,70,66,60,74,52,29,30.04,29.96,29.89,10,10,9,13,4,18,0.00,0,,135
2009-7-18,102,88,74,70,65,58,82,53,24,30.08,30.01,29.94,10,10,10,17,3,29,0.00,1,,104
2009-7-19,100,90,79,74,68,60,85,56,27,30.12,30.02,29.90,10,10,10,15,6,24,0.00,2,Thunderstorm,196
2009-7-20,101,90,78,73,68,61,85,57,29,30.00,29.90,29.81,10,10,10,16,5,25,0.00,2,Thunderstorm,185
2009-7-21,103,91,78,74,70,63,85,58,31,29.96,29.85,29.75,10,10,8,12,6,22,0.00,4,,174
2009-7-22,101,88,74,73,69,61,94,62,29,29.95,29.90,29.84,10,9,6,12,3,18,0.00,4,Rain-Thunderstorm,7
2009-7-23,99,86,73,72,65,57,93,61,28,30.02,29.96,29.91,10,10,9,10,3,20,0.00,0,,72
2009-7-24,100,89,78,71,65,59,71,50,28,30.00,29.94,29.88,10,10,10,14,5,24,T,1,Rain,149
2009-7-25,104,90,76,73,66,58,87,55,23,30.01,29.93,29.86,10,10,10,14,6,24,0.00,1,,178
2009-7-26,105,91,77,72,65,53,82,51,19,30.04,29.95,29.84,10,10,10,16,6,28,0.00,1,,172
2009-7-27,105,92,79,72,66,58,79,51,23,29.94,29.88,29.78,10,10,10,15,7,25,0.00,0,,179
2009-7-28,104,91,78,72,67,59,79,51,23,29.87,29.81,29.71,10,10,10,15,9,25,0.00,0,,179
2009-7-29,98,90,81,74,71,64,79,57,35,29.93,29.83,29.73,10,10,10,13,7,23,0.00,5,,182
2009-7-30,97,85,73,74,72,67,87,65,42,30.00,29.88,29.80,10,10,9,15,5,25,0.03,4,Rain-Thunderstorm,233
2009-7-31,101,90,78,75,71,65,79,55,31,30.04,29.96,29.89,10,10,10,14,5,22,T,3,Thunderstorm,146
2009-8-1,102,91,80,75,65,54,85,54,22,30.04,29.96,29.84,10,5,0,13,6,22,0.00,1,,182
2009-8-2,97,89,80,73,68,59,79,55,31,30.08,29.99,29.91,1,1,0,8,2,17,T,1,Rain,173
2009-8-3,104,89,73,70,64,57,84,55,25,30.02,29.96,29.88,,,,15,6,24,0.00,0,,178
2009-8-4,103,90,77,73,68,59,85,55,25,30.06,29.97,29.88,,,,13,6,22,0.00,1,,181
2009-8-5,104,91,77,73,65,55,85,53,21,30.06,29.98,29.89,,,,12,4,24,0.00,1,,167
2009-8-6,105,92,78,71,62,54,79,50,20,30.00,29.94,29.87,10,10,10,13,5,20,0.00,0,,158
2009-8-7,104,91,78,71,64,56,74,48,21,30.00,29.94,29.86,10,10,10,14,6,25,0.00,0,,168
2009-8-8,103,91,78,73,67,61,85,57,29,30.05,29.96,29.87,10,10,10,17,8,26,0.00,1,,168
2009-8-9,103,91,79,74,71,62,85,57,29,30.06,30.00,29.93,10,10,6,15,7,25,0.02,4,Rain-Thunderstorm,155
2009-8-10,103,91,79,75,68,57,85,55,24,30.12,30.04,29.93,10,10,10,14,7,23,0.00,3,,182
2009-8-11,105,91,77,73,67,56,88,55,21,30.11,30.03,29.91,10,10,10,12,5,18,0.00,2,,158
2009-8-12,102,88,74,73,68,63,87,58,29,30.05,30.00,29.94,10,10,9,12,3,21,T,1,Rain-Thunderstorm,185
2009-8-13,101,87,72,70,66,59,90,59,27,30.03,29.96,29.88,10,10,10,12,3,18,0.00,1,,133
2009-8-14,102,89,76,72,68,63,82,56,29,29.99,29.93,29.86,10,10,10,15,5,25,0.00,0,,152
2009-8-15,102,90,78,74,69,60,85,56,27,29.99,29.91,29.80,10,10,10,15,7,25,0.00,2,,164
2009-8-16,102,90,78,74,69,61,85,56,27,29.99,29.89,29.80,10,10,10,14,7,22,0.00,2,,155
2009-8-17,102,90,78,73,67,59,85,56,27,30.02,29.93,29.84,10,10,10,15,6,25,0.00,1,,170
2009-8-18,100,90,79,74,70,62,85,59,33,30.04,29.95,29.85,10,10,10,14,6,21,0.00,2,,156
2009-8-19,99,89,78,74,69,60,85,57,29,29.96,29.87,29.76,10,10,10,15,7,22,0.00,2,,178
2009-8-20,103,91,79,73,68,59,85,55,25,29.91,29.84,29.78,10,10,10,14,7,24,0.00,1,,170
2009-8-21,103,92,80,75,69,59,85,55,25,30.03,29.94,29.83,10,10,10,18,4,30,0.00,1,,148
2009-8-22,103,90,76,70,67,62,82,55,27,30.02,29.96,29.87,10,10,10,13,2,22,0.01,0,Thunderstorm,141
2009-8-23,105,92,78,69,62,55,74,48,21,29.97,29.91,29.84,10,10,10,13,4,18,0.00,0,,161
2009-8-24,103,90,77,69,63,56,71,47,23,29.99,29.94,29.88,10,10,10,13,5,20,0.00,0,,176
2009-8-25,103,90,76,67,63,57,69,46,23,29.99,29.94,29.85,10,10,10,14,5,24,T,1,Rain-Thunderstorm,152
2009-8-26,104,90,75,73,64,57,74,48,22,29.99,29.93,29.86,10,9,2,12,3,20,0.17,1,Rain-Thunderstorm,186
2009-8-27,103,88,73,75,68,60,91,60,29,30.01,29.92,29.84,10,8,0,21,3,39,0.57,3,Fog-Rain-Thunderstorm,287
2009-8-28,99,86,72,70,65,55,87,56,25,29.99,29.92,29.83,10,10,10,13,3,18,0.00,2,Thunderstorm,341
2009-8-29,96,85,73,67,59,52,74,49,24,29.96,29.90,29.84,10,10,10,10,2,16,0.00,0,,13
2009-8-30,95,83,71,62,57,51,73,50,26,30.03,29.97,29.91,10,10,10,12,5,20,0.00,1,,6
2009-8-31,93,83,72,64,59,54,64,48,32,30.10,30.03,29.98,10,10,10,9,4,16,0.00,2,,53
2009-9-1,94,83,71,69,63,61,69,51,33,30.14,30.07,30.01,10,10,10,10,4,15,0.00,0,,143
2009-9-2,98,85,71,66,62,57,84,56,27,30.12,30.03,29.93,10,10,9,10,3,21,0.00,1,,169
2009-9-3,101,88,74,69,64,56,82,53,24,29.99,29.93,29.82,10,10,10,15,5,22,0.00,0,,176
2009-9-4,95,82,68,72,68,64,97,68,39,30.01,29.95,29.85,10,8,0,23,3,37,1.48,3,Fog-Rain-Thunderstorm,133
2009-9-5,91,82,72,70,68,64,93,69,44,30.05,29.99,29.95,10,10,9,14,1,22,T,3,Rain-Thunderstorm,59
2009-9-6,95,84,72,69,66,61,93,63,33,30.05,30.00,29.93,10,9,6,9,3,14,0.00,0,,85
2009-9-7,96,84,71,69,66,62,90,62,34,30.04,29.96,29.85,10,10,10,12,4,18,0.00,1,,141
2009-9-8,96,85,73,71,68,61,87,59,31,29.95,29.89,29.80,10,10,10,13,4,18,0.00,1,,159
2009-9-9,88,82,75,75,72,69,88,72,55,30.00,29.94,29.88,10,10,6,14,2,24,0.02,4,Rain-Thunderstorm,164
2009-9-10,87,80,73,73,72,69,93,76,59,30.02,29.97,29.93,10,8,2,8,2,15,0.22,5,Rain-Thunderstorm,238
2009-9-11,81,77,72,73,71,69,93,84,74,29.99,29.94,29.88,10,9,2,10,3,15,0.16,7,Rain-Thunderstorm,16
2009-9-12,76,74,71,70,70,70,93,93,93,29.90,29.86,29.82,10,6,2,8,1,14,2.11,8,Rain-Thunderstorm,45
2009-9-13,84,77,70,71,70,68,93,78,63,29.82,29.75,29.70,10,10,10,10,3,15,T,5,Rain,305
2009-9-14,80,76,71,70,67,64,93,78,62,29.90,29.83,29.77,10,10,7,12,6,20,T,7,,307
2009-9-15,86,78,70,66,65,64,84,68,51,29.93,29.89,29.85,10,10,10,14,4,22,0.00,5,,338
2009-9-16,89,79,68,67,66,63,93,69,45,29.96,29.89,29.84,10,10,8,15,6,23,0.00,2,,312
2009-9-17,80,75,70,66,64,62,84,71,58,29.96,29.90,29.85,10,10,10,13,7,21,0.00,5,,319
2009-9-18,88,79,70,67,65,64,84,66,48,30.03,29.97,29.92,10,10,10,13,5,17,0.00,5,,334
2009-9-19,88,79,70,67,66,64,90,69,48,30.10,30.01,29.95,10,10,7,8,2,14,0.00,3,,339
2009-9-20,93,82,70,69,66,63,90,64,38,30.01,29.94,29.86,10,10,10,10,3,16,0.00,0,,192
2009-9-21,96,86,75,73,70,65,94,67,40,29.95,29.88,29.78,10,10,6,13,6,24,0.00,3,,177
2009-9-22,81,72,62,73,64,56,100,84,68,30.13,30.02,29.84,10,6,1,18,5,28,2.39,8,Rain-Thunderstorm,360
2009-9-23,66,62,58,58,56,53,93,81,68,30.23,30.17,30.11,10,10,8,10,4,15,0.17,5,Rain-Thunderstorm,352
2009-9-24,68,63,58,61,56,53,93,78,63,30.20,30.15,30.11,10,10,8,10,2,16,0.03,7,Rain,357
2009-9-25,84,72,59,65,60,55,84,68,51,30.17,30.10,30.03,10,10,10,8,2,12,0.00,2,,351
2009-9-26,92,79,65,69,66,63,93,69,44,30.07,30.01,29.94,10,10,7,6,1,9,0.00,1,,125
2009-9-27,93,81,68,72,69,66,90,67,44,29.96,29.87,29.79,10,10,9,12,3,23,0.00,1,,202
2009-9-28,91,78,65,76,70,53,94,70,46,30.05,29.95,29.85,10,9,2,13,2,21,0.27,4,Rain-Thunderstorm,9
2009-9-29,81,71,61,66,59,50,84,68,51,30.18,30.09,30.02,10,10,10,9,2,17,0.01,5,Rain-Thunderstorm,11
2009-9-30,89,79,68,73,68,64,87,71,55,30.07,29.98,29.87,10,10,10,13,5,20,0.00,6,,160
2009-10-1,88,81,73,73,71,66,88,73,57,29.92,29.84,29.75,10,10,10,13,6,23,T,4,Rain-Thunderstorm,182
2009-10-2,81,73,64,63,45,39,63,43,23,29.96,29.91,29.86,10,10,10,13,5,24,0.00,5,,29
2009-10-3,71,68,65,70,64,47,93,71,48,29.91,29.84,29.78,10,6,2,8,2,13,0.34,7,Rain,105
2009-10-4,84,78,71,74,71,69,93,82,70,29.86,29.76,29.70,10,8,1,12,4,20,0.34,7,Rain,136
2009-10-5,79,72,65,74,68,63,100,87,74,29.92,29.83,29.78,10,7,3,8,3,15,0.00,7,,67
2009-10-6,91,83,74,75,73,69,94,73,52,29.93,29.81,29.77,10,8,3,13,5,23,0.00,6,,180
2009-10-7,81,74,66,76,66,58,87,77,67,30.02,29.94,29.87,10,10,6,12,5,22,T,6,Rain,65
2009-10-8,91,85,79,75,74,72,85,71,56,29.90,29.83,29.71,10,10,10,18,10,30,0.00,7,,168
2009-10-9,82,68,54,75,58,49,97,85,72,30.14,29.94,29.70,10,6,1,22,7,39,1.30,8,Rain-Thunderstorm,341
2009-10-10,60,57,53,52,50,48,89,82,75,30.18,30.14,30.09,10,10,9,9,4,14,0.00,8,,8
2009-10-11,59,57,54,57,55,52,100,93,86,30.16,30.10,30.03,10,5,1,8,3,13,0.57,8,Rain,24
2009-10-12,71,64,57,66,60,55,100,89,78,30.05,30.00,29.95,10,5,2,6,1,8,T,8,,26
2009-10-13,83,76,68,74,70,66,97,86,74,30.02,29.97,29.87,10,5,0,6,1,10,0.35,7,Fog-Rain,66
2009-10-14,90,83,75,75,74,73,94,79,64,29.98,29.90,29.79,10,8,5,10,3,16,T,5,,187
2009-10-15,92,78,63,73,69,56,100,78,56,29.95,29.81,29.72,10,9,5,14,5,22,0.00,3,,344
2009-10-16,73,66,59,56,53,49,87,66,44,30.25,30.10,29.94,10,10,8,15,6,22,0.00,4,,10
2009-10-17,77,66,55,51,48,44,86,60,33,30.40,30.33,30.26,10,10,10,8,2,13,0.00,0,,352
2009-10-18,75,64,53,54,52,48,89,68,46,30.41,30.31,30.22,10,10,10,9,4,17,0.00,0,,137
2009-10-19,79,67,55,59,56,53,93,71,48,30.20,30.12,30.03,10,9,5,14,6,22,0.00,1,,171
2009-10-20,83,70,57,67,59,54,93,72,51,30.05,29.98,29.89,10,10,10,16,6,24,0.02,3,Rain,164
2009-10-21,78,73,68,72,68,63,93,81,69,29.94,29.82,29.72,10,8,2,15,7,23,0.41,8,Rain,139
2009-10-22,72,64,55,70,56,44,97,70,42,29.94,29.80,29.72,10,7,2,17,6,26,1.20,6,Rain,324
2009-10-23,72,62,51,46,41,37,71,50,29,30.05,29.99,29.94,10,10,10,14,5,22,0.00,0,,321
2009-10-24,76,62,48,49,46,43,86,59,31,30.06,29.97,29.88,10,10,10,14,4,29,0.00,0,,174
2009-10-25,83,71,58,68,62,51,93,76,58,29.92,29.86,29.79,10,10,10,15,6,24,0.00,5,,161
2009-10-26,72,63,53,70,58,49,93,85,77,30.08,29.96,29.83,10,7,2,16,6,29,2.08,8,Rain-Thunderstorm,348
2009-10-27,70,59,47,49,44,40,93,64,35,30.04,29.90,29.77,10,10,10,9,3,15,0.00,1,,248
2009-10-28,82,67,51,73,61,44,89,79,69,29.76,29.67,29.57,10,10,7,16,6,25,0.08,6,Rain,148
2009-10-29,82,69,56,75,65,35,94,68,42,29.83,29.64,29.56,10,8,2,20,10,33,0.19,7,Rain,192
2009-10-30,70,60,49,41,37,31,68,46,23,30.08,29.95,29.81,10,10,10,12,4,17,T,3,Rain,321
2009-10-31,74,60,46,43,38,26,80,50,19,30.21,30.15,30.09,10,10,10,9,2,15,0.00,0,,305
2009-11-1,75,61,47,46,43,38,86,58,29,30.22,30.17,30.12,10,10,10,9,2,15,0.00,0,,115
2009-11-2,76,62,47,50,47,43,86,61,35,30.25,30.20,30.16,10,10,10,8,1,13,0.00,0,,147
2009-11-3,76,64,52,53,50,49,89,64,38,30.33,30.26,30.20,10,10,10,8,2,14,0.00,0,,312
2009-11-4,78,64,49,53,49,46,89,61,32,30.35,30.30,30.25,10,10,9,7,1,14,0.00,0,,97
2009-11-5,78,66,53,52,51,49,93,66,39,30.40,30.33,30.27,10,10,10,7,1,14,0.00,0,,147
2009-11-6,76,65,53,57,53,48,90,64,38,30.26,30.18,30.11,10,10,10,10,2,23,0.00,0,,174
2009-11-7,78,68,58,61,58,55,97,71,45,30.16,30.09,30.01,10,6,1,12,3,16,0.00,5,,161
2009-11-8,68,64,60,66,63,59,100,89,78,30.09,30.04,29.99,10,4,0,8,2,17,0.64,7,Fog-Rain,71
2009-11-9,75,70,65,64,63,59,100,84,68,30.16,30.10,30.04,10,7,4,12,4,17,T,6,Rain,17
2009-11-10,78,69,59,58,57,55,90,68,45,30.26,30.21,30.16,10,10,10,13,5,20,0.00,0,,351
2009-11-11,78,68,57,58,55,51,93,70,46,30.28,30.21,30.14,10,10,10,9,3,17,0.00,0,,354
2009-11-12,74,63,52,56,54,50,96,75,53,30.15,30.05,29.95,10,10,5,8,2,13,0.00,0,,180
2009-11-13,76,65,54,58,57,56,78,64,50,29.89,29.83,29.79,10,10,10,12,4,21,0.00,0,,179
2009-11-14,79,68,57,63,59,55,93,73,52,29.92,29.86,29.80,10,7,2,12,4,23,0.00,2,,167
2009-11-15,79,72,64,66,64,61,100,81,62,29.97,29.91,29.84,10,6,1,10,2,22,0.00,6,,207
2009-11-16,69,57,45,64,46,30,87,60,33,30.24,30.11,29.94,10,9,4,21,7,31,0.05,3,Rain-Thunderstorm,326
2009-11-17,66,53,40,37,32,24,76,48,20,30.27,30.19,30.11,10,10,10,10,4,17,0.00,0,,293
2009-11-18,72,56,40,39,35,31,76,50,23,30.15,30.07,29.99,10,10,10,9,3,17,0.00,0,,243
2009-11-19,74,61,47,63,55,40,86,74,61,30.05,29.99,29.94,10,10,10,12,4,18,T,4,,145
2009-11-20,67,62,56,64,60,54,93,89,84,30.07,30.01,29.95,10,7,1,13,4,22,1.63,8,Rain,26
2009-11-21,58,56,54,54,53,52,93,90,86,30.04,30.01,29.97,10,7,4,7,2,10,0.19,8,Rain,351
2009-11-22,66,58,49,54,51,46,100,82,63,30.06,29.99,29.93,10,5,0,8,2,13,0.00,3,Fog,210
2009-11-23,74,60,46,61,55,45,96,77,57,30.05,30.00,29.94,10,7,1,12,3,20,0.00,2,,184
2009-11-24,66,57,47,61,42,32,90,60,29,30.26,30.14,30.00,10,10,10,16,7,26,T,4,Rain,356
2009-11-25,68,55,41,39,33,24,76,48,20,30.30,30.24,30.18,10,10,10,10,3,15,0.00,0,,326
2009-11-26,64,54,43,41,35,27,77,51,25,30.40,30.32,30.26,10,10,10,12,2,17,0.00,0,,347
2009-11-27,65,53,40,45,40,37,93,66,39,30.28,30.19,30.08,10,10,10,9,2,14,0.00,0,,186
2009-11-28,72,61,50,63,55,45,93,78,63,30.08,29.95,29.88,10,10,10,14,4,23,T,6,,167
2009-11-29,72,61,50,66,61,44,93,85,77,30.06,29.88,29.81,10,9,2,18,6,28,0.14,8,Rain,192
2009-11-30,54,50,45,45,38,30,89,65,41,30.22,30.12,30.04,10,10,8,15,7,24,0.15,5,Rain,356
2009-12-1,50,46,42,43,41,34,100,76,52,30.08,29.81,29.69,10,6,1,10,5,17,1.05,8,Rain,346
2009-12-2,50,46,41,41,37,33,93,75,56,30.12,29.86,29.67,10,10,10,17,7,28,0.00,7,,329
2009-12-3,49,43,36,33,26,21,79,59,39,30.31,30.21,30.10,10,10,10,12,7,21,0.00,3,,2
2009-12-4,41,35,29,25,21,16,75,58,40,30.42,30.34,30.26,10,10,4,16,7,26,T,5,Snow,5
2009-12-5,50,38,25,27,24,22,88,63,37,30.32,30.21,30.09,10,10,10,13,4,20,0.00,0,,167
2009-12-6,53,45,37,52,43,28,100,82,64,30.09,29.99,29.91,10,4,1,6,0,10,0.08,7,Rain,101
2009-12-7,52,48,43,52,47,42,100,95,89,30.12,30.05,29.96,6,4,2,12,5,18,0.06,8,Rain,19
2009-12-8,58,50,42,55,47,42,100,96,92,29.93,29.75,29.60,10,4,0,8,2,18,0.03,6,Fog-Rain,343
2009-12-9,50,41,32,49,29,17,100,68,36,30.15,29.97,29.77,10,7,0,18,5,30,0.00,0,Fog,8
2009-12-10,44,38,31,26,21,18,63,50,37,30.29,30.22,30.14,10,10,10,9,4,15,0.00,4,,34
2009-12-11,48,45,42,42,33,26,83,68,53,30.28,30.21,30.16,10,10,5,7,2,12,T,8,Rain,34
2009-12-12,52,48,43,49,46,41,100,93,86,30.14,30.08,30.01,10,3,0,6,1,29,0.09,8,Fog-Rain,360
2009-12-13,69,58,47,53,50,46,100,78,55,30.12,30.04,29.95,10,5,0,9,3,13,0.00,4,Fog,165
2009-12-14,66,60,53,63,58,51,100,92,84,30.04,29.98,29.92,10,5,1,9,1,28,0.09,8,Rain,95
2009-12-15,63,52,41,54,33,27,71,62,53,30.45,30.27,30.02,10,10,10,17,9,24,T,5,,2
2009-12-16,48,43,38,35,30,27,64,57,50,30.45,30.38,30.30,10,10,10,12,5,17,T,5,,357
2009-12-17,53,47,41,45,43,39,96,81,65,30.30,30.16,30.05,10,7,2,6,1,17,0.50,6,Rain,311
2009-12-18,66,54,42,51,44,37,100,77,54,30.10,30.04,29.99,10,5,0,9,2,14,0.00,4,Fog,302
2009-12-19,62,51,39,38,35,30,85,59,32,30.29,30.20,30.10,10,10,10,12,4,18,0.00,0,,334
2009-12-20,63,48,33,38,35,32,96,66,36,30.35,30.28,30.22,10,10,10,9,3,17,0.00,0,,231
2009-12-21,68,53,38,51,43,35,86,67,48,30.25,30.14,30.02,10,10,10,13,4,25,0.00,1,,175
2009-12-22,72,63,54,61,56,51,93,77,61,30.01,29.89,29.75,10,10,10,15,6,24,0.00,5,,169
2009-12-23,74,65,56,63,60,46,93,77,61,29.79,29.68,29.49,10,9,5,21,6,36,T,7,Rain,174
2009-12-24,56,47,37,45,33,19,93,71,48,30.07,29.78,29.61,10,10,7,25,12,43,0.26,5,Rain,304
2009-12-25,49,40,31,23,15,8,54,38,21,30.16,30.10,30.04,10,10,10,15,4,26,0.00,0,,329
2009-12-26,57,43,28,34,27,21,78,57,35,30.20,30.11,30.04,10,10,10,7,2,12,0.00,1,,44
2009-12-27,59,46,33,29,26,22,82,54,25,30.38,30.27,30.20,10,10,10,10,4,16,0.00,0,,328
2009-12-28,53,43,33,30,28,25,76,59,41,30.57,30.46,30.40,10,10,10,9,2,15,0.00,0,,2
2009-12-29,42,38,33,39,36,29,92,77,62,30.45,30.32,30.23,10,6,2,10,1,13,0.44,8,Rain,94
2009-12-30,61,51,40,50,43,39,100,82,64,30.23,30.12,30.00,10,6,2,9,2,13,0.01,6,Rain,158
2009-12-31,71,55,39,49,41,34,100,74,47,30.43,30.09,29.99,10,6,0,22,5,35,0.00,2,Fog,342
