
CST,Max TemperatureF,Mean TemperatureF,Min TemperatureF,Max Dew PointF,MeanDew PointF,Min DewpointF,Max Humidity, Mean Humidity, Min Humidity, Max Sea Level PressureIn, Mean Sea Level PressureIn, Min Sea Level PressureIn, Max VisibilityMiles, Mean VisibilityMiles, Min VisibilityMiles, Max Wind SpeedMPH, Mean Wind SpeedMPH, Max Gust SpeedMPH,PrecipitationIn, CloudCover, Events, WindDirDegrees
1976-1-1,73,64,55,58,55,52,93,77,48,29.90,29.82,29.76,20,12,10,16,11,23,0.00,6,,171
1976-1-2,62,52,39,61,32,20,96,52,32,30.26,30.02,29.86,20,16,5,23,12,32,0.00,8,Fog,5
1976-1-3,46,40,33,22,16,13,54,41,27,30.51,30.41,30.24,20,20,20,20,15,29,0.00,3,,10
1976-1-4,46,36,27,18,14,11,58,42,23,30.60,30.49,30.38,20,20,20,14,9,,0.00,3,,58
1976-1-5,45,40,36,33,23,15,68,49,42,30.39,30.31,30.24,20,17,15,8,6,,0.00,7,,127
1976-1-6,62,52,43,54,45,34,93,79,62,30.23,30.04,29.89,15,10,3,16,9,,0.00,8,Fog,190
1976-1-7,55,40,25,55,20,0,97,54,34,30.53,30.24,29.93,20,13,6,28,15,38,0.00,2,Fog-Rain,345
1976-1-8,39,28,18,7,1,-4,44,33,19,30.62,30.54,30.47,20,20,15,16,12,22,0.00,0,,23
1976-1-9,55,38,21,40,22,7,79,53,38,30.52,30.41,30.28,20,19,15,17,6,24,0.00,0,,187
1976-1-10,69,56,43,57,48,40,93,75,53,30.28,30.13,30.01,20,15,7,24,10,36,0.00,8,,187
1976-1-11,63,56,48,57,44,27,100,67,41,30.25,30.15,30.06,20,15,0,33,11,,0.00,2,Fog,339
1976-1-12,70,53,36,55,39,24,87,59,38,30.19,30.05,29.93,20,17,10,20,10,,0.00,0,,248
1976-1-13,75,65,54,60,51,28,93,65,31,30.23,29.99,29.87,20,13,7,20,13,25,0.00,5,,237
1976-1-14,57,49,41,33,28,25,65,47,30,30.51,30.42,30.26,20,20,20,21,15,23,0.00,4,,32
1976-1-15,66,50,34,37,28,18,76,47,18,30.46,30.26,30.07,20,19,15,18,8,24,0.00,1,,232
1976-1-16,66,54,41,38,29,20,82,45,20,30.38,30.22,30.08,20,20,15,21,10,28,0.00,0,,359
1976-1-17,66,50,35,29,25,20,67,41,23,30.38,30.30,30.20,20,20,20,14,6,,0.00,0,,212
1976-1-18,71,55,39,50,38,25,77,52,30,30.26,30.19,30.13,20,20,20,20,10,26,0.00,0,,191
1976-1-19,70,58,46,58,49,41,100,82,47,30.41,30.23,30.15,20,9,0,21,11,33,0.44,5,Fog-Rain,197
1976-1-20,55,49,39,38,28,21,79,51,28,30.57,30.49,30.42,20,18,5,21,16,29,0.08,7,Rain,26
1976-1-21,64,48,32,32,24,19,73,45,18,30.54,30.46,30.38,20,20,20,14,7,,0.00,0,,309
1976-1-22,68,51,34,32,27,23,76,45,18,30.41,30.31,30.15,20,20,20,12,7,,0.00,0,,257
1976-1-23,72,58,44,56,45,32,83,64,48,30.13,29.97,29.85,20,20,20,18,8,,0.00,3,,196
1976-1-24,66,60,53,60,57,53,100,91,78,29.85,29.76,29.65,20,9,0,14,9,,0.64,6,Fog-Rain-Thunderstorm,196
1976-1-25,70,56,39,58,44,29,100,66,32,30.09,29.80,29.65,20,17,8,25,11,36,0.00,2,,298
1976-1-26,45,38,32,28,23,15,70,55,36,30.49,30.29,30.09,20,20,20,23,17,30,0.00,3,,4
1976-1-27,51,38,24,19,14,11,65,42,20,30.60,30.50,30.43,20,20,15,9,7,,0.00,0,,6
1976-1-28,60,43,26,26,22,16,84,47,23,30.44,30.34,30.24,20,20,20,15,5,,0.00,0,,224
1976-1-29,69,52,34,31,28,25,75,42,21,30.33,30.25,30.18,20,20,20,12,5,,0.00,1,,256
1976-1-30,72,54,37,47,38,29,79,52,36,30.19,30.04,29.89,20,20,15,15,6,,0.00,0,,229
1976-1-31,55,50,46,47,35,24,93,56,37,30.11,30.00,29.82,20,17,8,32,14,46,0.08,2,,327
1976-2-1,71,57,43,26,23,20,49,32,16,30.13,30.06,30.02,20,20,20,21,14,28,0.00,1,,325
1976-2-2,81,58,36,34,25,20,73,34,11,30.08,29.98,29.88,20,20,20,15,8,26,0.00,0,,252
1976-2-3,79,59,39,54,32,20,80,39,18,29.97,29.91,29.81,20,19,15,23,11,31,0.00,0,,177
1976-2-4,77,66,54,62,57,54,100,79,50,30.03,29.96,29.90,15,13,4,18,11,26,0.00,6,Fog,184
1976-2-5,64,54,45,64,49,38,100,81,64,30.25,30.10,29.99,15,7,2,20,10,22,0.02,8,Fog-Rain,53
1976-2-6,45,40,35,38,28,17,86,67,46,30.52,30.39,30.25,20,13,5,22,18,29,0.00,8,,9
1976-2-7,51,40,30,27,21,15,58,47,37,30.54,30.42,30.25,20,20,20,17,13,23,0.00,4,,2
1976-2-8,73,53,33,41,35,26,85,55,31,30.25,30.12,30.03,20,20,20,15,5,,0.00,1,,196
1976-2-9,75,58,42,61,49,38,93,70,43,30.13,30.07,30.02,20,16,5,16,8,,0.00,4,,178
1976-2-10,78,70,63,61,60,58,93,75,52,30.11,30.04,29.98,20,14,10,18,15,28,0.00,6,,187
1976-2-11,82,73,64,61,58,51,90,70,35,30.20,30.13,30.07,20,13,7,15,11,,0.00,6,,190
1976-2-12,75,69,62,62,57,54,90,71,46,30.19,30.12,30.05,20,14,8,15,8,21,0.00,5,,183
1976-2-13,77,69,61,61,58,52,93,75,43,30.21,30.13,30.07,20,14,5,15,11,,0.00,6,,183
1976-2-14,73,66,60,61,60,58,100,81,57,30.21,30.15,30.09,20,13,2,18,10,26,0.00,7,Fog,173
1976-2-15,78,71,64,65,61,57,96,76,50,30.15,30.08,29.98,20,12,4,18,12,26,0.00,7,Fog-Rain,180
1976-2-16,75,70,64,67,64,61,97,85,69,30.06,29.96,29.88,15,10,3,13,11,,0.03,7,Rain,189
1976-2-17,80,72,63,67,57,33,96,72,25,29.89,29.77,29.66,20,13,1,14,8,29,0.83,6,Rain-Thunderstorm,210
1976-2-18,75,60,46,33,28,24,52,29,16,30.06,29.96,29.87,20,18,10,20,13,25,0.31,0,,303
1976-2-19,82,65,48,60,41,33,90,46,18,29.99,29.93,29.84,20,18,10,16,8,,0.00,1,,181
1976-2-20,75,69,63,65,63,58,93,82,64,29.88,29.74,29.63,20,12,6,17,13,28,0.09,7,Rain-Thunderstorm,185
1976-2-21,62,55,48,57,28,15,84,38,27,30.38,30.07,29.76,20,12,6,26,19,41,0.10,3,Rain-Thunderstorm,344
1976-2-22,60,50,39,23,17,13,45,30,16,30.57,30.48,30.41,20,19,10,20,13,25,0.00,0,,348
1976-2-23,72,54,37,25,20,14,60,31,11,30.52,30.45,30.37,20,20,20,13,7,,0.00,0,,241
1976-2-24,70,54,39,45,31,17,69,41,23,30.40,30.30,30.15,20,20,20,21,10,28,0.00,3,,191
1976-2-25,69,58,46,49,48,45,93,71,47,30.23,30.16,30.11,20,18,15,18,10,25,0.00,4,,197
1976-2-26,75,60,46,54,49,44,100,68,38,30.30,30.22,30.16,20,15,7,10,4,,0.00,0,,189
1976-2-27,75,64,52,56,52,50,100,71,43,30.26,30.17,30.08,20,15,5,15,7,,0.00,2,Fog,185
1976-2-28,77,66,55,57,53,46,93,69,36,30.09,29.97,29.85,20,16,7,17,9,22,0.00,6,,185
1976-2-29,79,70,61,61,58,56,90,71,45,29.89,29.84,29.77,20,17,10,18,14,29,0.00,5,,188
1976-3-1,82,74,66,64,61,60,87,72,47,29.93,29.87,29.80,20,16,10,20,14,25,0.00,6,,184
1976-3-2,84,76,68,64,63,60,87,71,47,29.95,29.89,29.83,20,18,15,20,15,28,0.00,7,,180
1976-3-3,80,73,66,65,63,60,96,75,50,29.94,29.85,29.77,20,15,10,22,14,34,0.00,7,,173
1976-3-4,84,76,57,66,63,54,89,69,46,29.90,29.76,29.68,20,14,5,24,16,33,0.45,6,Rain-Thunderstorm,170
1976-3-5,62,54,45,61,38,28,96,57,37,30.24,30.09,29.87,20,12,5,26,16,31,0.36,8,Rain-Thunderstorm,37
1976-3-6,55,49,43,47,41,33,97,82,63,30.30,30.25,30.20,15,7,3,18,15,24,0.17,8,Fog-Rain-Thunderstorm,30
1976-3-7,53,49,46,53,49,47,100,99,92,30.24,30.07,29.89,15,4,1,13,10,,0.19,8,Fog-Rain,43
1976-3-8,62,55,48,53,49,43,100,82,53,29.92,29.82,29.77,20,11,1,23,10,31,0.15,5,Fog-Rain,358
1976-3-9,63,53,43,45,41,38,86,68,46,30.08,30.00,29.92,20,20,20,21,12,23,0.00,2,,9
1976-3-10,71,57,43,53,46,41,93,72,44,30.09,30.03,29.97,20,12,5,13,5,,0.00,6,,162
1976-3-11,71,65,59,64,60,54,96,85,68,30.02,29.87,29.75,15,10,4,20,10,26,0.00,8,Fog,176
1976-3-12,79,68,54,65,49,33,97,58,19,30.12,29.94,29.83,20,16,8,25,9,40,0.04,5,Rain-Thunderstorm,19
1976-3-13,51,46,41,38,33,26,82,63,49,30.32,30.23,30.14,20,12,7,36,18,33,0.13,7,Fog-Rain-Thunderstorm,19
1976-3-14,55,48,42,48,41,35,83,76,69,30.21,30.11,30.01,20,13,6,10,8,,0.00,8,,84
1976-3-15,70,60,51,57,52,47,96,83,60,30.01,29.89,29.75,20,9,3,22,9,30,0.00,7,Fog,190
1976-3-16,62,52,42,45,30,20,74,47,20,30.34,30.22,30.01,20,19,15,24,18,33,0.00,1,,17
1976-3-17,68,52,36,46,32,26,73,48,26,30.26,30.16,30.05,20,20,15,13,5,,0.00,4,,180
1976-3-18,75,62,48,59,52,46,97,72,48,30.09,29.99,29.88,20,12,5,21,11,29,0.00,6,Fog,182
1976-3-19,81,72,63,67,63,59,97,81,56,29.92,29.80,29.69,15,10,4,17,12,25,0.00,8,Fog,184
1976-3-20,91,77,62,68,52,24,93,59,14,30.02,29.77,29.67,15,10,3,22,13,29,0.00,5,Fog-Rain,188
1976-3-21,70,60,51,46,26,16,75,31,15,30.24,30.15,30.04,20,17,10,17,11,,0.01,5,Rain,62
1976-3-22,72,59,46,48,45,42,93,63,36,30.28,30.22,30.15,20,19,10,9,6,,0.02,5,Rain,197
1976-3-23,70,58,46,54,49,44,93,72,41,30.32,30.22,30.13,20,14,5,16,6,24,0.13,5,Rain-Thunderstorm,130
1976-3-24,80,68,55,68,61,53,100,89,60,30.11,29.99,29.89,15,6,0,13,9,,0.05,7,Fog-Rain,153
1976-3-25,80,74,68,68,67,64,100,83,60,29.94,29.85,29.72,15,7,0,16,9,22,0.00,7,Fog-Rain,182
1976-3-26,82,74,63,70,58,21,97,69,15,30.02,29.80,29.69,15,7,2,24,14,36,0.00,6,Fog,197
1976-3-27,71,58,46,38,35,31,64,41,24,30.15,30.04,29.94,20,18,15,21,11,,0.00,5,,58
1976-3-28,73,64,55,67,56,40,90,78,55,29.92,29.78,29.64,20,12,7,14,6,,0.00,8,,174
1976-3-29,89,78,68,69,54,35,97,56,15,29.78,29.68,29.58,20,14,6,18,12,26,0.08,4,Fog-Rain,224
1976-3-30,69,58,46,68,42,36,96,62,34,30.09,29.95,29.73,20,15,2,30,15,44,0.40,7,Rain-Thunderstorm,11
1976-3-31,72,58,44,42,34,26,83,46,18,30.21,30.13,30.06,20,19,15,10,7,,0.00,1,,267
1976-4-1,80,62,45,42,37,31,74,41,20,30.19,30.13,30.06,20,20,20,10,6,,0.00,0,,201
1976-4-2,77,62,48,57,49,38,97,63,37,30.16,30.10,30.03,20,19,10,20,8,23,0.00,4,,174
1976-4-3,77,67,57,65,60,51,90,81,64,30.09,30.03,29.95,20,13,9,12,7,,0.00,7,Rain,162
1976-4-4,73,67,61,65,62,58,96,85,59,30.01,29.98,29.94,15,9,2,18,8,23,0.41,8,Fog-Rain,122
1976-4-5,62,60,57,60,59,56,100,96,93,30.02,29.98,29.94,10,5,1,15,8,,1.26,8,Fog-Rain,38
1976-4-6,72,64,57,60,58,56,100,83,57,30.00,29.94,29.87,15,8,0,9,4,,0.00,7,Fog,110
1976-4-7,73,64,55,58,56,46,90,76,45,29.97,29.85,29.73,15,10,4,23,7,34,0.53,7,Fog-Rain-Thunderstorm,173
1976-4-8,73,62,51,58,55,50,97,77,55,30.06,29.97,29.88,20,17,10,13,7,,3.15,3,,29
1976-4-9,75,66,57,57,54,50,87,65,45,30.16,30.09,30.04,20,13,7,12,9,,0.00,6,,98
1976-4-10,71,65,59,61,59,54,96,81,59,30.18,30.11,30.08,10,7,3,7,4,,0.00,8,Fog,149
1976-4-11,79,72,64,64,62,59,97,76,50,30.18,30.12,30.08,10,7,3,13,9,,0.00,7,Fog,175
1976-4-12,79,72,64,65,63,61,97,79,54,30.23,30.14,30.06,10,8,3,14,7,,0.00,7,Fog,166
1976-4-13,78,72,66,68,65,63,93,80,68,30.09,30.01,29.94,15,11,7,16,10,,0.00,7,Rain,172
1976-4-14,78,73,68,68,66,64,96,84,71,30.03,29.98,29.93,10,8,4,17,12,24,0.00,8,Fog-Rain,166
1976-4-15,77,67,55,66,63,54,93,79,64,29.95,29.81,29.61,15,9,6,29,14,39,0.39,8,Rain-Thunderstorm,169
1976-4-16,77,66,55,70,61,53,100,91,76,29.90,29.80,29.68,15,7,1,17,8,29,0.12,7,Fog-Rain-Thunderstorm,131
1976-4-17,77,73,69,70,67,65,91,84,76,29.92,29.80,29.74,8,7,6,21,15,30,0.00,8,Rain-Thunderstorm,164
1976-4-18,70,62,53,68,60,52,100,95,86,30.09,30.01,29.90,10,6,2,20,11,28,3.56,8,Fog-Rain-Thunderstorm,34
1976-4-19,73,71,69,69,67,65,100,88,76,29.96,29.88,29.80,10,8,5,16,12,,0.03,8,Fog-Rain,170
1976-4-20,80,70,59,67,53,47,93,60,34,29.93,29.83,29.76,20,16,1,32,12,46,0.66,3,Rain-Thunderstorm,301
1976-4-21,78,64,51,60,53,48,93,66,45,30.01,29.93,29.87,20,20,20,13,7,,0.00,0,,157
1976-4-22,82,73,64,67,64,61,97,79,54,29.99,29.92,29.85,15,10,4,16,9,,0.03,5,Fog,170
1976-4-23,79,74,68,69,67,66,96,83,68,29.93,29.88,29.82,15,9,3,17,10,24,0.01,8,Fog-Rain,170
1976-4-24,86,78,69,72,68,58,97,81,50,29.97,29.86,29.76,15,8,2,17,9,,0.00,7,Fog-Rain-Thunderstorm,173
1976-4-25,82,68,55,57,47,36,75,46,20,30.01,29.95,29.88,20,18,15,10,8,,0.00,3,,61
1976-4-26,79,67,55,63,57,52,87,69,53,30.00,29.93,29.86,20,18,8,17,7,24,0.00,3,,115
1976-4-27,80,72,64,66,64,60,97,79,60,30.04,29.98,29.94,15,9,3,15,10,,0.00,7,Fog,144
1976-4-28,79,72,66,69,66,64,93,83,72,30.07,30.00,29.91,10,8,3,13,10,,0.04,8,Fog-Rain,151
1976-4-29,66,63,59,62,58,55,96,88,81,30.07,30.01,29.96,10,7,4,17,13,24,1.02,8,Fog-Rain-Thunderstorm,17
1976-4-30,72,64,57,58,56,52,97,81,53,30.08,30.02,29.96,15,8,2,14,9,,0.00,7,Fog-Rain,15
1976-5-1,73,65,57,57,50,44,93,65,35,30.15,30.09,30.04,20,15,7,20,10,24,0.00,4,Rain,354
1976-5-2,81,64,48,50,47,44,90,55,28,30.09,30.04,29.98,20,20,20,9,5,,0.00,0,,230
1976-5-3,82,68,53,57,51,47,89,58,30,30.18,30.12,30.05,20,19,10,10,5,,0.00,2,,159
1976-5-4,75,67,59,56,54,52,83,63,48,30.22,30.13,30.01,20,16,10,17,8,,0.00,4,,186
1976-5-5,73,67,61,67,63,56,97,85,73,30.03,29.88,29.77,15,8,3,20,11,29,0.81,8,Fog-Rain-Thunderstorm,174
1976-5-6,82,74,66,71,66,60,93,80,60,29.99,29.87,29.80,15,10,6,17,9,25,0.00,6,Fog,174
1976-5-7,69,63,57,63,57,55,93,84,78,30.13,30.02,29.94,15,11,3,23,14,31,1.44,8,Rain-Thunderstorm,6
1976-5-8,72,66,59,61,58,55,93,80,64,30.22,30.14,30.09,15,11,4,16,13,,0.00,7,Fog,43
1976-5-9,64,62,61,63,60,58,97,90,81,30.14,30.08,30.04,15,7,2,8,5,,0.11,8,Fog-Rain,70
1976-5-10,79,71,63,71,66,62,100,90,74,30.08,30.02,29.94,15,6,0,9,3,,0.03,7,Fog,134
1976-5-11,84,74,63,74,68,63,100,82,55,30.08,30.00,29.89,10,6,0,13,4,,0.00,5,Fog,218
1976-5-12,82,72,63,70,66,59,100,81,58,29.96,29.87,29.71,10,7,0,34,8,47,0.88,7,Fog-Rain-Thunderstorm,184
1976-5-13,75,70,64,62,58,51,93,73,43,29.96,29.88,29.81,20,16,7,17,11,,0.01,6,Rain,348
1976-5-14,73,67,61,56,47,42,75,52,35,29.84,29.79,29.73,20,18,10,22,13,32,0.00,4,,328
1976-5-15,81,68,54,59,53,49,86,61,39,29.83,29.79,29.75,20,20,20,10,5,,0.00,2,,195
1976-5-16,84,74,64,65,59,55,96,64,38,30.02,29.94,29.83,20,15,1,20,8,23,0.00,3,Fog,359
1976-5-17,77,70,62,58,49,43,73,50,30,30.16,30.09,30.04,20,20,20,17,10,,0.00,6,,23
1976-5-18,78,66,53,52,47,44,83,52,31,30.17,30.08,30.02,20,19,15,12,6,,0.00,4,,85
1976-5-19,78,66,55,60,56,50,93,68,46,30.10,30.04,29.99,20,16,10,14,5,,0.00,4,,134
1976-5-20,70,67,64,66,63,61,97,89,78,30.12,30.05,29.99,15,10,5,13,6,,0.64,8,Fog-Rain-Thunderstorm,121
1976-5-21,81,72,64,67,65,64,100,82,58,30.04,29.98,29.87,15,9,1,9,4,,0.00,6,Fog,108
1976-5-22,84,75,66,67,66,64,97,75,53,29.91,29.82,29.72,10,9,6,10,6,,0.00,4,Fog,184
1976-5-23,86,75,64,69,65,63,97,72,49,29.83,29.75,29.66,20,15,4,16,7,,0.00,3,Fog-Rain-Thunderstorm,167
1976-5-24,88,78,69,71,70,68,97,81,55,29.87,29.79,29.73,20,10,2,8,5,,0.00,6,Fog-Rain,170
1976-5-25,86,78,66,71,69,65,100,80,57,29.83,29.77,29.66,15,8,2,18,8,,0.68,6,Fog-Rain-Thunderstorm,163
1976-5-26,84,75,66,70,66,63,97,81,59,29.84,29.77,29.70,20,12,1,34,11,61,0.85,6,Rain-Thunderstorm-Tornado,178
1976-5-27,73,68,63,64,59,56,97,72,57,30.04,29.97,29.87,20,20,20,20,9,24,0.00,3,,335
1976-5-28,87,71,55,64,58,53,93,71,44,30.01,29.93,29.80,20,19,15,8,6,,0.00,0,,43
1976-5-29,87,75,63,70,66,62,97,74,51,29.83,29.76,29.68,20,17,4,17,8,23,0.00,1,Fog,181
1976-5-30,84,78,73,73,71,69,91,81,69,29.72,29.69,29.64,20,14,10,16,12,23,0.00,7,Rain,179
1976-5-31,87,78,69,75,72,65,97,84,65,29.81,29.75,29.69,15,10,4,34,10,,0.07,7,Fog-Rain-Thunderstorm,147
1976-6-1,82,74,66,73,67,62,97,85,67,29.97,29.86,29.68,20,17,7,15,9,23,0.23,6,Rain-Thunderstorm,190
1976-6-2,86,76,66,72,66,58,97,75,38,29.97,29.91,29.85,15,14,10,13,5,,0.17,2,Rain-Thunderstorm,86
1976-6-3,87,76,66,66,63,61,87,66,43,29.97,29.92,29.87,15,13,10,9,6,,0.00,2,,44
1976-6-4,87,78,68,67,64,62,87,66,44,30.01,29.96,29.92,10,8,6,10,3,,0.00,4,,88
1976-6-5,87,78,68,69,64,57,93,66,36,30.06,30.01,29.98,10,6,3,12,4,,0.07,2,Fog,104
1976-6-6,87,76,66,68,64,62,87,69,43,30.08,30.03,29.97,10,7,5,13,7,,0.04,2,Rain,54
1976-6-7,82,75,68,68,66,64,93,74,54,30.06,30.02,29.95,15,11,7,13,7,,0.04,4,,70
1976-6-8,84,76,68,69,65,63,93,70,48,30.06,30.01,29.95,15,12,4,13,6,,0.00,4,Fog,91
1976-6-9,86,76,66,67,64,61,90,66,44,30.06,30.01,29.96,15,12,5,10,5,,0.00,1,,159
1976-6-10,87,76,64,66,63,60,93,65,41,30.02,29.95,29.86,15,10,4,13,7,,0.00,0,Fog,173
1976-6-11,90,80,70,71,68,65,93,71,46,29.93,29.85,29.77,20,15,3,16,10,,0.00,4,Fog,177
1976-6-12,90,82,73,71,70,68,91,71,51,29.89,29.86,29.81,20,17,15,17,12,,0.00,5,,173
1976-6-13,88,80,73,71,67,60,91,69,46,29.99,29.92,29.85,20,16,7,15,10,,0.00,5,,178
1976-6-14,88,79,70,70,66,64,97,69,45,29.95,29.88,29.81,20,15,5,17,9,25,0.00,4,Fog,175
1976-6-15,91,82,73,74,71,68,91,73,50,29.90,29.85,29.78,20,15,7,12,8,,0.00,6,Rain,184
1976-6-16,91,82,73,72,69,65,85,66,48,29.92,29.85,29.78,20,19,10,14,7,,0.00,6,,51
1976-6-17,91,83,75,74,72,69,94,72,52,29.90,29.84,29.76,20,15,6,34,11,25,0.00,5,,177
1976-6-18,91,83,75,73,72,70,91,70,48,29.90,29.86,29.82,20,16,10,15,12,22,0.00,5,,179
1976-6-19,88,82,77,74,70,58,90,69,52,30.06,29.98,29.87,20,16,7,20,10,29,0.03,6,Rain,32
1976-6-20,87,76,66,57,52,45,73,46,23,30.12,30.04,29.96,20,20,20,13,8,,0.00,0,,54
1976-6-21,88,74,60,64,59,53,83,57,42,30.00,29.94,29.86,20,20,20,14,6,,0.00,1,,157
1976-6-22,91,82,73,72,69,64,93,70,43,29.98,29.90,29.80,20,14,5,16,10,31,0.00,5,Fog-Rain,172
1976-6-23,91,83,75,72,70,66,87,67,44,29.91,29.84,29.75,15,12,7,20,15,30,0.00,5,,179
1976-6-24,91,83,75,73,71,69,90,69,48,29.86,29.83,29.77,20,14,10,15,12,25,0.00,4,Rain,179
1976-6-25,84,75,66,72,68,66,97,74,55,30.00,29.92,29.85,20,11,4,16,9,25,0.92,5,Fog-Rain,76
1976-6-26,89,81,73,75,73,70,97,85,59,30.04,29.98,29.91,20,14,5,14,7,,1.50,6,Rain-Thunderstorm,152
1976-6-27,89,80,72,74,71,68,100,75,50,30.17,30.11,30.04,20,16,7,10,6,,0.00,4,,156
1976-6-28,90,82,73,73,70,65,93,70,45,30.13,30.07,29.99,20,16,10,12,6,,0.00,4,,178
1976-6-29,91,82,72,72,69,66,93,67,44,30.03,29.98,29.89,20,17,10,13,7,,0.00,2,,192
1976-6-30,91,82,73,69,68,66,85,62,44,30.01,29.96,29.90,20,18,15,10,8,,0.00,1,,191
1976-7-1,91,82,72,71,68,62,93,65,47,30.04,29.96,29.90,20,17,10,16,9,21,0.00,3,,184
1976-7-2,91,82,72,72,69,67,93,67,45,30.00,29.95,29.88,20,17,10,22,9,26,0.00,3,,175
1976-7-3,91,82,73,73,71,69,94,71,50,30.06,29.98,29.92,20,15,7,17,9,21,0.00,6,Rain,174
1976-7-4,79,76,73,74,73,69,97,89,79,30.06,30.01,29.96,15,8,2,12,7,,1.77,8,Fog-Rain,124
1976-7-5,82,77,72,73,71,67,100,84,58,30.05,29.99,29.92,20,10,0,14,6,,0.01,6,Fog-Rain,58
1976-7-6,81,76,71,71,70,68,96,82,67,30.02,29.98,29.93,20,13,10,18,4,,0.03,7,Rain,104
1976-7-7,86,78,71,72,69,67,96,79,53,30.09,30.02,29.97,15,10,1,14,5,,0.00,6,Fog,87
1976-7-8,77,74,71,71,70,69,97,89,79,30.11,30.06,30.01,20,11,5,8,5,,0.04,8,Rain,185
1976-7-9,79,75,71,73,71,70,97,89,77,30.12,30.06,30.02,15,10,6,13,6,,0.09,8,Rain,131
1976-7-10,82,76,70,72,70,68,97,84,67,30.13,30.07,30.03,15,10,2,18,9,,0.66,8,Fog-Rain,127
1976-7-11,82,77,72,75,72,68,97,85,71,30.09,30.04,30.01,15,8,4,14,8,,0.01,8,Fog-Rain,143
1976-7-12,86,80,73,74,72,67,97,83,61,30.06,30.00,29.92,15,9,3,10,7,,0.01,8,Fog-Rain,140
1976-7-13,84,78,73,73,70,67,93,81,55,29.98,29.95,29.91,15,10,2,16,5,25,0.26,8,Rain,179
1976-7-14,81,76,71,72,70,68,96,87,67,30.04,29.98,29.92,20,11,4,15,7,,0.73,8,Rain,155
1976-7-15,84,78,71,75,72,69,100,90,72,30.11,30.04,30.00,15,8,0,21,7,36,0.31,7,Fog-Rain-Thunderstorm,146
1976-7-16,87,80,73,76,73,69,100,86,67,30.16,30.09,30.02,20,11,2,13,6,,0.31,7,Fog-Rain,153
1976-7-17,88,80,73,75,72,69,100,77,55,30.13,30.05,29.97,10,8,5,12,5,,0.00,6,Fog,163
1976-7-18,90,82,75,74,71,67,94,73,46,30.08,30.04,29.99,10,9,6,15,9,,0.00,5,Fog,180
1976-7-19,90,82,73,73,70,66,94,72,46,30.14,30.10,30.05,10,9,7,16,9,21,0.00,3,,177
1976-7-20,89,81,73,73,69,65,97,71,45,30.16,30.12,30.06,20,16,6,13,8,,0.00,3,Fog,180
1976-7-21,87,80,72,72,69,67,93,78,53,30.17,30.10,30.02,20,13,4,26,5,40,0.14,6,Fog-Rain-Thunderstorm,161
1976-7-22,90,81,72,74,70,68,94,74,50,30.13,30.08,30.03,20,13,5,13,5,,0.00,5,Fog,139
1976-7-23,90,81,72,74,71,67,97,75,48,30.21,30.14,30.10,20,12,2,16,5,,0.00,5,Fog-Rain-Thunderstorm,151
1976-7-24,91,82,72,71,69,66,93,71,44,30.20,30.12,30.02,20,15,7,14,3,31,0.03,4,Rain-Thunderstorm,178
1976-7-25,91,82,73,69,67,64,82,64,43,30.08,30.03,29.96,20,16,10,13,6,,0.00,4,,257
1976-7-26,91,82,72,70,68,66,87,65,45,30.07,30.01,29.95,15,13,10,10,5,,0.00,1,,179
1976-7-27,90,80,71,71,69,67,93,69,46,30.06,29.99,29.90,20,16,8,12,7,,0.00,2,,185
1976-7-28,93,83,73,72,70,68,93,67,45,30.00,29.95,29.87,20,16,8,15,9,24,0.00,1,,188
1976-7-29,93,83,73,72,70,67,91,67,42,30.01,29.96,29.89,20,17,15,14,9,,0.00,2,,192
1976-7-30,93,83,73,73,70,66,93,67,44,30.02,29.97,29.91,20,18,15,14,9,,0.00,2,,185
1976-7-31,93,84,75,72,71,69,90,68,45,30.02,29.98,29.90,20,17,15,13,8,,0.00,2,,190
1976-8-1,95,84,73,72,69,66,87,64,40,29.99,29.95,29.87,20,18,15,8,6,,0.00,0,,186
1976-8-2,97,86,75,73,70,67,90,63,37,30.06,29.97,29.92,20,17,15,17,7,25,0.00,2,,170
1976-8-3,91,83,75,72,67,64,84,61,43,30.18,30.11,30.06,15,10,6,12,8,,0.00,2,,98
1976-8-4,91,80,70,68,66,63,78,61,44,30.14,30.07,29.98,15,9,6,10,6,,0.00,1,,104
1976-8-5,93,83,73,69,67,62,85,59,41,30.01,29.96,29.91,10,9,5,13,7,,0.00,0,,191
1976-8-6,93,83,73,73,69,66,90,62,40,30.07,30.00,29.95,20,15,6,12,8,,0.00,1,,193
1976-8-7,98,86,75,75,67,62,76,54,31,30.06,30.01,29.94,20,17,15,9,6,,0.00,0,,212
1976-8-8,100,88,75,69,66,61,74,52,28,30.01,29.97,29.92,20,20,20,12,6,,0.00,2,,232
1976-8-9,100,88,75,69,67,60,79,52,28,29.98,29.95,29.91,20,16,10,12,5,,0.00,2,,164
1976-8-10,98,86,75,72,70,67,87,59,36,30.05,30.00,29.96,20,12,7,12,5,,0.00,2,,148
1976-8-11,91,82,73,71,65,57,90,60,31,30.17,30.09,30.02,10,9,4,13,8,,0.00,1,,158
1976-8-12,93,82,70,72,66,61,97,63,34,30.14,30.08,29.99,10,9,3,14,6,,0.00,1,Fog,181
1976-8-13,95,84,73,73,69,64,93,63,36,30.02,29.96,29.86,15,12,8,14,7,,0.00,2,,181
1976-8-14,95,84,73,73,69,63,93,64,34,29.98,29.90,29.83,20,17,8,15,9,23,0.00,2,,187
1976-8-15,95,84,73,74,70,65,97,67,37,29.99,29.94,29.88,20,17,8,15,9,,0.00,3,,178
1976-8-16,93,83,73,74,71,69,94,74,45,30.07,30.02,29.97,20,16,7,17,7,,0.00,5,,138
1976-8-17,90,82,73,74,70,66,93,76,50,30.13,30.06,30.01,20,14,8,13,3,,0.00,6,Rain-Thunderstorm,137
1976-8-18,95,84,73,71,69,64,87,65,36,30.04,29.98,29.89,20,15,10,15,5,26,0.00,5,,78
1976-8-19,93,82,72,71,66,60,91,64,33,30.04,29.98,29.95,15,9,5,16,6,,0.00,4,,95
1976-8-20,91,82,72,68,63,55,84,57,30,30.09,30.03,29.99,10,8,4,12,5,,0.00,4,,100
1976-8-21,91,80,68,67,62,55,87,56,30,30.11,30.04,29.98,10,9,7,9,5,,0.00,1,,175
1976-8-22,90,81,72,67,64,60,84,59,37,30.11,30.04,29.99,10,8,7,9,6,,0.00,2,,190
1976-8-23,93,82,70,69,64,57,90,58,31,30.07,30.01,29.94,10,10,10,12,5,,0.00,1,,175
1976-8-24,93,82,71,69,65,61,84,59,35,30.04,29.98,29.92,15,12,10,12,6,,0.00,2,,161
1976-8-25,93,82,70,70,66,62,90,62,37,30.07,30.01,29.94,20,18,10,10,6,,0.00,2,,186
1976-8-26,93,82,71,71,68,65,90,69,39,30.06,30.00,29.92,20,19,5,15,5,24,0.57,2,Rain-Thunderstorm,191
1976-8-27,93,82,72,71,68,64,93,66,37,30.00,29.96,29.89,20,19,15,12,6,,0.00,0,,183
1976-8-28,93,82,72,72,68,65,93,67,39,30.09,30.03,29.97,20,19,10,15,7,,0.00,3,Thunderstorm,155
1976-8-29,90,82,73,73,69,66,87,72,45,30.15,30.09,30.04,20,18,5,14,5,,0.15,7,Rain-Thunderstorm,34
1976-8-30,86,79,72,73,71,68,97,83,61,30.17,30.09,30.03,15,8,5,14,7,,0.08,7,Fog-Rain-Thunderstorm,50
1976-8-31,91,82,72,73,70,64,97,78,42,30.06,29.99,29.90,15,10,3,20,6,25,0.02,5,Fog-Rain-Thunderstorm,93
1976-9-1,91,82,73,74,71,67,93,78,47,30.00,29.94,29.91,20,14,5,17,6,,0.00,6,Fog,185
1976-9-2,81,76,72,75,73,70,97,88,77,30.11,30.03,29.98,15,11,0,12,5,,0.04,8,Fog-Rain-Thunderstorm,106
1976-9-3,91,82,73,75,72,67,100,76,46,30.07,30.02,29.94,20,14,5,15,7,,0.00,5,Fog,182
1976-9-4,91,82,73,74,71,67,97,71,44,30.04,29.98,29.91,20,17,10,12,7,,0.00,2,,179
1976-9-5,93,83,73,75,71,65,97,68,38,29.99,29.95,29.88,20,19,15,13,5,,0.00,1,,194
1976-9-6,91,82,72,71,68,63,91,66,40,30.00,29.94,29.88,20,16,10,10,4,,0.00,2,,68
1976-9-7,91,81,71,72,68,64,90,66,41,30.00,29.95,29.89,15,12,8,9,4,,0.00,3,,126
1976-9-8,91,81,71,73,68,64,96,66,39,30.10,30.03,29.91,15,10,4,10,5,,0.00,2,Fog,158
1976-9-9,93,82,72,73,68,63,91,67,38,30.25,30.16,30.10,20,16,10,18,6,26,0.06,2,Rain,20
1976-9-10,84,76,69,65,61,56,78,61,43,30.25,30.19,30.11,20,18,15,14,11,,0.00,5,,31
1976-9-11,87,76,64,62,58,54,73,57,41,30.13,30.04,29.92,20,19,15,9,6,,0.00,5,,104
1976-9-12,89,79,69,69,66,63,87,67,45,29.99,29.94,29.88,15,10,4,13,7,,0.00,3,,141
1976-9-13,86,79,72,71,69,67,87,74,53,30.09,30.02,29.96,20,11,7,13,8,,0.00,6,,133
1976-9-14,90,80,71,72,70,66,93,79,45,30.15,30.09,30.04,20,10,5,15,5,23,0.03,3,Fog-Rain-Thunderstorm,100
1976-9-15,89,80,71,72,69,65,96,74,45,30.12,30.06,29.97,20,14,7,10,2,,0.00,3,,118
1976-9-16,91,82,72,71,68,64,91,68,41,30.10,30.04,29.97,20,15,10,9,5,,0.00,2,,195
1976-9-17,90,80,70,70,68,65,90,67,45,30.10,30.04,29.97,15,14,7,13,6,,0.00,3,,193
1976-9-18,89,80,71,71,68,65,93,72,46,30.08,30.01,29.91,20,11,2,12,6,,0.00,4,Fog,155
1976-9-19,81,76,72,75,71,69,93,86,72,29.98,29.93,29.86,20,10,7,9,6,,0.06,8,Rain,136
1976-9-20,78,76,73,73,71,66,96,87,68,29.95,29.91,29.87,15,9,1,18,6,,0.46,7,Fog-Rain,38
1976-9-21,82,74,66,67,57,47,81,58,31,30.01,29.96,29.90,20,16,10,16,14,,0.00,3,,14
1976-9-22,82,68,55,56,51,48,78,53,31,30.04,29.97,29.91,20,20,20,10,7,,0.00,2,,45
1976-9-23,87,73,59,61,57,55,90,60,33,30.02,29.98,29.94,20,16,10,10,3,,0.00,3,,160
1976-9-24,89,76,63,67,61,57,93,63,37,30.09,30.00,29.91,15,13,6,9,3,,0.00,1,,139
1976-9-25,89,78,66,67,60,55,84,59,31,29.95,29.86,29.75,15,11,6,12,3,20,0.00,3,,167
1976-9-26,93,82,70,74,70,62,97,82,49,29.82,29.76,29.66,15,9,4,23,8,32,0.07,5,Fog-Rain,188
1976-9-27,84,75,66,69,68,67,100,79,58,29.91,29.84,29.79,15,12,7,9,5,,0.59,4,,62
1976-9-28,73,68,63,69,63,61,97,85,70,30.04,29.97,29.88,15,8,3,22,11,28,1.10,8,Fog-Rain-Thunderstorm,14
1976-9-29,75,68,62,63,57,55,90,70,50,30.06,30.02,29.98,20,17,10,17,8,,0.00,5,,17
1976-9-30,82,70,57,61,57,56,96,69,41,30.11,30.04,29.98,20,16,10,7,4,,0.00,1,,195
1976-10-1,86,72,59,61,58,56,93,64,36,30.07,30.01,29.96,20,18,10,8,4,,0.00,0,,204
1976-10-2,84,73,62,61,58,53,93,62,35,30.01,29.94,29.87,20,18,10,10,5,,0.00,4,,185
1976-10-3,84,74,64,65,63,59,93,70,51,29.91,29.85,29.79,20,17,15,16,8,,0.00,3,,178
1976-10-4,84,75,66,72,67,63,97,84,58,29.85,29.80,29.73,15,8,1,17,6,32,0.47,5,Fog-Rain-Thunderstorm,165
1976-10-5,73,67,61,64,58,53,96,76,53,30.09,29.94,29.83,20,17,5,21,13,26,0.08,5,Rain-Thunderstorm,341
1976-10-6,72,62,52,52,47,44,86,63,37,30.13,30.04,29.94,20,20,20,15,11,21,0.00,1,,23
1976-10-7,66,58,51,50,47,44,96,73,48,30.25,30.09,29.98,20,16,7,21,10,31,0.13,5,Rain,24
1976-10-8,63,54,46,47,40,36,93,63,37,30.30,30.23,30.15,20,19,15,23,16,26,0.00,6,,339
1976-10-9,75,58,41,49,43,39,93,62,31,30.19,30.11,30.03,20,20,20,9,6,,0.00,0,,224
1976-10-10,84,68,51,54,51,48,89,62,31,30.12,30.06,30.01,20,20,20,9,3,,0.00,0,,207
1976-10-11,82,68,53,54,51,48,93,60,29,30.10,30.06,30.02,20,20,20,16,5,,0.00,1,,187
1976-10-12,79,67,55,60,57,54,97,74,46,30.16,30.11,30.07,20,13,3,16,5,,0.00,3,Fog,148
1976-10-13,82,71,60,65,59,55,97,75,42,30.21,30.14,30.07,15,11,4,8,3,,0.00,3,Fog,88
1976-10-14,80,68,57,63,58,55,96,70,42,30.09,29.99,29.88,15,10,4,12,3,,0.00,2,Fog-Rain,167
1976-10-15,66,64,63,65,63,59,100,93,76,29.96,29.91,29.86,10,6,0,9,6,,0.94,8,Fog-Rain-Thunderstorm,129
1976-10-16,63,58,54,63,53,46,100,83,64,30.23,30.08,29.95,15,12,7,20,11,25,0.00,8,,336
1976-10-17,66,58,51,49,45,39,86,64,47,30.31,30.23,30.17,20,17,10,14,10,20,0.00,2,,35
1976-10-18,72,59,46,58,50,44,90,72,53,30.18,30.09,29.97,20,15,10,14,4,20,0.00,1,,155
1976-10-19,63,54,46,58,48,35,93,80,53,30.32,30.15,30.01,20,13,4,23,11,31,0.75,6,Fog-Rain,4
1976-10-20,62,50,39,39,35,32,79,58,32,30.43,30.34,30.27,20,19,15,16,8,,0.00,2,,346
1976-10-21,64,52,39,45,38,35,93,65,33,30.36,30.28,30.19,20,17,10,10,5,,0.00,3,,179
1976-10-22,0,57,48,62,53,40,90,83,66,30.22,30.15,30.07,20,10,4,15,5,,0.05,6,Fog-Rain,121
1976-10-23,75,70,64,68,65,62,100,90,73,30.07,30.01,29.97,10,7,4,14,9,20,0.26,8,Fog-Rain,166
1976-10-24,68,66,63,67,64,63,100,97,96,30.01,29.96,29.89,10,7,3,15,9,22,0.50,8,Fog-Rain,183
1976-10-25,68,60,52,62,51,47,97,74,50,30.08,30.01,29.96,15,15,10,16,10,23,0.12,3,,345
1976-10-26,60,53,46,54,51,47,100,90,78,30.08,30.02,29.98,15,7,2,9,6,,0.00,6,Fog,107
1976-10-27,55,54,52,53,48,43,90,80,69,30.27,30.14,30.04,10,7,5,17,11,23,0.00,8,Fog-Rain,62
1976-10-28,52,48,45,45,42,40,93,84,71,30.38,30.31,30.27,20,8,3,15,13,22,0.49,8,Fog-Rain,38
1976-10-29,52,48,45,47,45,42,100,92,80,30.25,30.05,29.96,20,9,2,20,12,28,1.32,7,Fog-Rain,342
1976-10-30,70,54,37,52,45,36,100,78,46,30.20,30.08,30.02,20,16,10,9,5,,0.00,0,,300
1976-10-31,64,54,45,50,47,43,97,78,56,30.36,30.28,30.21,20,19,10,12,8,,0.00,0,,23
1976-11-1,66,55,44,49,46,42,97,75,48,30.32,30.27,30.22,15,13,7,8,5,,0.00,1,,33
1976-11-2,72,58,43,50,47,41,93,72,41,30.35,30.28,30.23,20,15,6,8,4,,0.00,0,Fog,295
1976-11-3,75,60,46,53,49,45,93,67,36,30.30,30.24,30.17,20,17,10,14,6,,0.00,0,,334
1976-11-4,72,62,52,49,40,34,72,50,27,30.26,30.21,30.15,20,18,15,13,9,,0.00,2,,18
1976-11-5,66,54,42,44,36,30,71,51,33,30.37,30.28,30.22,20,20,20,12,8,,0.00,0,,102
1976-11-6,73,60,46,57,50,44,100,74,46,30.29,30.24,30.17,20,12,0,15,5,23,0.00,1,Fog,194
1976-11-7,75,63,51,57,50,32,97,71,39,30.46,30.36,30.25,20,13,5,18,7,22,0.00,2,,335
1976-11-8,66,56,45,46,35,28,75,48,34,30.48,30.37,30.26,20,20,20,16,11,,0.00,1,,109
1976-11-9,75,62,48,59,53,47,100,79,50,30.24,30.14,30.04,20,12,5,18,7,,0.00,6,Fog,189
1976-11-10,75,65,55,63,59,56,100,82,56,30.10,30.02,29.94,15,9,0,14,4,,0.00,4,Fog,172
1976-11-11,77,61,45,65,58,40,100,83,60,30.20,29.97,29.86,15,8,2,29,11,34,0.01,7,Fog-Rain,188
1976-11-12,46,42,36,40,35,30,89,75,58,30.42,30.32,30.21,15,12,7,23,19,34,0.17,8,Rain,15
1976-11-13,36,34,33,33,31,30,96,91,86,30.47,30.38,30.28,15,6,2,21,16,24,0.31,8,Fog-Rain-Thunderstorm,14
1976-11-14,44,38,32,32,30,28,96,79,60,30.29,30.16,30.05,20,16,10,16,10,,0.00,5,,4
1976-11-15,39,34,28,34,32,28,96,91,82,30.22,30.13,30.06,15,9,4,12,5,,0.00,6,Fog,39
1976-11-16,42,38,35,37,35,32,93,84,76,30.36,30.27,30.21,8,7,5,15,10,,0.05,7,Fog-Rain,19
1976-11-17,50,44,37,39,37,34,97,82,66,30.41,30.31,30.24,15,8,5,13,10,,0.03,7,Fog-Rain,352
1976-11-18,57,50,43,48,42,37,97,77,46,30.27,30.18,30.09,15,12,5,10,4,,0.10,8,Fog-Rain,194
1976-11-19,55,52,48,55,52,48,100,98,93,30.08,29.97,29.90,10,4,1,7,4,,0.55,8,Fog-Rain,178
1976-11-20,75,64,53,60,56,53,100,83,48,29.99,29.90,29.84,20,12,0,10,6,,0.00,3,Fog,305
1976-11-21,60,54,48,57,40,31,93,60,36,30.35,30.21,30.01,20,14,7,23,12,29,0.00,4,,8
1976-11-22,57,50,42,31,27,22,60,44,25,30.48,30.38,30.31,20,18,15,13,8,,0.00,3,,84
1976-11-23,54,48,43,47,40,32,86,72,62,30.37,30.32,30.28,20,18,8,8,5,,0.00,7,,121
1976-11-24,62,56,51,57,52,47,93,84,77,30.32,30.26,30.19,10,10,7,9,4,,0.00,8,,157
1976-11-25,63,61,59,62,60,58,100,96,93,30.17,29.96,29.81,10,6,2,16,8,23,0.44,8,Fog-Rain,170
1976-11-26,81,72,61,63,60,56,100,79,42,29.78,29.70,29.61,20,15,7,20,11,23,0.00,4,,199
1976-11-27,60,48,36,57,35,23,97,71,59,30.18,30.01,29.74,20,16,10,21,13,30,0.00,6,,358
1976-11-28,36,31,26,23,16,10,75,56,38,30.39,30.26,30.17,20,17,7,24,19,34,0.01,6,Rain,353
1976-11-29,45,33,21,18,14,10,74,47,26,30.50,30.42,30.35,20,20,20,12,7,,0.00,0,,318
1976-11-30,54,40,25,25,21,16,85,56,22,30.51,30.41,30.34,20,19,7,9,4,,0.00,0,,218
1976-12-1,57,42,28,42,31,23,93,69,39,30.39,30.30,30.24,20,17,10,7,2,,0.00,2,,109
1976-12-2,57,46,35,40,29,25,82,55,31,30.48,30.38,30.30,20,19,15,17,10,24,0.00,0,,316
1976-12-3,68,49,30,32,28,26,88,51,21,30.29,30.19,30.09,20,20,20,14,2,,0.00,0,,177
1976-12-4,66,50,33,43,33,29,89,56,26,30.26,30.17,30.12,20,18,15,7,1,,0.00,1,,140
1976-12-5,60,57,54,60,55,46,100,95,72,30.16,30.00,29.84,20,5,0,17,6,23,0.55,8,Fog-Rain,120
1976-12-6,63,52,41,62,50,33,100,88,73,30.15,29.91,29.76,20,12,2,23,12,31,0.12,8,Fog-Rain,317
1976-12-7,48,39,30,33,22,16,77,52,29,30.26,30.20,30.14,20,20,20,24,14,33,0.00,1,,333
1976-12-8,62,47,32,34,30,24,85,57,28,30.35,30.29,30.25,20,20,20,12,3,,0.11,0,,180
1976-12-9,64,50,36,54,43,31,87,77,65,30.33,30.24,30.14,20,19,15,15,5,,0.00,5,Rain,167
1976-12-10,64,60,57,63,60,54,100,96,89,30.13,30.07,30.02,15,4,0,17,7,29,0.10,8,Fog-Rain,168
1976-12-11,48,42,37,48,38,35,97,91,79,30.23,30.18,30.11,10,7,4,21,17,30,0.62,8,Rain,340
1976-12-12,52,46,41,45,41,36,93,82,71,30.26,30.19,30.13,10,10,7,15,8,,0.11,8,Rain,356
1976-12-13,54,50,45,46,43,39,97,81,71,30.31,30.26,30.18,15,8,2,18,13,22,0.02,7,Fog-Rain,17
1976-12-14,51,48,45,46,45,43,97,89,80,30.24,30.16,30.09,10,8,0,13,7,,0.02,8,Fog-Rain,18
1976-12-15,53,50,46,50,48,46,100,91,86,30.17,30.11,30.07,10,7,2,9,6,,0.00,8,Fog,20
1976-12-16,64,54,45,49,43,38,97,69,37,30.28,30.21,30.17,20,15,10,10,7,,0.00,2,,334
1976-12-17,64,54,44,51,45,41,90,77,46,30.22,30.15,30.09,15,15,15,7,3,,0.00,7,Rain,249
1976-12-18,62,57,52,58,54,49,97,89,78,30.21,30.14,30.11,15,10,1,12,1,,0.02,8,Fog-Rain,173
1976-12-19,63,60,57,63,61,58,100,100,100,30.11,30.02,29.92,10,3,0,21,2,30,0.11,7,Fog-Rain,214
1976-12-20,54,45,35,44,26,15,69,50,37,30.45,30.31,30.06,20,18,15,25,18,33,0.00,1,,357
1976-12-21,42,35,28,21,16,13,58,46,32,30.51,30.41,30.27,20,20,20,15,7,,0.10,3,,38
1976-12-22,50,44,37,42,32,23,90,68,51,30.26,30.17,30.08,20,18,6,12,6,,0.00,8,,180
1976-12-23,57,47,36,44,36,29,100,69,34,30.31,30.22,30.15,20,14,5,14,4,,0.00,3,Fog,16
1976-12-24,55,44,32,53,42,30,100,86,72,30.20,30.06,29.94,15,9,1,9,2,,0.01,5,Fog,177
1976-12-25,61,53,43,55,44,27,100,75,43,30.26,29.98,29.87,20,11,0,23,6,31,0.00,7,Fog,315
1976-12-26,64,49,34,32,28,24,73,47,23,30.35,30.26,30.17,20,20,20,15,9,,0.00,3,,275
1976-12-27,64,50,37,40,33,30,76,54,31,30.15,29.93,29.73,20,20,20,18,6,25,0.00,4,,189
1976-12-28,68,55,42,41,33,27,89,49,24,30.12,29.87,29.66,20,20,20,23,11,31,0.00,2,,340
1976-12-29,64,50,35,36,30,25,85,52,22,30.12,30.01,29.87,20,20,20,18,5,24,0.00,4,,202
1976-12-30,71,54,34,54,41,8,89,64,27,30.06,29.81,29.68,20,15,10,22,11,30,0.00,5,,188
1976-12-31,33,26,19,9,3,-3,45,35,31,30.26,30.18,30.08,20,19,15,23,17,30,0.00,4,,13
