
CDT,Max TemperatureF,Mean TemperatureF,Min TemperatureF,Max Dew PointF,MeanDew PointF,Min DewpointF,Max Humidity, Mean Humidity, Min Humidity, Max Sea Level PressureIn, Mean Sea Level PressureIn, Min Sea Level PressureIn, Max VisibilityMiles, Mean VisibilityMiles, Min VisibilityMiles, Max Wind SpeedMPH, Mean Wind SpeedMPH, Max Gust SpeedMPH,PrecipitationIn, CloudCover, Events, WindDirDegrees
2014-1-1,69,54,39,51,42,30,83,68,52,30.25,30.11,30.01,10,10,8,13,4,22,0.00,3,,196
2014-1-2,55,44,33,39,26,19,83,55,26,30.49,30.37,30.15,10,10,9,21,8,31,0.00,1,,350
2014-1-3,58,43,28,37,22,18,75,49,22,30.48,30.35,30.14,10,10,10,14,4,21,0.00,0,,171
2014-1-4,71,57,42,55,48,38,89,68,47,30.12,29.95,29.81,10,10,8,16,7,28,0.00,2,,180
2014-1-5,59,47,34,54,32,15,87,59,31,30.48,30.08,29.79,10,10,4,21,10,34,0.00,2,,338
2014-1-6,36,29,22,15,8,2,50,38,26,30.80,30.68,30.50,10,10,10,17,7,27,0.00,0,,6
2014-1-7,48,35,22,29,11,4,68,43,17,30.66,30.52,30.36,10,10,10,13,5,22,0.00,4,,175
2014-1-8,53,47,40,51,45,30,93,75,57,30.33,30.20,30.12,10,2,1,12,1,18,0.16,8,Rain,144
2014-1-9,70,62,53,60,55,50,93,80,66,30.18,30.11,30.00,10,4,0,12,3,19,0.00,8,Fog,152
2014-1-10,72,65,57,64,61,54,93,81,68,29.97,29.87,29.75,10,8,1,13,6,21,0.10,6,Rain,198
2014-1-11,75,62,48,54,37,20,93,53,13,30.16,30.06,29.87,10,9,5,12,3,19,0.00,1,,334
2014-1-12,67,57,46,58,47,33,84,68,52,30.12,30.01,29.90,10,10,10,15,4,24,0.01,3,Rain,176
2014-1-13,71,57,43,60,36,17,87,51,14,30.16,30.01,29.86,10,9,7,17,7,29,0.00,2,,321
2014-1-14,76,57,37,31,25,20,70,41,12,30.34,30.13,30.01,10,10,10,16,5,29,0.00,0,,306
2014-1-15,64,52,40,29,23,16,49,35,21,30.47,30.33,30.17,10,10,10,14,4,21,0.00,0,,310
2014-1-16,72,56,40,31,27,23,55,38,20,30.21,30.13,30.06,10,10,10,14,4,20,0.00,0,,302
2014-1-17,64,54,43,31,20,15,45,31,17,30.37,30.29,30.21,10,10,9,14,5,21,0.00,0,,20
2014-1-18,70,54,37,41,33,23,59,45,31,30.26,30.19,30.10,10,10,10,12,2,19,0.00,0,,227
2014-1-19,72,59,45,41,30,18,64,39,14,30.35,30.22,30.12,10,10,10,9,3,16,0.00,0,,297
2014-1-20,82,64,46,51,36,23,71,44,17,30.16,30.00,29.85,10,10,10,16,5,26,0.00,0,,262
2014-1-21,63,51,38,28,23,19,59,39,19,30.43,30.31,30.19,10,10,10,15,6,25,0.00,0,,347
2014-1-22,70,54,37,39,27,24,70,45,19,30.23,30.11,30.01,10,10,10,12,4,18,0.00,0,,171
2014-1-23,56,42,27,42,29,20,78,64,50,30.73,30.47,30.06,10,8,2,20,9,31,0.06,7,Rain-Snow,8
2014-1-24,40,33,26,22,17,10,81,60,39,30.76,30.63,30.40,10,9,3,16,5,24,0.05,6,,336
2014-1-25,70,48,26,38,27,22,85,53,20,30.38,30.19,30.02,10,10,8,8,1,14,0.00,0,,265
2014-1-26,76,60,43,45,39,33,76,52,27,30.00,29.84,29.69,10,10,10,12,3,20,0.00,1,,211
2014-1-27,60,47,34,43,23,5,66,44,21,30.28,30.09,29.81,10,10,10,21,9,32,0.02,2,Rain,355
2014-1-28,39,33,27,19,14,7,69,48,27,30.51,30.40,30.27,10,10,10,15,6,23,0.05,4,Rain,2
2014-1-29,49,38,27,19,13,9,63,42,21,30.52,30.41,30.29,10,10,10,15,5,23,0.00,0,,167
2014-1-30,65,48,31,51,36,20,80,64,48,30.26,30.06,29.90,10,10,10,15,7,27,0.00,5,,182
2014-1-31,80,68,55,59,54,51,86,64,42,29.96,29.87,29.79,10,10,9,14,9,25,0.00,5,,180
2014-2-1,76,66,55,62,59,41,81,71,60,29.91,29.81,29.75,10,10,9,14,6,26,T,8,Rain,152
2014-2-2,55,45,35,40,33,27,79,69,59,30.27,30.09,29.90,10,8,4,18,11,29,0.02,8,Rain,354
2014-2-3,46,40,34,38,33,28,82,74,65,30.28,30.17,29.98,10,6,3,13,6,17,0.00,8,,14
2014-2-4,64,53,42,45,41,39,89,68,46,30.11,29.95,29.87,10,6,2,10,2,18,0.15,6,Rain,337
2014-2-5,48,40,31,42,26,16,80,60,39,30.50,30.37,30.13,10,10,10,16,10,24,0.00,3,,7
2014-2-6,32,29,26,17,15,13,58,54,49,30.57,30.48,30.42,10,10,10,15,8,23,0.00,8,,360
2014-2-7,38,34,29,29,24,17,78,68,58,30.41,30.32,30.24,10,7,2,8,3,12,0.00,8,,27
2014-2-8,65,51,37,42,36,29,85,63,40,30.26,30.17,30.03,10,7,3,14,5,21,0.00,4,,170
2014-2-9,76,59,41,53,45,38,96,70,44,30.12,30.05,29.93,10,5,0,13,4,20,0.00,3,Fog,178
2014-2-10,60,48,35,49,36,30,82,74,66,30.23,30.15,30.02,10,8,4,15,9,23,T,8,Rain,3
2014-2-11,36,35,33,31,29,27,89,80,70,30.30,30.24,30.19,9,5,1,15,9,23,0.10,8,Rain,354
2014-2-12,57,45,33,34,29,27,75,57,38,30.27,30.18,30.08,10,9,7,14,5,22,0.00,3,,326
2014-2-13,69,51,32,38,34,28,85,58,30,30.11,30.02,29.93,10,10,10,10,4,19,0.00,0,,184
2014-2-14,86,67,47,48,37,22,86,51,15,30.08,29.93,29.85,10,10,8,18,6,30,0.00,0,,347
2014-2-15,76,59,42,52,35,22,64,43,22,30.17,30.09,30.01,10,10,10,15,5,23,0.00,1,,154
2014-2-16,76,68,59,61,57,53,90,74,57,30.08,30.01,29.94,10,5,0,13,5,23,0.00,6,Fog,162
2014-2-17,81,70,58,62,50,29,87,52,17,30.12,30.03,29.92,10,8,2,15,5,23,0.00,5,,326
2014-2-18,82,69,55,63,53,32,78,55,32,30.10,30.00,29.89,10,10,9,13,4,20,0.00,5,,181
2014-2-19,82,73,63,62,60,59,93,70,47,29.93,29.85,29.72,10,9,2,15,7,25,0.00,6,,171
2014-2-20,83,70,57,64,50,27,81,48,15,30.09,29.85,29.71,10,9,7,16,8,28,0.00,5,,309
2014-2-21,72,57,41,33,27,22,67,43,19,30.21,30.11,30.03,10,10,10,14,5,20,0.00,0,,155
2014-2-22,77,63,48,57,46,30,73,53,32,30.05,29.96,29.87,10,10,10,14,6,22,0.00,2,,169
2014-2-23,86,74,62,61,56,44,84,57,29,30.05,29.95,29.88,10,10,7,15,4,24,0.00,4,,18
2014-2-24,76,66,55,63,51,43,81,65,49,30.10,30.04,29.99,10,9,5,12,4,18,0.00,4,,77
2014-2-25,71,62,52,65,60,47,93,85,77,30.06,30.01,29.95,10,4,1,12,5,20,T,8,Rain,105
2014-2-26,52,44,36,46,33,21,83,63,43,30.26,30.18,30.06,10,8,2,20,8,29,0.11,6,Rain,358
2014-2-27,59,45,31,32,27,21,82,56,29,30.22,30.10,29.94,10,10,10,12,3,17,0.00,0,,164
2014-2-28,80,62,44,50,46,35,83,60,37,29.92,29.85,29.75,10,10,7,13,6,21,0.00,1,,192
2014-3-1,82,68,53,65,57,48,93,74,54,30.02,29.95,29.87,10,7,0,16,5,27,0.00,5,Fog,160
2014-3-2,73,51,28,67,45,20,89,79,69,30.31,30.05,29.88,10,8,2,20,10,37,0.08,8,Rain,4
2014-3-3,47,36,24,27,20,12,75,56,37,30.44,30.33,30.25,10,9,4,18,10,29,0.08,5,Rain-Thunderstorm,10
2014-3-4,50,40,30,36,31,26,92,72,52,30.31,30.18,30.06,10,8,2,9,4,13,0.17,7,Rain,30
2014-3-5,53,46,38,43,39,35,86,76,66,30.18,30.06,29.99,10,7,4,13,3,16,0.00,6,,138
2014-3-6,65,54,43,42,38,35,89,62,34,30.28,30.18,30.08,10,8,4,13,4,20,0.00,2,,340
2014-3-7,67,53,39,50,42,36,86,65,44,30.10,29.99,29.88,10,9,5,16,6,22,0.00,0,,164
2014-3-8,59,52,44,57,49,39,93,88,83,30.30,30.09,29.90,10,3,1,14,4,21,0.74,8,Rain-Thunderstorm,346
2014-3-9,58,49,39,45,39,31,86,71,55,30.37,30.29,30.22,10,9,2,15,5,23,0.11,7,Rain,356
2014-3-10,71,61,50,56,51,45,84,69,53,30.25,30.08,29.94,10,9,4,12,3,17,0.01,7,Rain,212
2014-3-11,83,70,56,56,54,52,93,66,39,29.93,29.77,29.58,10,9,4,14,5,22,0.00,4,,192
2014-3-12,70,60,49,50,28,16,56,36,16,30.30,30.13,29.73,10,10,10,24,11,37,0.00,0,,351
2014-3-13,68,52,37,40,26,20,68,35,21,30.37,30.26,30.12,10,10,10,9,4,18,0.00,0,,150
2014-3-14,75,62,49,59,51,43,86,68,49,30.11,30.04,29.95,10,10,10,13,5,24,0.00,6,,174
2014-3-15,74,68,62,64,62,59,93,81,68,29.97,29.86,29.68,10,5,0,12,4,17,0.07,7,Fog-Rain,146
2014-3-16,64,56,48,58,45,32,93,66,39,30.07,29.90,29.70,10,10,10,24,11,36,0.00,4,,338
2014-3-17,68,55,41,31,26,20,53,36,18,30.06,29.94,29.78,10,10,10,16,6,26,0.00,1,,324
2014-3-18,83,65,47,56,42,31,73,49,24,29.83,29.74,29.67,10,10,10,18,8,26,0.00,0,,180
2014-3-19,72,62,51,55,37,28,80,52,24,30.21,30.07,29.88,10,9,6,15,6,26,0.00,2,,18
2014-3-20,76,59,42,40,36,31,82,52,21,30.25,30.15,30.04,10,10,10,10,2,15,0.00,0,,158
2014-3-21,80,67,54,60,54,41,93,69,45,30.03,29.95,29.83,10,8,0,17,7,27,0.00,4,Fog,170
2014-3-22,77,69,61,65,62,51,100,80,60,30.02,29.95,29.88,10,7,1,12,4,17,0.00,6,,179
2014-3-23,61,54,47,51,43,36,72,62,51,30.27,30.19,30.05,10,10,9,17,9,30,0.00,8,,8
2014-3-24,66,58,50,47,42,38,72,58,44,30.24,30.14,30.03,10,10,10,10,3,15,0.00,6,,72
2014-3-25,69,57,44,46,38,31,93,61,28,30.35,30.24,30.14,10,10,7,15,5,22,0.00,0,,53
2014-3-26,66,60,54,55,47,30,78,57,36,30.20,30.08,29.95,10,10,6,22,10,33,T,7,Rain,156
2014-3-27,82,72,61,68,63,56,100,78,55,29.95,29.83,29.73,10,7,1,16,8,26,0.01,6,Rain,175
2014-3-28,89,76,63,67,61,49,90,64,37,30.00,29.79,29.70,10,8,2,18,5,27,0.00,5,Thunderstorm,139
2014-3-29,77,64,51,48,40,30,68,43,18,30.28,30.18,30.04,10,10,10,13,5,21,0.00,0,,358
2014-3-30,79,62,45,51,43,38,83,56,29,30.22,30.13,30.01,10,10,10,20,8,30,0.00,1,,159
2014-3-31,85,73,60,62,57,53,90,65,40,30.01,29.93,29.83,10,10,10,16,9,27,0.00,5,,174
2014-4-1,86,76,66,67,64,62,93,71,48,29.99,29.92,29.82,10,8,4,17,8,28,0.00,6,,164
2014-4-2,82,76,70,69,67,63,97,78,58,29.90,29.80,29.69,10,9,4,16,9,30,T,8,Rain,165
2014-4-3,82,77,71,69,67,66,90,74,58,29.81,29.74,29.66,10,8,5,14,7,25,T,6,,172
2014-4-4,74,64,54,69,35,28,93,58,22,30.14,30.03,29.82,10,10,5,17,8,28,T,2,Rain,5
2014-4-5,65,60,54,46,38,33,60,48,36,30.08,29.99,29.88,10,10,10,10,4,17,T,4,,60
2014-4-6,61,57,52,51,49,45,96,76,55,29.89,29.81,29.75,10,7,2,12,5,19,0.20,8,Rain-Thunderstorm,358
2014-4-7,72,62,52,51,49,47,93,69,44,30.05,29.92,29.83,10,9,2,25,3,57,0.27,5,Rain-Thunderstorm,323
2014-4-8,77,64,50,50,38,27,96,57,18,30.20,30.14,30.05,10,10,10,22,8,37,0.00,0,,325
2014-4-9,84,65,45,51,42,37,77,51,24,30.27,30.17,30.06,10,10,10,13,6,22,0.00,0,,178
2014-4-10,87,72,57,59,53,48,90,59,27,30.11,30.01,29.91,10,10,10,17,10,31,0.00,2,,180
2014-4-11,85,73,61,61,59,56,90,65,40,30.04,29.98,29.88,10,10,7,16,8,25,0.00,3,,173
2014-4-12,85,75,65,63,62,60,87,66,44,29.99,29.91,29.80,10,10,9,20,10,30,0.00,6,,172
2014-4-13,78,73,68,68,66,61,90,79,67,29.85,29.76,29.62,10,9,8,18,7,29,T,7,,162
2014-4-14,73,58,43,69,46,32,90,65,39,30.27,29.96,29.67,10,8,0,22,10,38,1.34,6,Fog-Rain-Thunderstorm,345
2014-4-15,65,52,39,32,25,16,59,39,19,30.38,30.27,30.15,10,10,10,12,4,17,0.00,0,,55
2014-4-16,73,57,40,48,40,31,76,56,35,30.15,30.06,29.95,10,10,10,16,7,26,0.00,0,,170
2014-4-17,67,62,56,61,57,49,97,85,72,30.17,30.09,29.99,10,7,1,10,4,15,0.06,8,Rain,115
2014-4-18,78,69,59,61,57,51,93,68,43,30.23,30.17,30.09,10,6,2,9,2,16,0.01,6,Rain,22
2014-4-19,78,66,54,56,54,52,93,68,43,30.18,30.12,30.05,10,9,4,13,5,19,0.00,2,,134
2014-4-20,75,68,61,63,59,55,97,77,57,30.15,30.10,30.02,10,8,2,12,6,19,0.00,7,,144
2014-4-21,84,74,64,65,63,57,93,72,51,30.07,30.01,29.90,10,9,2,14,5,25,0.01,6,Rain-Thunderstorm,187
2014-4-22,87,75,63,63,58,55,87,61,35,30.03,29.96,29.90,10,10,10,12,3,20,0.00,0,,16
2014-4-23,87,73,59,64,61,57,90,68,46,29.93,29.85,29.75,10,10,10,17,7,29,0.00,2,,148
2014-4-24,87,75,66,66,63,62,88,77,49,29.87,29.81,29.76,10,10,9,12,8,26,0.00,6,,176