
CST,Max TemperatureF,Mean TemperatureF,Min TemperatureF,Max Dew PointF,MeanDew PointF,Min DewpointF,Max Humidity, Mean Humidity, Min Humidity, Max Sea Level PressureIn, Mean Sea Level PressureIn, Min Sea Level PressureIn, Max VisibilityMiles, Mean VisibilityMiles, Min VisibilityMiles, Max Wind SpeedMPH, Mean Wind SpeedMPH, Max Gust SpeedMPH,PrecipitationIn, CloudCover, Events, WindDirDegrees
1986-1-1,48,46,43,41,32,24,86,60,44,30.25,30.18,30.13,20,16,7,14,8,,0.07,7,Rain,33
1986-1-2,69,53,37,50,43,36,97,74,47,30.13,30.06,29.98,15,11,5,14,4,,0.00,2,Fog,197
1986-1-3,63,54,46,43,37,34,69,54,39,30.22,30.12,30.04,15,14,10,14,9,,0.00,4,,30
1986-1-4,66,57,46,51,36,19,83,53,24,30.44,30.12,29.98,20,14,6,24,8,33,0.00,2,,333
1986-1-5,52,44,35,21,19,16,54,39,25,30.57,30.45,30.29,20,20,20,20,11,28,0.00,3,,20
1986-1-6,62,48,33,47,35,20,86,64,51,30.27,30.04,29.88,20,18,10,16,6,25,0.00,3,,176
1986-1-7,53,46,37,50,41,29,100,87,65,30.45,30.15,29.93,15,4,0,26,11,37,0.06,7,Fog-Rain,25
1986-1-8,0,36,34,34,25,19,89,66,50,30.60,30.53,30.40,15,10,7,21,16,31,0.12,8,Rain-Snow,2
1986-1-9,46,40,34,29,24,18,79,57,33,30.57,30.46,30.36,20,15,9,14,10,,0.02,7,Rain,343
1986-1-10,62,49,36,31,29,26,82,51,25,30.37,30.33,30.29,20,20,20,12,8,,0.00,0,,316
1986-1-11,64,52,39,31,27,21,63,40,19,30.43,30.36,30.31,20,20,20,13,9,,0.00,0,,327
1986-1-12,72,58,43,37,33,29,68,47,27,30.39,30.32,30.27,20,20,20,15,8,,0.00,0,,292
1986-1-13,66,55,44,28,23,20,43,30,20,30.48,30.37,30.25,20,20,20,16,10,,0.00,0,,356
1986-1-14,71,53,35,35,31,28,76,48,24,30.24,30.19,30.12,20,19,10,13,3,17,0.00,2,,195
1986-1-15,71,56,41,53,44,34,83,66,51,30.26,30.18,30.12,20,13,10,17,4,25,0.00,4,,172
1986-1-16,68,61,54,60,56,52,97,88,68,30.21,30.17,30.12,15,10,6,12,3,,0.07,8,Fog-Rain-Thunderstorm,153
1986-1-17,69,62,55,58,56,55,100,88,63,30.22,30.15,30.08,15,9,3,10,3,,0.03,5,Fog-Rain,183
1986-1-18,73,64,54,59,56,52,100,85,59,30.18,30.08,30.00,20,7,0,15,6,,0.00,5,Fog,199
1986-1-19,73,60,46,54,41,32,93,56,24,30.20,30.12,30.04,20,18,5,13,8,,0.00,0,Fog,259
1986-1-20,79,61,43,52,47,41,93,64,36,30.05,30.00,29.92,20,19,15,17,5,23,0.00,0,,193
1986-1-21,77,64,51,59,56,51,100,77,50,30.09,29.97,29.92,20,10,0,23,9,31,0.00,4,Fog,194
1986-1-22,62,55,48,37,28,24,46,38,33,30.38,30.28,30.13,20,19,10,21,17,31,0.00,7,,6
1986-1-23,62,54,46,45,36,29,77,53,41,30.38,30.29,30.16,20,18,15,10,8,,0.00,4,,82
1986-1-24,66,58,50,58,53,46,93,84,70,30.13,30.04,29.96,15,8,2,14,8,25,0.00,6,Fog,187
1986-1-25,66,58,51,55,37,26,83,50,23,30.33,30.15,30.03,20,18,8,22,13,32,0.00,1,,344
1986-1-26,61,51,41,26,21,13,55,34,16,30.46,30.37,30.30,20,20,20,20,14,32,0.00,0,,321
1986-1-27,50,42,35,20,17,13,52,36,24,30.45,30.33,30.16,20,20,20,14,10,21,0.00,0,,32
1986-1-28,70,52,35,51,39,21,86,59,42,30.16,29.99,29.85,20,20,20,20,8,30,0.00,0,,194
1986-1-29,72,59,46,52,46,33,100,66,32,30.19,30.01,29.87,20,14,0,18,7,24,0.00,0,Fog,60
1986-1-30,72,59,46,58,41,28,86,52,40,30.28,30.19,30.13,20,16,15,16,10,,0.00,3,,37
1986-1-31,73,66,59,61,59,56,96,79,53,30.15,30.08,29.99,20,13,2,16,11,25,0.00,7,Fog,178
1986-2-1,75,70,64,64,62,60,93,80,58,30.13,30.07,30.03,20,14,10,17,11,25,0.00,8,,170
1986-2-2,73,68,64,65,64,61,97,83,68,30.18,30.10,30.00,15,11,3,13,10,18,0.00,8,Fog-Rain,163
1986-2-3,71,66,60,67,63,59,100,93,87,29.98,29.82,29.72,15,6,2,17,9,28,0.95,8,Fog-Rain-Thunderstorm,158
1986-2-4,77,67,57,59,55,48,100,73,37,29.76,29.72,29.68,20,14,4,10,7,,0.00,4,Fog,209
1986-2-5,60,56,51,58,53,48,100,88,69,29.85,29.78,29.73,20,8,0,20,5,26,0.00,5,Fog-Rain,244
1986-2-6,63,54,46,47,43,39,96,72,43,29.99,29.90,29.85,20,17,7,13,6,,0.00,1,,301
1986-2-7,62,52,43,54,47,41,93,83,72,29.96,29.89,29.80,20,12,7,14,7,21,0.00,6,,65
1986-2-8,54,46,37,49,35,30,86,78,67,30.18,30.08,29.97,15,12,7,24,17,33,0.07,8,Rain,10
1986-2-9,39,38,37,36,35,32,93,90,82,30.10,30.05,29.99,10,7,2,20,14,25,0.11,8,Fog-Rain,5
1986-2-10,37,34,32,35,30,23,97,81,67,30.19,30.07,29.99,15,10,2,22,17,26,0.00,8,Fog,346
1986-2-11,39,34,28,23,21,20,78,65,47,30.39,30.30,30.20,20,16,15,17,13,24,0.00,4,,14
1986-2-12,46,37,28,27,22,19,72,58,42,30.48,30.41,30.36,20,18,15,15,10,21,0.00,4,,42
1986-2-13,50,44,37,48,34,25,100,71,56,30.42,30.23,30.02,15,10,0,13,9,21,0.01,8,Fog,140
1986-2-14,68,58,48,56,47,37,100,70,43,30.19,30.05,29.96,20,14,0,18,12,26,0.00,5,Fog,300
1986-2-15,71,55,39,57,42,33,93,65,42,30.19,30.09,29.98,20,18,10,15,8,21,0.00,0,,147
1986-2-16,79,70,60,64,61,58,96,79,52,29.97,29.86,29.75,15,8,0,16,11,26,0.00,7,Fog,187
1986-2-17,82,68,55,58,45,32,100,54,16,29.87,29.80,29.75,20,12,0,17,5,26,0.00,3,Fog,278
1986-2-18,90,72,53,45,42,40,66,38,18,29.80,29.72,29.62,20,20,20,17,4,28,0.00,2,,253
1986-2-19,93,80,66,48,43,39,47,31,17,29.77,29.72,29.67,20,18,15,17,10,22,0.00,1,,281
1986-2-20,96,76,57,50,45,41,72,38,17,29.83,29.73,29.66,20,20,20,18,6,29,0.00,0,,217
1986-2-21,55,46,37,41,30,24,63,51,40,30.07,29.99,29.89,20,15,10,20,16,26,0.00,2,,7
1986-2-22,64,50,37,34,30,25,62,47,31,30.19,30.13,30.06,20,16,15,17,13,28,0.00,2,,356
1986-2-23,73,55,37,38,35,33,89,49,23,30.15,30.05,29.93,20,20,20,16,8,24,0.00,0,,218
1986-2-24,75,60,45,40,39,36,80,46,28,30.14,30.07,29.97,20,18,10,20,10,,0.00,0,,37
1986-2-25,84,68,52,46,43,41,69,45,22,30.14,30.05,29.96,20,20,20,10,6,,0.00,0,,241
1986-2-26,89,71,53,48,45,42,71,41,19,29.93,29.80,29.67,20,20,20,16,9,20,0.00,0,,193
1986-2-27,72,64,55,51,38,29,75,41,23,30.10,29.89,29.64,20,20,20,31,12,39,0.00,2,,5
1986-2-28,60,53,44,30,26,21,48,37,25,30.33,30.24,30.12,20,20,20,23,15,32,0.00,2,,356
1986-3-1,69,52,36,39,30,23,70,45,26,30.29,30.18,30.04,20,20,20,16,7,23,0.00,0,,202
1986-3-2,79,62,45,57,48,40,90,65,38,30.05,29.95,29.86,20,20,20,17,9,25,0.00,2,,176
1986-3-3,73,64,54,61,54,37,93,80,51,30.19,30.03,29.94,20,14,6,24,7,31,0.00,6,Rain,40
1986-3-4,72,60,48,41,38,36,74,48,27,30.30,30.21,30.15,20,20,20,15,9,20,0.00,0,,335
1986-3-5,78,63,48,44,41,39,74,47,26,30.16,30.02,29.92,20,20,20,18,9,26,0.00,1,,208
1986-3-6,73,63,53,43,33,27,59,36,18,30.25,30.13,30.04,20,18,15,18,9,23,0.00,0,,16
1986-3-7,75,60,44,49,42,33,79,54,35,30.08,30.00,29.91,20,20,20,15,5,26,0.00,3,,162
1986-3-8,78,68,57,62,58,51,97,77,48,30.06,29.99,29.91,20,12,3,16,7,25,0.00,6,Fog,168
1986-3-9,79,70,60,63,61,57,93,77,56,29.97,29.89,29.77,15,12,7,18,12,31,0.00,7,,177
1986-3-10,82,74,66,64,47,31,87,47,18,29.95,29.87,29.82,15,13,10,16,10,28,0.00,6,,62
1986-3-11,75,70,62,68,63,44,97,81,47,29.83,29.65,29.47,15,7,1,22,9,30,0.18,8,Fog-Rain-Thunderstorm,176
1986-3-12,80,67,54,54,39,28,78,41,16,29.68,29.61,29.55,20,18,15,16,7,28,0.00,2,,262
1986-3-13,72,60,48,45,39,34,64,46,28,29.82,29.72,29.66,20,16,10,21,7,39,0.01,4,Rain-Thunderstorm,289
1986-3-14,70,58,46,49,45,42,93,63,38,29.85,29.79,29.74,20,18,15,12,6,,0.00,4,,351
1986-3-15,79,66,54,54,43,31,90,53,17,29.93,29.85,29.78,20,19,10,16,6,28,0.08,4,Rain,272
1986-3-16,81,62,44,45,41,35,89,49,20,29.97,29.91,29.87,20,20,20,13,5,23,0.00,0,,177
1986-3-17,77,66,54,62,55,45,93,71,50,29.92,29.81,29.62,20,12,3,21,10,32,0.00,6,,162
1986-3-18,80,68,57,65,43,27,90,49,14,29.85,29.68,29.57,20,16,3,21,13,32,0.14,4,Fog-Rain,296
1986-3-19,64,56,48,37,31,25,56,40,26,30.20,30.04,29.87,20,20,20,21,17,29,0.00,3,,360
1986-3-20,64,54,45,31,29,26,53,39,25,30.49,30.37,30.22,20,20,20,17,14,24,0.00,2,,19
1986-3-21,70,56,43,36,33,30,65,46,24,30.58,30.50,30.41,20,20,20,13,7,20,0.00,0,,27
1986-3-22,72,56,41,45,40,35,82,56,34,30.51,30.42,30.31,20,18,15,15,6,23,0.00,0,,162
1986-3-23,73,59,45,49,46,44,97,65,38,30.42,30.36,30.30,20,16,7,16,7,21,0.00,0,,163
1986-3-24,75,62,48,50,48,44,97,64,34,30.45,30.36,30.27,20,16,7,14,6,22,0.00,2,,158
1986-3-25,75,62,50,53,50,48,100,66,37,30.31,30.24,30.15,20,15,5,18,9,26,0.00,3,Fog,147
1986-3-26,78,68,57,60,55,52,93,72,43,30.29,30.22,30.16,20,11,1,9,6,,0.00,6,Fog,145
1986-3-27,80,70,60,60,56,51,96,70,39,30.37,30.28,30.20,20,12,4,10,4,,0.00,5,Fog,129
1986-3-28,81,71,61,57,53,49,83,58,34,30.29,30.22,30.15,20,16,15,10,7,,0.00,1,,199
1986-3-29,78,66,53,54,50,47,83,56,37,30.19,30.13,30.06,15,14,7,15,8,22,0.00,3,,177
1986-3-30,79,68,57,60,56,52,97,68,39,30.12,30.06,29.98,15,12,2,14,7,22,0.00,4,Fog,162
1986-3-31,81,70,59,62,58,54,100,73,40,30.12,30.05,29.97,15,8,0,16,6,23,0.00,5,Fog,169
1986-4-1,81,72,64,63,61,60,93,71,49,30.09,30.01,29.93,15,13,7,16,10,,0.00,6,,178
1986-4-2,81,72,64,62,61,57,90,71,45,29.97,29.80,29.66,20,13,7,17,12,29,0.00,6,,165
1986-4-3,73,68,64,68,65,61,96,87,71,29.75,29.70,29.66,15,9,3,17,11,25,0.03,8,Fog-Rain,148
1986-4-4,82,75,68,69,66,63,96,79,51,29.88,29.83,29.75,10,9,2,14,9,20,0.02,7,Fog-Rain,159
1986-4-5,84,78,71,69,67,64,93,76,51,30.07,29.96,29.87,15,9,4,13,10,20,0.00,6,Fog-Rain,152
1986-4-6,75,72,69,70,68,66,93,85,76,30.12,30.07,30.02,15,10,5,10,6,,0.00,8,Fog-Rain,133
1986-4-7,86,78,69,69,67,65,90,74,49,30.11,30.04,29.94,15,10,6,14,6,,0.00,6,Fog,179
1986-4-8,91,80,70,71,68,63,90,72,45,29.99,29.92,29.82,10,10,7,21,10,30,0.33,7,Rain-Thunderstorm,178
1986-4-9,69,62,55,63,49,43,81,63,46,30.17,30.08,29.98,20,16,10,23,15,30,0.00,8,Rain-Thunderstorm,33
1986-4-10,55,54,52,54,49,43,93,84,64,30.12,30.03,29.95,15,10,1,15,7,,0.01,8,Fog-Rain-Thunderstorm,84
1986-4-11,73,64,55,67,61,55,100,92,76,29.96,29.84,29.71,10,3,0,12,5,,0.01,7,Fog,138
1986-4-12,89,78,68,67,64,61,90,70,40,29.83,29.76,29.73,15,12,7,16,11,23,0.00,5,,336
1986-4-13,87,75,63,68,65,61,93,74,53,29.84,29.78,29.67,15,8,4,16,7,23,0.00,4,Fog,141
1986-4-14,77,69,60,66,48,33,87,50,21,30.10,29.91,29.74,15,11,5,22,13,32,0.00,5,Rain,8
1986-4-15,77,65,53,39,36,29,57,36,20,30.20,30.14,30.09,20,18,15,14,8,21,0.00,4,,45
1986-4-16,79,67,55,48,42,37,60,41,25,30.18,30.09,29.99,20,16,10,14,7,,0.00,4,,111
1986-4-17,79,70,60,64,60,50,90,71,58,30.02,29.92,29.81,15,12,10,16,8,21,0.02,7,Rain-Thunderstorm,169
1986-4-18,73,71,69,69,67,64,93,88,81,29.96,29.90,29.81,10,7,2,15,11,22,0.02,8,Fog-Rain,139
1986-4-19,86,74,63,71,67,57,96,82,53,29.96,29.89,29.73,20,9,4,21,8,29,0.04,7,Fog,146
1986-4-20,79,67,55,56,44,37,83,51,22,30.06,29.99,29.93,20,20,20,21,13,28,0.00,1,,332
1986-4-21,86,72,57,49,46,42,64,44,25,30.08,30.00,29.95,20,20,20,17,6,25,0.00,0,,8
1986-4-22,82,68,55,50,46,43,72,47,26,30.17,30.09,30.02,20,20,20,12,6,,0.00,0,,141
1986-4-23,84,70,55,56,52,49,83,55,31,30.12,30.07,29.99,20,20,20,17,8,28,0.00,0,,167
1986-4-24,84,73,62,61,58,56,90,64,37,30.18,30.09,30.02,20,18,15,14,9,18,0.00,4,,163
1986-4-25,84,72,59,62,58,54,97,66,35,30.08,30.01,29.89,20,12,1,10,7,,0.00,5,Fog-Rain,164
1986-4-26,86,78,69,67,65,64,90,72,48,29.93,29.88,29.81,15,13,7,21,11,30,0.00,7,,165
1986-4-27,82,76,71,70,66,59,87,72,60,29.93,29.86,29.81,15,10,7,16,11,25,0.00,7,,182
1986-4-28,88,74,60,68,62,55,93,67,46,30.04,29.96,29.89,15,14,7,13,7,,0.00,5,,104
1986-4-29,82,77,72,71,68,65,91,78,60,30.02,29.96,29.88,15,10,4,14,10,21,0.00,8,Fog-Rain,155
1986-4-30,84,74,64,69,67,62,93,80,56,29.96,29.89,29.80,10,8,2,24,11,25,0.94,8,Fog-Rain-Thunderstorm,180
1986-5-1,78,71,64,68,64,61,97,83,56,30.06,29.96,29.88,20,10,1,16,7,23,1.97,7,Fog-Rain-Thunderstorm,30
1986-5-2,72,68,63,66,63,59,93,87,76,30.22,30.13,30.05,20,10,3,18,12,25,0.03,8,Rain,23
1986-5-3,79,70,60,59,54,51,84,62,42,30.24,30.18,30.10,15,15,10,13,10,,0.00,5,,58
1986-5-4,75,67,59,67,61,55,90,81,68,30.12,30.04,29.90,15,10,2,10,5,,0.02,5,Fog-Rain,116
1986-5-5,82,76,70,68,67,66,93,77,60,29.91,29.83,29.77,10,8,3,18,10,29,0.01,8,Fog-Rain,164
1986-5-6,87,80,72,70,68,67,91,74,53,29.84,29.80,29.75,9,7,4,15,10,23,0.00,7,Fog,160
1986-5-7,79,76,72,71,69,67,91,80,71,29.86,29.80,29.69,7,6,3,21,10,29,0.00,8,Fog-Rain-Thunderstorm,147
1986-5-8,82,78,73,72,70,67,93,81,67,29.80,29.74,29.68,10,7,4,25,11,37,0.04,7,Fog-Rain-Thunderstorm,151
1986-5-9,80,73,66,71,68,63,93,85,74,29.89,29.81,29.72,15,6,0,16,9,29,2.20,8,Fog-Rain-Thunderstorm,105
1986-5-10,78,71,64,69,63,60,97,81,58,29.98,29.83,29.76,20,12,1,21,9,32,0.09,6,Fog-Rain-Thunderstorm,102
1986-5-11,89,76,62,68,64,61,97,72,43,29.92,29.87,29.82,20,18,4,9,6,,0.00,2,Fog,158
1986-5-12,86,76,66,66,64,60,96,69,41,29.92,29.85,29.79,20,13,7,12,7,,0.00,3,,173
1986-5-13,86,76,66,68,66,61,96,73,53,29.87,29.81,29.75,15,11,2,13,7,,0.00,6,Fog,174
1986-5-14,78,75,72,71,69,65,93,83,73,29.82,29.75,29.67,15,9,5,34,10,52,0.05,8,Fog-Rain-Thunderstorm,170
1986-5-15,80,73,66,70,67,62,93,82,68,29.88,29.82,29.67,15,11,2,26,13,40,1.40,8,Rain-Thunderstorm,146
1986-5-16,77,75,73,74,72,69,96,90,84,29.87,29.83,29.79,10,5,0,13,8,,0.09,8,Fog-Rain,148
1986-5-17,82,72,62,72,67,59,93,88,71,29.98,29.81,29.73,20,9,0,31,11,45,0.86,7,Fog-Rain-Thunderstorm-Tornado,135
1986-5-18,70,62,55,60,52,46,87,67,51,30.03,29.98,29.95,20,18,10,21,13,29,0.00,6,,324
1986-5-19,79,67,55,54,51,48,89,59,34,30.09,30.04,29.99,20,20,20,13,9,23,0.00,0,,357
1986-5-20,82,70,59,58,54,50,87,58,33,30.08,30.01,29.94,20,20,15,9,5,,0.00,0,,139
1986-5-21,84,72,60,62,59,57,90,64,41,29.97,29.90,29.81,20,16,10,16,8,25,0.00,0,,170
1986-5-22,88,76,64,67,64,60,90,70,44,29.85,29.77,29.69,20,16,10,16,11,28,0.00,2,,179
1986-5-23,88,80,71,69,67,66,87,70,49,29.83,29.78,29.73,15,14,10,15,12,24,0.00,6,,171
1986-5-24,89,80,72,72,70,66,93,72,46,29.95,29.88,29.81,15,12,7,13,8,,0.00,6,,157
1986-5-25,84,78,72,72,68,62,97,73,55,30.02,29.94,29.85,15,13,10,16,9,24,0.05,8,Rain-Thunderstorm,13
1986-5-26,78,73,68,68,64,60,90,77,54,29.94,29.89,29.82,20,13,5,14,7,,0.12,6,Fog-Rain,45
1986-5-27,77,72,68,66,63,59,87,76,57,29.93,29.88,29.85,15,9,4,15,6,,0.01,7,Fog-Rain,13
1986-5-28,84,74,63,60,57,52,87,58,35,29.99,29.94,29.90,20,18,15,9,5,,0.00,5,,33
1986-5-29,87,74,62,62,58,55,90,56,33,30.02,29.97,29.93,20,18,15,10,4,,0.00,1,,84
1986-5-30,79,75,70,73,68,61,97,81,62,29.96,29.93,29.89,20,12,5,9,4,,0.04,8,Fog-Rain,101
1986-5-31,79,74,69,71,69,66,97,88,64,29.91,29.87,29.80,10,8,4,9,3,,0.34,8,Fog-Rain,97
1986-6-1,82,76,71,73,71,69,97,90,74,29.85,29.81,29.75,10,6,1,17,5,25,0.59,7,Fog-Rain-Thunderstorm,116
1986-6-2,87,80,72,75,71,68,97,81,53,29.90,29.85,29.80,15,10,2,12,4,,0.35,7,Fog-Rain-Thunderstorm,139
1986-6-3,86,79,72,72,70,68,97,79,57,29.94,29.88,29.83,15,10,5,12,5,,0.00,7,Fog,140
1986-6-4,87,79,71,74,70,68,97,82,59,29.91,29.84,29.76,20,11,3,10,6,15,0.25,6,Fog-Rain,169
1986-6-5,89,82,75,75,74,71,96,81,57,29.87,29.80,29.75,20,12,4,17,9,26,0.01,5,Rain,146
1986-6-6,89,82,75,75,74,72,96,79,61,29.84,29.79,29.73,20,16,8,10,7,,0.00,7,,170
1986-6-7,88,80,73,75,72,67,96,80,61,29.82,29.78,29.74,20,14,9,14,7,,0.09,7,Rain-Thunderstorm,181
1986-6-8,86,78,71,74,72,69,96,83,63,29.85,29.79,29.71,15,13,6,13,4,,0.00,6,Fog,109
1986-6-9,88,80,73,75,73,72,97,81,61,29.84,29.80,29.75,15,12,4,13,6,22,0.12,5,Fog-Rain,154
1986-6-10,91,84,77,75,74,73,90,75,54,29.93,29.87,29.83,15,12,7,14,10,22,0.00,4,,174
1986-6-11,87,78,70,76,71,67,94,79,53,30.08,29.98,29.91,20,12,1,21,8,28,0.20,6,Fog-Rain,117
1986-6-12,89,81,73,73,70,66,90,75,52,30.02,30.00,29.96,20,19,15,13,4,,0.00,5,,184
1986-6-13,89,78,68,72,69,66,96,71,50,30.07,30.03,29.99,20,16,10,10,6,,0.07,1,,169
1986-6-14,91,82,73,73,71,68,97,75,51,30.09,30.02,29.91,20,13,4,12,6,,0.00,3,Fog,166
1986-6-15,90,82,73,73,71,69,97,73,50,29.99,29.92,29.85,20,16,4,13,6,,0.00,3,Fog,175
1986-6-16,90,82,75,74,72,68,94,73,52,30.04,29.93,29.85,15,12,7,26,9,36,0.00,4,Rain-Thunderstorm,172
1986-6-17,84,77,70,73,69,66,93,81,60,30.09,30.03,29.96,15,11,4,22,10,37,0.56,6,Rain-Thunderstorm,134
1986-6-18,84,78,72,73,70,66,93,78,59,30.10,30.01,29.92,20,14,8,12,4,17,0.02,5,Rain-Thunderstorm,92
1986-6-19,88,80,73,72,70,68,93,74,51,29.98,29.93,29.87,20,15,7,14,5,21,0.00,3,Thunderstorm,167
1986-6-20,90,82,73,74,72,70,97,78,52,30.05,29.98,29.94,20,14,1,12,5,,0.01,4,Fog,146
1986-6-21,91,82,73,74,72,69,96,73,48,30.08,30.00,29.94,20,18,10,10,5,,0.00,3,,158
1986-6-22,91,82,73,74,72,69,94,72,52,30.09,30.02,29.95,20,18,7,13,6,,0.00,3,,155
1986-6-23,90,82,73,73,71,66,96,72,45,30.05,30.02,29.95,20,17,7,10,4,,0.00,4,,122
1986-6-24,90,81,72,73,70,66,97,70,45,30.05,30.00,29.94,15,11,6,10,4,,0.00,1,Fog,118
1986-6-25,91,83,75,72,70,67,85,65,47,30.02,29.97,29.90,10,8,6,12,5,,0.00,3,,114
1986-6-26,93,84,75,72,70,65,85,63,41,30.02,29.97,29.93,10,8,6,15,5,18,0.00,5,,208
1986-6-27,95,86,77,74,72,69,90,68,45,30.12,30.06,30.00,15,12,7,15,9,23,0.00,3,,186
1986-6-28,95,85,75,74,71,65,94,66,37,30.08,30.00,29.89,15,9,6,15,9,23,0.00,2,,176
1986-6-29,95,84,73,73,70,64,97,65,36,29.96,29.92,29.84,15,9,6,14,9,21,0.00,1,,178
1986-6-30,93,84,75,73,71,68,91,68,44,29.93,29.88,29.83,20,15,7,15,9,25,0.00,5,,174
1986-7-1,96,86,75,73,72,69,91,67,43,29.98,29.93,29.88,20,15,8,16,9,24,0.00,4,,170
1986-7-2,93,84,75,74,71,68,94,67,45,30.08,30.02,29.96,15,12,7,12,8,21,0.00,4,,173
1986-7-3,96,86,77,75,71,65,94,66,38,30.08,30.01,29.94,15,9,4,12,8,18,0.00,4,Fog,169
1986-7-4,96,86,75,73,70,66,94,65,37,30.02,29.94,29.83,20,10,7,17,10,26,0.00,3,,170
1986-7-5,95,85,75,73,70,66,88,65,38,29.99,29.94,29.90,10,10,7,17,12,26,0.00,3,,166
1986-7-6,91,82,73,74,71,66,97,68,42,30.13,30.06,30.01,15,10,6,14,10,,0.00,7,Fog,165
1986-7-7,96,84,73,75,71,65,94,74,36,30.22,30.15,30.08,15,10,5,25,6,40,0.45,5,Rain-Thunderstorm,158
1986-7-8,93,82,72,73,69,64,93,68,39,30.19,30.12,30.05,15,10,8,12,4,,0.00,3,,161
1986-7-9,93,83,73,71,69,65,90,63,41,30.11,30.03,29.94,15,13,7,12,5,16,0.00,1,,169
1986-7-10,95,84,72,72,68,64,87,61,37,30.02,29.95,29.87,15,12,7,15,7,22,0.00,2,,168
1986-7-11,95,85,75,72,70,66,87,64,38,29.98,29.91,29.82,20,16,10,17,12,28,0.00,4,,178
1986-7-12,95,86,77,73,71,67,84,64,40,29.97,29.93,29.90,20,16,7,18,13,32,0.00,5,,177
1986-7-13,93,84,75,74,69,65,90,63,39,30.10,30.04,29.98,20,15,7,16,10,23,0.00,4,,169
1986-7-14,93,84,75,74,70,64,94,65,38,30.20,30.13,30.06,20,14,3,14,7,18,0.00,3,Fog,152
1986-7-15,95,84,73,74,70,65,96,69,40,30.19,30.12,30.05,20,15,7,18,7,26,0.00,2,,175
1986-7-16,95,83,71,72,68,63,97,65,37,30.15,30.09,30.01,20,15,7,15,7,22,0.00,2,,175
1986-7-17,96,84,73,73,67,59,96,62,31,30.16,30.09,30.04,20,17,10,14,8,22,0.00,2,,167
1986-7-18,96,83,70,71,65,59,90,58,29,30.16,30.10,30.04,20,17,15,12,7,,0.00,1,,170
1986-7-19,96,84,73,69,67,63,87,57,33,30.11,30.06,29.98,20,16,15,8,5,,0.00,1,,176
1986-7-20,99,86,73,70,66,63,79,51,31,30.04,29.98,29.89,20,16,15,9,5,,0.00,1,,178
1986-7-21,97,86,75,70,68,65,76,54,37,30.01,29.95,29.87,20,16,15,14,6,,0.00,1,,165
1986-7-22,99,87,75,69,66,62,76,52,30,30.09,30.04,30.00,20,17,15,10,7,,0.00,1,,180
1986-7-23,98,86,75,73,68,63,87,58,34,30.14,30.08,30.01,20,18,15,12,7,,0.00,1,,185
1986-7-24,100,86,73,72,67,62,87,54,29,30.08,30.03,29.95,20,17,15,12,7,18,0.00,0,,177
1986-7-25,100,86,73,73,68,62,91,56,29,30.02,29.97,29.90,20,19,15,14,8,,0.00,0,,174
1986-7-26,100,88,75,74,69,64,94,58,31,29.98,29.92,29.85,20,17,7,13,7,,0.00,1,,149
1986-7-27,100,88,75,73,67,55,90,56,22,29.98,29.91,29.86,20,13,6,14,8,,0.00,1,,181
1986-7-28,100,88,75,73,67,56,94,56,22,29.99,29.94,29.89,20,14,5,13,8,,0.00,0,,178
1986-7-29,102,88,73,73,65,54,93,53,21,30.00,29.95,29.88,15,14,10,12,8,,0.00,0,,183
1986-7-30,102,88,75,72,65,58,85,50,23,29.96,29.92,29.86,15,15,15,12,7,,0.00,0,,172
1986-7-31,102,88,75,73,67,62,90,53,27,29.97,29.93,29.88,15,14,10,12,6,14,0.00,0,,177
1986-8-1,102,88,75,74,68,62,87,54,27,30.00,29.94,29.87,15,15,15,10,7,,0.00,0,,177
1986-8-2,102,88,75,75,68,59,94,54,27,29.98,29.94,29.86,15,15,15,12,7,,0.00,1,,162
1986-8-3,100,88,75,70,67,59,79,54,27,30.11,30.03,29.97,15,15,15,23,7,33,0.00,4,Rain-Thunderstorm,147
1986-8-4,95,84,73,73,70,63,97,68,36,30.11,30.05,29.95,8,7,5,13,6,,0.06,6,Rain,45
1986-8-5,91,82,73,74,71,69,91,72,48,30.04,29.97,29.89,15,11,7,18,5,30,0.10,4,Rain-Thunderstorm,128
1986-8-6,93,83,73,72,70,67,93,68,45,30.00,29.95,29.89,15,14,10,15,8,23,0.00,4,,169
1986-8-7,98,88,77,75,70,63,94,61,33,30.02,29.96,29.90,15,13,8,14,11,22,0.00,3,,170
1986-8-8,97,86,75,74,70,65,94,65,37,29.99,29.94,29.85,15,14,10,13,8,18,0.00,4,,161
1986-8-9,97,85,73,74,70,63,97,63,32,29.99,29.91,29.81,20,17,10,15,9,23,0.00,3,,171
1986-8-10,99,87,75,75,71,66,94,64,34,30.02,29.94,29.88,20,18,10,16,9,22,0.00,5,,173
1986-8-11,93,84,75,77,73,68,96,77,47,30.05,30.00,29.98,20,15,7,15,4,21,0.13,6,Rain-Thunderstorm,122
1986-8-12,93,83,73,73,71,68,93,71,44,30.08,29.99,29.91,20,19,15,15,5,21,0.00,4,,117
1986-8-13,96,84,72,74,67,57,97,62,33,30.00,29.93,29.83,20,15,4,14,5,,0.00,2,,147
1986-8-14,97,85,73,73,70,66,97,65,36,29.96,29.88,29.80,20,15,7,13,8,20,0.00,4,,173
1986-8-15,96,86,77,75,72,67,90,67,41,29.93,29.88,29.80,20,17,10,21,10,36,0.00,4,Rain,179
1986-8-16,96,86,75,75,71,65,90,65,36,29.94,29.88,29.80,20,17,10,14,9,,0.00,5,,181
1986-8-17,98,88,77,76,71,65,94,62,35,30.01,29.92,29.86,20,16,8,13,7,,0.00,4,,171
1986-8-18,102,88,75,72,67,60,85,51,25,30.03,29.97,29.91,20,18,10,9,5,,0.00,1,,187
1986-8-19,102,90,78,71,68,64,79,50,32,29.98,29.93,29.88,20,16,10,15,4,22,0.00,2,,60
1986-8-20,99,88,77,71,69,63,79,56,35,29.97,29.91,29.83,20,17,10,15,6,,0.00,2,,146
1986-8-21,89,84,78,72,68,65,77,63,48,30.02,29.97,29.93,15,10,5,14,6,,0.00,6,Rain,35
1986-8-22,86,80,73,67,64,60,71,59,48,30.04,29.97,29.92,10,8,6,12,8,,0.00,6,Rain,81
1986-8-23,82,76,71,73,70,66,100,82,65,30.09,30.02,29.97,20,11,3,14,6,,0.09,6,Fog-Rain,93
1986-8-24,84,78,73,75,73,69,100,85,61,30.10,30.04,29.97,15,9,2,18,6,34,0.60,7,Fog-Rain-Thunderstorm,149
1986-8-25,93,83,73,75,72,65,100,74,40,30.10,30.03,29.97,15,10,5,14,5,18,0.00,7,Fog,148
1986-8-26,96,86,75,76,70,63,97,66,36,30.09,30.02,29.94,15,12,5,13,7,,0.00,6,Fog,173
1986-8-27,96,86,75,74,70,64,91,64,36,30.05,29.98,29.89,15,14,10,9,6,,0.00,4,,177
1986-8-28,84,78,71,73,70,67,97,79,55,30.09,30.03,29.97,15,12,7,16,7,21,0.10,7,Rain,39
1986-8-29,86,78,69,69,63,56,93,66,38,30.17,30.09,30.02,20,15,4,14,9,,0.00,4,Fog,53
1986-8-30,89,76,64,64,57,53,70,53,32,30.11,30.04,29.96,20,15,10,14,6,,0.00,5,,76
1986-8-31,93,82,71,74,69,64,87,68,42,30.02,29.95,29.84,20,12,5,15,6,,0.00,5,Fog,117
1986-9-1,80,76,71,75,73,70,97,91,76,29.97,29.92,29.85,20,11,0,12,7,32,0.85,8,Rain,118
1986-9-2,91,83,75,76,73,68,100,79,45,29.96,29.91,29.85,20,13,3,12,7,,0.01,6,Fog-Rain-Thunderstorm,127
1986-9-3,95,85,75,76,73,69,96,73,44,30.00,29.94,29.88,20,14,8,15,6,,0.00,5,,169
1986-9-4,93,84,75,76,74,69,97,79,45,30.03,29.97,29.93,20,12,7,15,6,21,0.01,7,Rain,160
1986-9-5,93,84,75,77,73,65,97,78,42,30.00,29.95,29.87,15,12,7,13,6,,0.01,6,Rain,166
1986-9-6,81,76,72,74,72,71,100,91,74,30.02,29.95,29.90,15,8,2,14,6,,2.52,8,Fog-Rain-Thunderstorm,89
1986-9-7,82,77,72,72,71,69,97,83,65,30.12,30.04,29.99,15,12,8,12,5,,0.00,8,Rain,58
1986-9-8,84,77,70,72,69,65,93,80,58,30.12,30.07,30.01,15,10,5,14,10,,0.00,7,Rain,40
1986-9-9,87,80,72,74,72,71,100,85,59,30.07,29.99,29.90,20,11,2,13,5,,0.03,5,Fog-Rain,128
1986-9-10,93,84,75,75,72,68,97,74,47,29.97,29.90,29.80,20,15,7,14,8,23,0.00,4,,169
1986-9-11,91,83,75,77,74,73,93,81,55,29.99,29.90,29.87,20,12,1,16,10,20,0.51,6,Rain-Thunderstorm,198
1986-9-12,86,80,73,76,71,67,93,76,61,30.08,30.01,29.96,15,12,6,13,7,,0.00,7,Fog-Rain-Thunderstorm,49
1986-9-13,90,82,75,76,74,71,97,81,55,30.12,30.06,30.02,15,11,7,16,5,24,0.00,6,,99
1986-9-14,91,82,73,75,73,68,100,80,48,30.15,30.07,30.00,15,10,1,13,4,,0.00,5,Fog,148
1986-9-15,90,82,75,76,74,72,97,82,55,30.11,30.05,29.99,15,11,5,14,7,,0.01,6,Fog,171
1986-9-16,91,83,75,76,73,70,97,80,50,30.13,30.06,29.98,20,13,4,10,5,,0.00,6,Fog,161
1986-9-17,90,82,75,76,74,72,97,78,55,30.06,30.01,29.93,20,12,6,12,7,,0.00,6,Fog,164
1986-9-18,91,83,75,75,73,69,96,75,48,30.05,30.00,29.93,20,12,3,12,6,18,0.00,5,Fog,157
1986-9-19,88,80,73,76,73,71,100,83,59,30.11,30.04,30.01,20,12,5,12,5,20,0.01,5,Fog-Rain-Thunderstorm,148
1986-9-20,82,77,72,75,73,71,97,88,76,30.14,30.08,30.02,15,13,2,8,5,,0.24,6,Rain,128
1986-9-21,88,82,75,77,73,69,100,84,53,30.14,30.07,30.01,15,11,5,20,6,,0.21,7,Fog-Rain,142
1986-9-22,87,81,75,77,75,73,100,89,65,30.08,30.01,29.94,15,11,3,14,5,23,0.19,6,Fog-Rain,152
1986-9-23,90,82,73,75,73,71,100,81,55,30.00,29.91,29.80,15,11,1,10,6,,0.00,5,Fog,153
1986-9-24,91,84,77,75,72,68,94,74,48,29.85,29.79,29.72,20,13,7,17,9,28,0.00,4,,171
1986-9-25,91,82,73,75,72,68,97,76,45,29.95,29.88,29.82,20,13,6,17,9,25,0.00,5,Fog,165
1986-9-26,91,84,77,79,73,68,96,75,47,30.01,29.96,29.89,20,14,7,14,9,23,0.10,5,,164
1986-9-27,91,83,75,76,74,71,97,78,52,30.06,29.99,29.91,20,13,7,12,7,,0.05,5,,158
1986-9-28,87,82,77,76,75,72,96,85,69,30.04,29.97,29.90,20,14,7,13,8,23,0.00,6,,144
1986-9-29,89,84,78,76,73,70,90,75,55,29.96,29.92,29.86,15,14,9,18,12,29,0.00,5,,162
1986-9-30,91,84,77,75,73,69,94,73,48,29.96,29.91,29.85,15,14,9,15,11,24,0.01,6,,160
1986-10-1,91,84,78,76,74,70,90,73,50,29.92,29.88,29.81,15,14,10,18,12,28,0.00,6,Rain,165
1986-10-2,91,84,77,75,72,67,94,73,47,29.90,29.85,29.76,20,14,10,21,13,34,0.10,5,,163
1986-10-3,91,83,75,74,72,69,91,72,50,29.88,29.83,29.80,15,12,7,18,13,26,0.00,6,,165
1986-10-4,91,83,73,76,73,69,96,75,48,30.00,29.94,29.89,15,12,5,17,10,25,0.05,6,Fog-Rain,155
1986-10-5,79,72,66,71,68,62,100,87,72,30.08,30.00,29.94,10,8,2,17,11,23,0.10,7,Fog-Rain-Thunderstorm,32
1986-10-6,66,64,62,62,61,60,100,93,84,30.15,30.09,30.04,15,7,3,16,13,24,0.55,8,Fog-Rain,11
1986-10-7,64,62,61,63,61,59,100,95,90,30.15,30.10,30.05,10,5,3,12,9,,0.02,8,Fog-Rain,22
1986-10-8,75,70,64,70,66,63,100,91,79,30.07,30.01,29.96,6,3,0,8,5,,0.01,8,Fog,21
1986-10-9,84,76,69,70,68,66,97,81,55,30.09,30.04,29.99,10,6,2,16,6,21,0.00,5,Fog,22
1986-10-10,81,74,66,67,65,62,97,80,54,30.11,30.03,29.93,15,8,4,10,6,,0.00,5,Fog,74
1986-10-11,79,72,66,71,68,63,100,87,71,29.93,29.87,29.80,15,11,4,15,6,21,0.69,8,Fog-Rain-Thunderstorm,114
1986-10-12,73,60,48,71,51,45,100,90,83,30.17,30.03,29.85,10,7,1,30,13,41,3.63,8,Fog-Rain-Thunderstorm,355
1986-10-13,64,55,46,49,44,40,89,71,48,30.21,30.14,30.08,20,15,10,18,12,28,0.00,4,,8
1986-10-14,79,62,46,53,48,42,97,64,27,30.14,30.09,30.04,20,20,20,10,4,,0.00,3,,283
1986-10-15,78,66,55,53,49,45,90,59,32,30.26,30.19,30.12,20,20,15,12,4,,0.00,0,,27
1986-10-16,78,65,52,54,51,49,93,63,40,30.30,30.23,30.16,20,20,20,10,4,,0.00,4,,11
1986-10-17,78,65,52,56,50,45,97,63,32,30.19,30.14,30.09,20,18,10,13,4,,0.00,1,,130
1986-10-18,75,64,54,55,52,50,90,66,40,30.22,30.16,30.13,15,14,10,9,5,,0.00,3,,103
1986-10-19,75,65,55,56,54,50,97,69,41,30.29,30.23,30.20,15,13,7,10,5,,0.00,4,,67
1986-10-20,73,65,57,57,55,53,87,70,48,30.29,30.23,30.17,15,9,5,13,6,,0.00,8,Fog,61
1986-10-21,71,64,57,68,60,51,100,85,67,30.21,30.12,30.05,10,6,2,14,6,,0.58,8,Fog-Rain,103
1986-10-22,73,70,66,69,68,66,100,96,84,30.05,29.99,29.92,10,5,1,10,6,,0.68,8,Fog-Rain,131
1986-10-23,75,70,64,70,67,63,100,94,82,29.96,29.91,29.86,20,9,2,21,8,22,1.18,8,Fog-Rain,350
1986-10-24,75,69,63,63,58,52,96,71,45,30.05,30.00,29.96,20,18,10,18,13,28,0.00,2,,341
1986-10-25,75,66,57,55,52,47,87,64,36,30.09,30.03,29.98,20,20,20,13,7,,0.00,3,,308
1986-10-26,72,64,57,58,55,53,93,81,55,30.14,30.06,30.02,20,17,4,17,5,,0.25,3,Rain,325
1986-10-27,77,65,53,58,53,46,97,72,33,30.16,30.11,30.06,20,15,0,6,3,,0.00,0,Fog,327
1986-10-28,79,65,51,63,55,49,96,74,45,30.20,30.14,30.10,20,15,10,12,4,,0.00,1,,191
1986-10-29,81,67,53,62,57,52,100,76,44,30.26,30.21,30.17,20,12,0,7,2,,0.00,0,Fog,168
1986-10-30,78,66,55,61,56,52,100,74,42,30.25,30.17,30.11,20,13,4,8,2,,0.00,4,Fog,138
1986-10-31,77,64,52,58,56,52,100,74,45,30.19,30.14,30.09,15,9,2,12,4,15,0.00,3,Fog,147
1986-11-1,75,67,59,63,61,58,100,80,60,30.29,30.23,30.18,15,7,1,9,5,,0.00,5,Fog,71
1986-11-2,75,68,60,62,59,55,86,75,58,30.32,30.25,30.20,10,8,6,15,9,23,0.00,5,,40
1986-11-3,71,64,57,64,58,54,96,80,68,30.22,30.09,29.95,10,8,3,12,9,,0.01,7,Fog-Rain,62
1986-11-4,73,68,61,72,61,49,100,80,49,29.99,29.88,29.82,20,10,0,20,10,33,0.46,7,Fog-Rain,255
1986-11-5,66,58,51,50,45,41,86,66,48,30.13,30.05,29.97,20,20,15,18,10,23,0.00,4,,321
1986-11-6,66,56,46,56,51,46,97,84,56,30.09,30.03,29.96,20,15,5,12,5,,0.09,5,Rain,157
1986-11-7,72,64,57,67,60,53,100,91,81,30.01,29.95,29.88,15,8,0,16,5,25,0.00,8,Fog,180
1986-11-8,78,70,63,72,69,62,100,94,76,30.10,30.01,29.96,10,4,1,9,4,,0.02,8,Fog-Rain,206
1986-11-9,75,68,61,68,55,46,100,68,41,30.24,30.18,30.09,20,13,3,16,10,25,0.00,5,Fog,19
1986-11-10,75,66,57,65,56,49,90,74,62,30.17,30.08,29.98,20,14,10,18,8,31,0.00,7,,13
1986-11-11,60,50,39,55,40,34,89,77,58,30.36,30.26,30.15,15,13,8,22,16,33,0.00,6,Rain,13
1986-11-12,55,47,39,50,42,35,97,89,77,30.56,30.29,30.20,15,7,3,25,8,39,0.05,8,Fog-Rain,17
1986-11-13,37,34,30,34,21,14,89,60,46,30.72,30.62,30.57,15,13,7,23,19,33,0.01,8,Rain,8
1986-11-14,53,43,33,38,29,21,67,59,48,30.56,30.37,30.23,15,15,15,12,8,,0.00,7,,164
1986-11-15,66,57,48,59,51,39,93,79,69,30.22,30.11,30.03,15,15,10,12,7,,0.00,8,,190
1986-11-16,79,68,57,65,62,57,97,82,60,30.03,29.95,29.87,15,13,10,15,7,21,0.00,6,,212
1986-11-17,81,70,60,67,63,59,100,84,54,29.93,29.86,29.78,15,12,10,9,4,,0.00,6,,188
1986-11-18,84,73,62,66,58,49,100,70,33,29.99,29.90,29.82,15,12,6,14,6,,0.02,4,Fog,298
1986-11-19,73,65,57,65,53,43,93,66,55,29.99,29.87,29.77,15,10,7,13,8,,0.00,6,,89
1986-11-20,69,64,57,64,50,38,100,65,35,30.17,30.01,29.83,20,14,3,22,10,30,0.00,1,Fog,345
1986-11-21,70,60,50,53,42,36,78,53,42,30.21,30.11,29.99,20,19,8,12,9,,0.00,5,,81
1986-11-22,75,66,57,66,62,57,100,92,67,29.98,29.87,29.76,10,5,0,13,5,18,0.05,5,Fog-Rain,191
1986-11-23,64,57,48,63,52,46,100,82,56,30.07,29.91,29.79,20,11,2,24,10,32,0.30,7,Fog-Rain-Thunderstorm,340
1986-11-24,48,46,44,45,43,41,93,86,77,30.10,30.03,29.93,15,9,2,25,18,32,0.54,8,Fog-Rain-Thunderstorm,342
1986-11-25,60,52,44,44,41,39,96,73,47,29.97,29.86,29.79,20,16,4,21,13,34,0.01,5,Fog-Rain,280
1986-11-26,61,54,48,44,41,36,80,64,54,30.17,30.08,29.98,20,20,15,20,11,25,0.00,5,,347
1986-11-27,55,49,43,41,38,35,76,65,55,30.25,30.19,30.14,20,18,15,16,11,18,0.00,7,Rain,346
1986-11-28,62,54,45,44,38,29,86,63,29,30.24,30.17,30.12,20,17,15,16,10,,0.00,3,,358
1986-11-29,66,52,39,40,37,34,86,63,30,30.18,30.09,30.00,20,18,10,10,7,,0.00,0,,357
1986-11-30,71,54,37,43,40,36,97,64,34,29.99,29.86,29.74,20,18,10,13,5,,0.00,0,,214
1986-12-1,61,54,46,43,32,26,64,44,31,30.06,29.98,29.82,20,20,15,22,12,28,0.00,1,,307
1986-12-2,66,52,37,39,35,31,79,58,32,30.19,30.12,30.06,20,20,20,8,5,,0.00,0,,297
1986-12-3,59,49,39,41,39,36,86,69,49,30.35,30.27,30.19,20,18,15,12,6,,0.00,3,,38
1986-12-4,62,52,43,44,42,39,89,69,46,30.43,30.36,30.30,20,14,7,12,7,,0.00,6,,41
1986-12-5,62,54,46,47,40,31,80,60,31,30.48,30.39,30.33,15,13,10,10,7,,0.00,7,,81
1986-12-6,63,56,48,58,51,45,96,81,67,30.33,30.24,30.14,15,11,7,14,8,,0.09,8,Rain,131
1986-12-7,69,63,57,64,61,56,100,92,84,30.14,30.03,29.97,15,9,5,10,7,18,0.03,8,Fog-Rain,163
1986-12-8,71,63,55,67,64,54,97,92,81,29.98,29.92,29.81,10,8,5,16,7,,0.37,8,Fog-Rain,158
1986-12-9,55,50,45,54,46,37,97,85,74,30.21,30.07,29.93,15,11,2,18,11,24,0.49,8,Fog-Rain,3
1986-12-10,44,40,35,38,35,32,97,89,76,30.26,30.21,30.16,15,7,2,21,15,29,0.68,8,Fog-Rain,10
1986-12-11,39,38,36,36,32,28,93,81,65,30.28,30.19,30.11,20,12,2,15,11,,0.07,8,Fog-Rain,344
1986-12-12,55,44,33,39,36,32,96,77,51,30.44,30.35,30.28,20,20,20,10,6,,0.00,4,,343
1986-12-13,57,49,41,42,39,37,89,73,49,30.48,30.40,30.34,20,17,15,12,5,,0.00,8,,99
1986-12-14,51,48,46,50,48,44,100,96,80,30.33,30.26,30.21,10,4,1,9,7,,0.92,8,Fog-Rain,59
1986-12-15,57,54,50,55,52,49,100,96,89,30.22,30.18,30.15,10,6,3,9,7,,0.13,8,Fog-Rain,11
1986-12-16,57,54,52,53,52,51,100,92,83,30.25,30.19,30.14,15,8,3,8,5,,0.00,8,Fog,360
1986-12-17,59,56,53,55,54,53,100,93,83,30.17,30.10,30.04,10,4,0,13,4,,0.03,8,Fog-Rain,101
1986-12-18,55,50,44,55,47,39,100,93,82,30.23,30.12,30.02,10,6,2,17,12,28,0.51,8,Fog-Rain,4
1986-12-19,53,48,43,41,39,38,89,76,63,30.24,30.17,30.09,20,15,10,10,7,,0.00,5,,329
1986-12-20,57,48,39,48,44,39,100,85,67,30.22,30.17,30.12,15,7,0,6,1,,0.00,7,Fog,124
1986-12-21,53,50,45,48,45,42,93,81,66,30.28,30.22,30.18,15,11,5,17,9,,0.10,8,Fog-Rain,44
1986-12-22,45,44,43,43,42,41,97,94,93,30.20,30.07,29.97,8,4,1,21,16,31,2.22,8,Fog-Rain,21
1986-12-23,53,48,43,43,41,40,97,81,64,30.00,29.97,29.92,10,8,2,21,16,26,0.00,7,Fog-Rain,322
1986-12-24,63,52,42,44,41,37,86,71,46,30.02,29.96,29.89,15,15,10,8,6,,0.00,1,,288
1986-12-25,66,54,42,49,45,41,97,73,45,30.10,30.01,29.96,15,14,10,8,3,,0.00,3,,285
1986-12-26,62,55,48,47,43,41,86,68,50,30.21,30.16,30.11,15,12,7,17,9,,0.02,4,Rain,357
1986-12-27,61,51,41,41,39,37,92,68,41,30.29,30.22,30.17,20,18,15,13,7,,0.00,0,,347
1986-12-28,48,44,39,42,41,40,100,88,74,30.34,30.28,30.24,10,5,0,10,8,,0.00,7,Fog,39
1986-12-29,57,50,44,44,43,41,96,79,53,30.32,30.26,30.20,10,6,3,7,4,,0.24,6,Fog-Rain,32
1986-12-30,57,52,46,44,36,31,89,60,37,30.26,30.17,30.12,20,15,7,12,7,,0.00,6,,360
1986-12-31,62,49,36,39,37,34,93,63,39,30.12,30.06,29.99,20,19,15,8,4,,0.00,1,,199
