
CST,Max TemperatureF,Mean TemperatureF,Min TemperatureF,Max Dew PointF,MeanDew PointF,Min DewpointF,Max Humidity, Mean Humidity, Min Humidity, Max Sea Level PressureIn, Mean Sea Level PressureIn, Min Sea Level PressureIn, Max VisibilityMiles, Mean VisibilityMiles, Min VisibilityMiles, Max Wind SpeedMPH, Mean Wind SpeedMPH, Max Gust SpeedMPH,PrecipitationIn, CloudCover, Events, WindDirDegrees
2008-1-1,55,47,38,18,12,7,40,27,14,30.84,30.69,30.46,10,10,10,16,8,23,0.00,0,,5
2008-1-2,50,40,30,20,14,11,63,42,21,30.97,30.87,30.82,10,10,10,10,3,16,0.00,0,,351
2008-1-3,53,41,29,33,18,10,70,45,20,30.80,30.66,30.49,10,10,10,12,4,18,0.00,0,,147
2008-1-4,66,50,34,55,42,30,89,72,55,30.46,30.31,30.19,10,10,7,13,3,21,0.00,4,,146
2008-1-5,79,69,58,57,54,53,86,64,42,30.18,30.07,29.97,10,10,10,15,7,28,0.00,3,,185
2008-1-6,75,67,58,61,58,54,93,73,53,30.06,29.98,29.89,10,9,5,15,8,28,0.00,6,,173
2008-1-7,80,73,66,66,63,60,87,73,58,29.95,29.88,29.81,10,9,4,18,9,29,0.01,6,Rain,166
2008-1-8,72,60,47,65,49,25,84,51,18,30.22,30.01,29.85,10,10,7,17,6,28,T,5,Rain,334
2008-1-9,68,53,38,38,31,29,76,50,24,30.23,30.06,29.88,10,10,10,9,3,14,0.00,1,,176
2008-1-10,69,56,42,43,33,25,86,54,22,30.04,29.95,29.84,10,10,10,16,4,24,0.00,0,,333
2008-1-11,69,53,37,35,29,24,82,51,19,30.04,29.95,29.86,10,10,10,12,3,20,0.00,0,,151
2008-1-12,71,57,43,50,35,23,76,49,22,30.12,29.97,29.89,10,10,10,18,5,28,0.00,2,,328
2008-1-13,64,51,38,32,27,21,64,42,20,30.32,30.23,30.13,10,10,10,13,3,22,0.00,0,,22
2008-1-14,63,49,34,34,29,25,82,54,25,30.41,30.35,30.31,10,10,10,10,1,13,0.00,3,,89
2008-1-15,53,50,46,42,37,29,86,64,41,30.29,30.18,30.04,10,10,8,10,3,18,0.05,6,Rain,202
2008-1-16,57,52,46,45,43,30,93,80,66,30.08,29.95,29.87,10,8,2,13,4,20,T,6,,138
2008-1-17,47,40,32,30,19,16,58,46,33,30.26,30.18,30.07,10,10,10,15,7,26,0.00,7,,351
2008-1-18,40,37,33,34,30,17,92,65,37,30.24,30.19,30.13,10,6,2,12,6,17,0.27,8,Rain,12
2008-1-19,50,40,30,33,25,20,85,61,37,30.49,30.38,30.21,10,10,10,12,5,18,0.00,2,,352
2008-1-20,56,41,25,35,25,16,74,51,28,30.53,30.43,30.34,10,10,10,17,6,26,T,2,,146
2008-1-21,55,50,44,54,47,35,93,79,65,30.33,30.20,30.09,10,3,1,12,2,16,0.40,8,Rain,111
2008-1-22,59,47,34,55,47,32,96,91,85,30.31,30.19,30.12,8,3,0,14,5,20,T,8,Fog-Rain,12
2008-1-23,41,38,34,37,34,30,96,89,82,30.29,30.20,30.12,5,2,1,13,4,18,0.01,8,Rain,3
2008-1-24,44,41,37,36,28,21,92,68,43,30.41,30.33,30.23,10,8,2,13,6,21,T,8,Rain,16
2008-1-25,42,41,39,39,35,26,86,68,49,30.39,30.33,30.26,10,5,2,7,2,10,0.04,8,Rain,12
2008-1-26,73,55,37,44,38,34,100,64,27,30.33,30.27,30.18,10,6,0,7,2,10,0.00,3,Fog,306
2008-1-27,70,55,40,47,41,37,89,61,32,30.36,30.28,30.16,10,7,2,9,3,18,0.00,0,,159
2008-1-28,72,62,51,63,55,45,93,82,71,30.14,29.96,29.80,10,6,1,12,5,22,0.00,7,,177
2008-1-29,73,58,43,61,41,10,87,50,12,30.12,29.88,29.72,10,10,9,21,9,36,0.00,3,,304
2008-1-30,61,47,32,46,27,13,71,46,20,30.17,30.02,29.85,10,10,2,16,6,25,0.00,4,,163
2008-1-31,61,51,40,52,35,7,96,54,11,30.30,29.96,29.79,10,7,2,24,9,37,0.04,4,Rain,301
2008-2-1,63,46,28,25,20,16,75,46,17,30.33,30.21,30.09,10,10,10,13,5,23,0.00,0,,181
2008-2-2,78,61,43,58,47,29,84,61,38,30.11,30.04,29.97,10,10,10,13,6,22,0.00,3,,171
2008-2-3,81,73,64,64,61,58,87,66,45,29.98,29.90,29.80,10,8,6,15,6,22,0.00,6,,179
2008-2-4,80,75,69,65,62,60,84,69,54,29.83,29.76,29.68,10,9,6,16,8,26,0.00,6,,169
2008-2-5,82,66,49,64,52,26,84,52,20,30.05,29.74,29.63,10,10,7,21,8,35,T,5,,193
2008-2-6,60,49,37,28,23,19,59,40,20,30.21,30.11,30.04,10,10,10,16,5,22,0.00,0,,314
2008-2-7,66,52,38,32,25,20,70,44,18,30.09,30.04,30.01,10,10,10,14,3,22,0.00,0,,275
2008-2-8,82,60,37,44,32,24,64,42,20,30.00,29.93,29.83,10,10,10,14,4,24,0.00,0,,195
2008-2-9,81,64,46,51,35,24,49,34,19,30.21,30.09,29.99,10,10,10,8,2,13,0.00,2,,13
2008-2-10,74,64,53,55,48,36,72,56,39,30.33,30.25,30.17,10,10,10,13,4,18,0.00,4,,114
2008-2-11,75,68,60,62,57,55,84,69,54,30.16,30.01,29.86,10,10,5,14,7,24,T,7,,174
2008-2-12,68,58,47,61,42,23,84,55,25,30.17,29.93,29.78,10,10,4,21,9,31,T,4,Rain,344
2008-2-13,69,53,37,32,26,22,64,41,17,30.21,30.10,30.00,10,10,10,15,4,23,0.00,0,,176
2008-2-14,79,62,45,56,48,35,83,59,35,30.04,29.98,29.90,10,10,10,20,9,32,0.00,4,,170
2008-2-15,77,61,44,61,54,41,93,77,60,30.11,30.05,29.99,10,6,1,15,6,22,0.16,8,Rain-Thunderstorm,39
2008-2-16,46,44,41,43,41,39,96,90,83,30.04,29.86,29.71,10,5,2,21,5,32,0.30,7,Rain-Thunderstorm,319
2008-2-17,71,55,39,43,38,36,92,63,33,30.01,29.83,29.73,10,10,10,14,5,24,0.00,0,,354
2008-2-18,63,53,42,37,31,27,70,49,27,30.25,30.17,30.02,10,10,10,9,3,17,0.00,0,,24
2008-2-19,70,54,37,47,35,30,79,54,28,30.31,30.21,30.10,10,10,10,16,5,23,0.00,2,,163
2008-2-20,75,66,56,65,55,46,87,76,64,30.11,29.97,29.84,10,9,2,8,3,14,T,7,,145
2008-2-21,74,61,48,66,60,42,93,74,55,29.88,29.82,29.73,10,5,0,16,4,23,0.05,6,Fog-Rain,116
2008-2-22,70,55,40,42,36,33,86,58,29,30.06,29.97,29.86,10,10,10,10,5,16,0.00,2,Thunderstorm,3
2008-2-23,76,58,40,57,46,35,79,61,43,30.06,29.99,29.90,10,9,5,15,5,25,0.00,1,,170
2008-2-24,81,69,56,58,44,32,86,52,17,30.19,30.09,30.03,10,10,7,13,4,20,0.00,1,,341
2008-2-25,92,72,51,58,46,26,80,48,15,30.06,29.82,29.62,10,10,6,23,6,35,0.00,0,,206
2008-2-26,66,55,43,35,24,15,49,34,19,30.40,30.22,29.96,10,10,10,22,11,35,0.00,0,,350
2008-2-27,67,49,31,25,18,13,63,39,14,30.43,30.31,30.19,10,10,10,12,3,20,0.00,0,,176
2008-2-28,77,59,41,52,41,27,76,53,29,30.20,30.08,29.96,10,10,10,17,8,30,0.00,0,,194
2008-2-29,81,70,58,58,55,52,80,60,39,30.24,30.11,30.02,10,10,10,10,5,18,0.00,5,,149
2008-3-1,82,72,62,61,57,51,93,66,39,30.30,30.20,30.03,10,8,1,14,5,22,0.00,6,,175
2008-3-2,76,69,62,63,60,55,90,75,60,30.01,29.81,29.65,10,10,4,22,11,41,T,8,Rain,165
2008-3-3,72,56,39,64,43,25,89,69,49,30.17,29.86,29.58,10,8,1,22,12,37,0.55,6,Rain-Thunderstorm,314
2008-3-4,72,53,34,29,24,19,75,45,14,30.17,30.03,29.88,10,10,10,12,4,18,0.00,0,,260
2008-3-5,79,60,41,52,34,19,72,45,18,29.94,29.88,29.80,10,10,10,14,5,23,0.00,1,,166
2008-3-6,61,50,38,51,37,31,85,70,55,30.09,29.96,29.88,10,8,2,20,9,35,0.21,8,Rain-Thunderstorm,352
2008-3-7,61,49,37,30,22,13,76,47,17,30.19,30.15,30.08,10,10,10,21,8,32,0.00,3,,335
2008-3-8,66,50,33,35,23,8,64,42,19,30.27,30.17,30.05,10,10,10,13,5,23,0.00,0,,144
2008-3-9,70,56,41,52,45,35,83,66,49,30.16,30.11,30.05,10,10,9,20,6,31,0.01,6,Rain,134
2008-3-10,61,55,49,54,52,48,93,83,72,30.33,30.25,30.14,10,7,2,13,3,20,0.96,7,Rain-Thunderstorm,359
2008-3-11,71,59,47,48,43,33,86,56,26,30.34,30.26,30.14,10,7,2,9,2,14,0.00,3,,332
2008-3-12,78,61,43,48,40,36,82,54,25,30.15,30.05,29.91,10,10,10,13,5,24,0.00,0,,179
2008-3-13,81,69,56,63,55,48,86,66,45,29.93,29.82,29.67,10,10,6,17,7,26,0.00,6,,189
2008-3-14,96,80,63,63,51,22,93,50,7,29.78,29.64,29.45,10,8,3,16,5,26,0.00,3,,206
2008-3-15,84,73,61,45,37,26,52,35,17,29.88,29.72,29.49,10,10,10,15,6,21,0.00,0,,352
2008-3-16,75,64,52,62,53,44,87,70,52,29.95,29.87,29.82,10,9,4,17,9,28,0.00,4,,106
2008-3-17,78,72,66,67,64,61,93,76,58,29.85,29.77,29.65,10,7,2,18,10,30,0.02,7,Rain,147
2008-3-18,76,64,51,69,59,48,84,78,72,29.84,29.62,29.47,10,7,0,21,11,38,1.04,8,Fog-Rain-Thunderstorm,224
2008-3-19,70,58,46,46,36,24,83,51,18,30.25,30.06,29.86,10,10,10,20,9,32,0.00,2,,332
2008-3-20,76,58,40,42,33,27,85,52,19,30.32,30.24,30.17,10,10,10,14,5,25,0.00,0,,168
2008-3-21,79,63,46,47,44,40,86,56,25,30.17,30.09,30.00,10,10,6,15,5,24,0.00,1,,186
2008-3-22,80,66,51,51,48,44,89,60,30,30.12,30.06,29.99,10,10,10,12,4,17,0.00,0,,79
2008-3-23,66,60,54,39,35,31,43,37,31,30.43,30.27,30.09,10,10,10,16,9,26,0.00,3,,25
2008-3-24,69,58,47,42,30,23,61,41,21,30.47,30.37,30.25,10,10,10,14,5,24,0.00,2,,136
2008-3-25,79,64,49,55,49,43,86,63,39,30.26,30.16,30.05,10,10,8,18,8,33,0.00,3,,178
2008-3-26,85,75,64,63,60,56,87,66,44,30.10,30.02,29.92,10,10,5,20,9,30,0.00,7,,174
2008-3-27,85,75,65,60,59,58,78,62,45,29.95,29.83,29.73,10,10,10,15,9,28,0.00,5,,182
2008-3-28,73,65,56,63,58,51,81,73,64,30.02,29.89,29.79,10,8,4,13,6,21,T,8,Rain,348
2008-3-29,76,66,55,61,55,48,87,74,60,30.06,29.98,29.89,7,5,2,8,2,13,0.01,6,Rain-Thunderstorm,12
2008-3-30,82,76,69,70,67,62,90,76,62,29.97,29.92,29.84,10,7,2,15,5,24,0.03,7,Rain,160
2008-3-31,78,74,70,69,67,66,90,79,67,29.91,29.86,29.78,10,8,2,15,7,25,0.03,7,Rain,168
2008-4-1,79,70,61,67,59,46,84,65,46,30.17,30.02,29.86,10,9,6,14,5,21,0.00,5,,9
2008-4-2,78,69,60,66,58,49,84,72,60,30.16,30.07,29.96,10,9,5,9,4,15,T,6,Rain,83
2008-4-3,81,75,69,66,64,63,84,71,58,30.02,29.88,29.72,10,10,7,17,8,31,T,7,Rain,168
2008-4-4,71,63,55,65,57,44,87,64,40,30.01,29.84,29.71,10,9,2,16,7,24,0.14,6,Rain-Thunderstorm,337
2008-4-5,77,61,45,44,40,35,83,53,23,30.04,29.93,29.81,10,10,10,9,3,16,0.00,0,,82
2008-4-6,87,72,57,57,53,46,86,57,27,29.88,29.84,29.75,10,9,6,12,7,21,0.00,4,,170
2008-4-7,88,77,65,64,61,56,87,61,34,29.92,29.84,29.72,10,10,6,17,6,30,0.00,5,,165
2008-4-8,90,80,70,65,63,60,84,61,38,29.84,29.79,29.73,10,9,7,14,7,23,0.00,5,,168
2008-4-9,77,74,70,70,67,64,84,77,69,29.88,29.74,29.55,10,8,4,18,9,32,T,7,Rain,147
2008-4-10,86,73,59,67,54,40,90,55,20,29.73,29.64,29.50,10,8,2,21,4,43,0.29,5,Rain-Thunderstorm,183
2008-4-11,81,70,59,59,39,30,73,46,19,30.02,29.88,29.72,10,10,7,13,6,21,0.00,2,Rain,355
2008-4-12,75,63,50,42,34,26,61,40,18,30.24,30.15,30.03,10,10,10,17,5,25,0.00,0,,356
2008-4-13,76,63,49,38,31,23,61,40,19,30.34,30.27,30.21,10,10,10,16,7,24,0.00,0,,354
2008-4-14,75,58,41,34,29,25,70,44,17,30.38,30.29,30.20,10,10,10,10,3,15,0.00,0,,70
2008-4-15,80,62,43,49,40,32,65,45,25,30.25,30.15,30.03,10,10,10,16,6,26,0.00,0,,161
2008-4-16,77,66,55,56,52,48,77,62,47,30.07,29.99,29.89,10,10,10,17,8,28,0.00,6,,168
2008-4-17,84,72,59,60,58,54,78,58,37,29.93,29.86,29.76,10,9,1,20,9,31,0.93,6,Rain-Thunderstorm,170
2008-4-18,77,64,50,57,44,33,84,53,21,30.12,30.02,29.91,10,9,2,15,5,25,0.08,3,Rain-Thunderstorm,340
2008-4-19,86,68,50,46,41,35,68,43,17,30.09,30.00,29.90,10,10,10,14,4,21,0.00,0,,184
2008-4-20,80,68,55,65,57,45,79,66,52,29.96,29.88,29.78,10,10,10,14,5,23,0.00,5,,152
2008-4-21,86,78,70,68,66,64,90,71,51,29.90,29.84,29.80,10,8,3,12,5,18,T,8,Rain,172
2008-4-22,92,82,72,70,67,62,87,64,41,29.96,29.88,29.82,10,6,2,12,5,18,T,6,Rain,171
2008-4-23,90,81,72,68,65,57,84,62,40,30.01,29.92,29.78,10,8,4,20,8,31,0.00,5,,161
2008-4-24,88,80,72,66,65,63,79,63,46,29.94,29.86,29.78,10,10,10,16,8,28,0.00,6,,158
2008-4-25,85,74,63,68,65,59,84,71,58,30.02,29.88,29.81,10,8,1,15,6,26,0.74,6,Rain-Thunderstorm,180
2008-4-26,83,73,63,63,59,53,73,60,47,30.04,29.96,29.87,10,10,7,10,4,16,0.00,2,Thunderstorm,96
2008-4-27,70,63,55,63,55,42,87,71,55,30.24,30.08,29.89,10,7,0,22,9,32,1.34,6,Fog-Rain-Thunderstorm,4
2008-4-28,78,63,47,44,38,32,66,44,21,30.28,30.20,30.12,10,10,10,8,2,13,0.00,0,,331
2008-4-29,81,66,50,48,40,35,63,42,20,30.15,30.07,29.96,10,10,10,15,6,24,0.00,0,,169
2008-4-30,85,70,54,61,55,48,83,63,43,29.97,29.83,29.74,10,10,10,17,8,30,0.00,1,,175
2008-5-1,86,78,70,68,65,61,79,65,51,29.75,29.67,29.58,10,9,7,15,8,28,0.00,6,,173
2008-5-2,88,78,68,67,56,44,74,48,22,29.83,29.70,29.60,10,9,6,15,5,28,0.00,4,,200
2008-5-3,78,69,59,51,41,32,67,47,27,30.12,30.01,29.83,10,10,10,15,6,25,0.00,0,,6
2008-5-4,83,70,57,61,51,44,62,49,36,30.12,30.05,29.98,10,10,10,10,4,17,0.10,2,Rain-Thunderstorm,102
2008-5-5,73,70,67,68,64,62,90,82,73,30.06,30.03,29.99,10,6,1,12,6,22,0.11,8,Rain-Thunderstorm,117
2008-5-6,85,77,68,70,66,63,84,70,55,30.03,29.93,29.78,10,8,4,17,6,28,T,6,Rain,139
2008-5-7,90,80,69,67,59,24,84,47,10,29.78,29.65,29.55,10,9,7,17,7,26,T,5,,188
2008-5-8,91,77,63,61,53,34,67,44,21,29.81,29.73,29.67,10,10,10,10,4,15,0.00,0,,314
2008-5-9,97,84,70,70,67,64,90,63,35,29.78,29.73,29.68,10,6,2,10,5,18,0.00,0,Thunderstorm,159
2008-5-10,95,86,76,76,70,66,85,66,46,29.81,29.70,29.61,9,5,2,13,5,23,0.18,4,Rain-Thunderstorm,180
2008-5-11,81,72,63,74,42,33,79,49,19,30.07,29.97,29.74,10,10,4,21,8,40,0.00,2,,23
2008-5-12,78,69,60,64,51,40,69,55,40,29.98,29.89,29.78,10,10,10,15,5,25,0.00,6,,127
2008-5-13,89,82,74,73,70,65,84,70,55,29.89,29.77,29.70,10,7,4,15,6,21,0.04,7,Rain-Thunderstorm,157
2008-5-14,90,78,65,72,69,63,87,72,56,29.91,29.80,29.66,10,7,2,22,5,37,1.04,6,Rain-Thunderstorm,107
2008-5-15,81,73,65,64,61,55,87,68,48,30.01,29.88,29.74,10,9,0,15,6,26,0.06,5,Fog-Rain-Thunderstorm,1
2008-5-16,80,73,65,55,51,49,63,48,33,30.09,30.05,30.02,10,10,10,15,5,23,T,0,,12
2008-5-17,83,72,61,59,54,50,78,56,34,30.05,29.99,29.92,10,10,10,8,1,12,T,3,Rain,297
2008-5-18,93,77,61,56,52,45,78,49,20,29.92,29.87,29.79,10,10,10,9,3,16,0.00,1,,298
2008-5-19,98,79,60,60,51,45,78,48,17,29.85,29.77,29.68,10,10,10,10,3,17,0.00,0,,190
2008-5-20,101,86,70,67,59,49,68,43,18,29.81,29.73,29.67,10,10,10,12,4,20,0.00,0,,175
2008-5-21,97,86,74,70,67,63,87,61,34,29.74,29.64,29.49,10,10,10,16,8,26,0.00,4,,167
2008-5-22,95,85,75,72,70,68,87,66,44,29.61,29.51,29.41,10,8,4,18,10,29,0.03,5,Rain-Thunderstorm,159
2008-5-23,100,89,78,71,70,66,79,56,33,29.70,29.61,29.54,10,10,9,16,10,26,0.00,3,,156
2008-5-24,98,88,78,72,71,69,79,61,42,29.91,29.80,29.71,10,9,7,14,8,24,0.00,4,,153
2008-5-25,99,89,79,72,70,64,79,57,35,29.97,29.88,29.75,10,10,10,15,7,26,0.00,5,,152
2008-5-26,96,87,78,75,71,66,85,63,41,29.91,29.83,29.74,10,9,2,16,8,25,0.12,5,Rain,162
2008-5-27,99,86,72,72,68,61,84,59,33,29.98,29.90,29.83,10,10,5,20,7,38,0.02,5,Rain,153
2008-5-28,95,83,71,67,64,61,79,56,33,30.11,30.04,29.95,10,10,10,9,4,14,0.00,3,,90
2008-5-29,94,84,73,69,65,61,84,60,36,30.10,30.02,29.93,10,10,10,13,4,21,0.00,2,,143
2008-5-30,96,84,71,66,62,55,79,54,28,30.03,29.95,29.88,10,10,10,13,6,21,0.00,1,,181
2008-5-31,99,87,74,68,66,60,84,57,29,30.03,29.95,29.85,10,10,10,14,7,26,0.00,3,,176
2008-6-1,100,88,75,70,65,60,82,56,29,29.95,29.90,29.84,10,10,10,14,7,23,0.00,1,,175
2008-6-2,101,89,76,70,67,60,82,56,29,29.98,29.90,29.79,10,10,10,16,9,28,0.00,3,,179
2008-6-3,100,89,77,70,66,60,76,53,29,29.92,29.78,29.66,10,10,10,17,10,30,0.00,3,,183
2008-6-4,99,88,77,70,67,64,76,55,33,29.75,29.67,29.57,10,10,10,20,12,32,0.00,4,,178
2008-6-5,95,88,80,71,69,66,74,59,44,29.72,29.66,29.61,10,10,10,23,13,38,0.00,5,,171
2008-6-6,97,87,77,75,71,68,85,64,42,29.95,29.86,29.71,10,8,2,16,8,28,0.23,6,Rain,167
2008-6-7,100,90,79,72,70,66,79,57,35,30.01,29.92,29.83,10,10,10,18,10,28,T,4,Rain,167
2008-6-8,100,90,79,72,70,64,79,56,33,29.98,29.90,29.80,10,10,8,17,9,29,0.00,4,,171
2008-6-9,101,90,79,72,68,60,79,54,29,29.93,29.85,29.74,10,10,10,15,9,28,0.00,3,,177
2008-6-10,102,90,78,70,67,61,74,51,27,29.99,29.90,29.83,10,10,10,21,7,31,T,4,,178
2008-6-11,101,89,77,70,67,59,74,51,27,29.94,29.85,29.74,10,10,10,17,9,26,0.00,4,,174
2008-6-12,99,89,78,70,67,62,74,54,33,29.95,29.87,29.79,10,10,10,16,8,28,0.00,4,,171
2008-6-13,99,88,76,72,68,63,87,59,31,30.00,29.93,29.86,10,10,10,15,7,25,0.00,4,,168
2008-6-14,99,88,76,72,68,61,87,59,30,30.05,29.96,29.86,10,10,10,12,6,21,0.00,3,,171
2008-6-15,101,88,75,70,65,58,82,54,26,29.95,29.88,29.77,10,10,10,13,6,24,0.00,1,,171
2008-6-16,101,88,75,70,65,58,82,53,24,29.95,29.88,29.81,10,10,10,14,6,22,0.00,1,,172
2008-6-17,101,88,74,72,66,58,82,53,24,30.01,29.94,29.87,10,10,10,12,5,23,0.00,1,,166
2008-6-18,103,89,74,67,63,59,79,53,26,29.94,29.86,29.76,10,10,10,10,2,15,0.00,1,,156
2008-6-19,100,88,75,66,63,56,73,47,25,29.94,29.84,29.75,10,10,10,12,5,18,0.00,0,,157
2008-6-20,92,83,74,68,64,59,74,54,34,30.01,29.95,29.88,10,10,9,18,3,28,T,1,,349
2008-6-21,97,84,70,68,62,54,74,53,31,30.09,30.04,29.98,10,10,10,16,3,25,T,0,Rain-Thunderstorm,337
2008-6-22,100,84,68,63,56,48,73,46,18,30.07,30.01,29.92,10,10,10,12,3,20,0.00,0,,43
2008-6-23,100,86,72,65,57,48,68,43,18,30.02,29.97,29.94,10,10,10,14,4,20,0.00,0,,139
2008-6-24,98,87,75,70,67,57,82,55,27,30.14,30.06,29.99,10,10,10,18,7,28,0.00,2,,170
2008-6-25,100,88,76,72,67,55,87,56,24,30.14,30.07,29.94,10,10,10,16,8,28,0.00,2,,178
2008-6-26,100,89,77,72,67,57,82,55,27,30.09,29.98,29.83,10,10,10,17,8,28,0.00,3,Thunderstorm,176
2008-6-27,101,89,76,70,66,58,76,51,26,30.01,29.91,29.83,10,10,10,16,8,28,0.00,1,,176
2008-6-28,101,89,76,70,66,61,82,56,29,30.02,29.95,29.86,10,10,10,16,8,28,0.00,1,,176
2008-6-29,100,86,71,72,67,57,87,56,24,30.16,30.08,29.97,10,9,2,15,5,23,0.45,4,Rain-Thunderstorm,171
2008-6-30,93,82,71,70,66,60,90,63,36,30.15,30.09,30.01,10,10,5,10,2,15,0.06,1,Rain-Thunderstorm,64
2008-7-1,98,85,72,68,62,48,79,50,20,30.06,30.01,29.94,10,10,10,10,3,18,0.00,0,,135
2008-7-2,93,81,69,71,67,63,90,66,41,30.02,29.96,29.91,10,10,10,14,3,22,T,1,Rain-Thunderstorm,175
2008-7-3,98,85,71,72,68,62,93,63,33,30.06,29.98,29.91,10,10,10,17,3,33,T,3,Rain-Thunderstorm,176
2008-7-4,96,84,71,70,67,62,93,66,38,30.06,30.01,29.96,10,10,10,15,4,24,0.00,1,,172
2008-7-5,97,84,71,68,66,62,90,62,33,30.04,29.99,29.94,10,10,10,17,5,33,T,1,Rain,183
2008-7-6,96,83,69,70,65,60,90,61,31,30.05,29.96,29.89,10,10,10,14,6,23,0.00,1,,169
2008-7-7,98,86,73,75,70,64,94,65,36,30.04,29.98,29.93,10,9,3,21,3,35,0.08,2,Rain-Thunderstorm,169
2008-7-8,97,85,73,73,71,67,93,70,46,30.05,29.99,29.94,10,10,6,20,3,30,T,3,Rain-Thunderstorm,168
2008-7-9,100,86,72,73,70,61,94,62,29,30.08,30.02,29.92,10,10,10,16,4,28,0.00,3,,162
2008-7-10,98,87,75,73,69,64,94,64,33,30.11,30.03,29.96,10,10,10,16,6,23,0.00,2,,181
2008-7-11,100,88,76,72,68,58,87,57,26,30.11,30.03,29.94,10,10,10,16,8,35,0.00,3,,182
2008-7-12,101,87,73,71,66,55,87,55,23,30.10,30.01,29.91,10,10,10,14,7,25,0.00,1,,184
2008-7-13,101,87,73,72,66,58,93,59,24,30.02,29.94,29.82,10,10,8,,,,0.00,1,,-1
2008-7-14,105,90,75,71,67,59,82,54,25,29.94,29.90,29.83,10,10,10,17,3,30,0.00,0,Thunderstorm,96
2008-7-15,100,88,75,72,67,60,87,58,29,29.99,29.94,29.90,10,10,10,12,4,20,0.00,0,,138
2008-7-16,97,87,77,73,69,62,85,60,34,30.09,30.02,29.95,10,10,10,10,4,17,T,1,Rain,169
2008-7-17,100,87,74,71,65,57,82,54,26,30.04,29.97,29.88,10,10,10,13,5,22,0.00,0,,162
2008-7-18,99,87,74,72,66,57,87,57,27,30.03,29.94,29.83,10,10,10,16,6,28,0.00,1,,168
2008-7-19,100,87,73,72,68,59,93,61,28,30.03,29.97,29.90,10,10,10,10,6,20,0.00,2,,173
2008-7-20,101,88,75,71,64,55,82,53,24,30.09,30.01,29.95,10,10,10,12,5,20,0.00,0,,179
2008-7-21,102,90,78,70,64,55,74,48,21,30.02,29.95,29.84,10,10,10,12,5,18,0.00,0,,146
2008-7-22,102,89,75,71,64,59,69,48,27,29.93,29.88,29.80,10,10,10,20,5,31,0.00,0,,142
2008-7-23,98,87,76,73,70,65,87,61,35,29.96,29.89,29.79,10,10,10,21,6,33,T,2,Thunderstorm,100
2008-7-24,90,83,75,76,74,71,94,80,65,30.02,29.96,29.88,10,9,1,16,4,26,0.30,5,Rain-Thunderstorm,102
2008-7-25,98,87,76,76,72,64,100,68,35,30.12,30.04,29.99,10,8,5,14,6,22,0.00,4,,144
2008-7-26,100,88,75,74,68,58,94,59,24,30.16,30.06,29.92,10,9,6,12,5,17,0.00,3,,196
2008-7-27,102,88,74,72,63,49,87,52,16,30.01,29.92,29.82,10,10,7,12,5,20,0.00,1,,194
2008-7-28,103,90,76,72,67,58,87,56,24,29.93,29.84,29.76,10,10,10,14,7,24,0.00,2,,187
2008-7-29,102,89,75,72,68,60,87,57,27,29.92,29.84,29.73,10,10,10,15,7,22,0.00,2,,181
2008-7-30,99,87,75,73,69,64,87,60,33,29.90,29.82,29.70,10,10,10,12,6,21,0.00,3,,207
2008-7-31,102,91,79,74,70,63,85,58,31,29.89,29.79,29.70,10,9,7,13,6,23,0.00,3,,201
2008-8-1,101,89,77,74,69,62,87,58,29,29.96,29.86,29.80,10,9,6,15,6,24,0.00,2,,189
2008-8-2,102,90,78,74,68,61,85,56,27,30.00,29.91,29.82,10,10,10,10,4,21,0.00,2,,193
2008-8-3,105,90,75,73,65,57,87,55,23,29.96,29.89,29.81,10,10,10,20,4,32,0.00,0,,173
2008-8-4,103,90,76,67,63,59,74,50,25,29.95,29.88,29.82,10,10,10,12,3,17,0.00,0,,134
2008-8-5,96,87,77,70,66,60,71,54,36,29.91,29.89,29.84,10,10,10,10,2,20,T,1,Rain-Thunderstorm,1
2008-8-6,99,86,73,73,69,62,94,64,33,30.01,29.96,29.91,10,9,3,13,6,21,0.15,3,Rain,174
2008-8-7,101,89,77,73,68,59,87,57,26,30.08,29.97,29.86,10,10,10,12,5,21,0.00,2,,182
2008-8-8,102,88,74,72,66,58,87,56,24,29.98,29.91,29.81,10,10,10,12,5,17,0.00,0,,193
2008-8-9,102,89,76,72,65,57,87,56,24,29.93,29.86,29.76,10,10,10,12,6,22,0.00,0,,191
2008-8-10,104,91,77,72,67,60,82,54,25,29.90,29.80,29.68,10,10,10,16,7,23,0.00,1,,185
2008-8-11,100,89,78,74,70,64,79,57,35,29.89,29.79,29.68,10,9,7,12,5,24,0.00,4,,187
2008-8-12,92,85,78,76,72,68,91,72,53,29.86,29.78,29.70,10,10,6,10,3,18,0.03,3,Rain-Thunderstorm,208
2008-8-13,100,88,76,71,66,58,79,53,26,29.85,29.80,29.76,10,10,10,12,4,18,0.00,1,,39
2008-8-14,101,88,74,72,66,57,87,56,24,29.90,29.84,29.78,10,10,10,13,4,22,0.00,0,,146
2008-8-15,99,88,76,74,70,64,94,65,36,29.99,29.91,29.83,10,9,6,15,3,24,T,3,Thunderstorm,157
2008-8-16,93,83,73,72,69,64,93,70,47,30.03,29.96,29.89,10,9,7,15,2,23,0.03,3,Rain-Thunderstorm,58
2008-8-17,93,83,73,73,69,66,93,69,44,30.00,29.94,29.84,10,10,7,12,4,20,0.07,4,Rain,91
2008-8-18,86,80,74,75,73,69,100,81,61,29.94,29.89,29.81,10,7,2,12,3,20,0.04,5,Rain-Thunderstorm,176
2008-8-19,87,79,70,75,72,66,94,80,65,29.90,29.85,29.77,10,6,0,20,3,37,1.92,7,Fog-Rain-Thunderstorm,144
2008-8-20,94,84,73,73,69,61,93,65,36,29.89,29.83,29.76,10,10,7,9,3,14,0.00,4,,231
2008-8-21,97,86,74,74,72,69,94,69,43,29.94,29.86,29.79,10,10,6,12,4,21,0.00,3,Thunderstorm,180
2008-8-22,97,86,74,75,72,67,91,65,38,30.00,29.94,29.88,10,10,5,18,4,30,0.02,3,Rain-Thunderstorm,183
2008-8-23,96,85,73,74,70,63,93,65,36,30.07,29.99,29.90,10,10,10,9,2,14,0.00,4,Thunderstorm,58
2008-8-24,96,85,74,72,69,64,87,61,35,29.95,29.90,29.84,10,10,10,13,3,20,0.00,2,Thunderstorm,326
2008-8-25,97,86,74,75,71,66,87,64,41,29.88,29.83,29.76,10,9,2,10,2,17,0.11,1,Rain-Thunderstorm,316
2008-8-26,96,85,73,72,70,66,93,67,41,29.86,29.82,29.78,10,10,10,15,2,23,0.00,0,Thunderstorm,165
2008-8-27,97,86,74,73,70,66,93,66,39,29.94,29.85,29.79,10,10,10,10,3,18,0.00,1,,184
2008-8-28,96,86,76,74,71,66,87,63,39,29.92,29.86,29.78,10,10,8,15,4,22,T,3,Rain-Thunderstorm,171
2008-8-29,98,87,76,74,70,65,87,64,41,29.95,29.90,29.84,10,10,10,10,2,16,0.00,1,Thunderstorm,178
2008-8-30,96,86,75,71,67,63,87,63,38,29.97,29.91,29.86,10,10,5,12,3,18,0.02,1,Rain-Thunderstorm,105
2008-8-31,97,86,74,71,68,63,82,58,34,29.94,29.87,29.79,10,9,6,14,2,21,T,1,,104
2008-9-1,97,86,74,70,66,62,82,58,33,29.84,29.76,29.66,10,10,8,13,4,18,0.00,1,,13
2008-9-2,101,88,75,69,65,61,74,51,27,29.75,29.70,29.65,10,10,10,14,6,24,0.00,0,,325
2008-9-3,93,85,77,68,65,62,71,54,36,29.80,29.76,29.71,10,10,10,14,7,24,0.00,1,,336
2008-9-4,95,82,69,63,61,59,73,52,30,29.88,29.81,29.74,10,10,10,12,4,21,0.00,0,,355
2008-9-5,96,84,71,64,62,58,79,53,27,29.92,29.87,29.82,10,10,10,8,4,14,0.00,0,,58
2008-9-6,97,83,68,70,61,48,81,51,20,30.01,29.94,29.88,10,10,10,10,2,14,0.00,2,,136
2008-9-7,96,82,67,66,62,56,84,56,28,30.05,29.97,29.91,10,10,10,12,4,17,0.00,0,,115
2008-9-8,96,85,74,73,68,63,87,61,34,30.03,29.95,29.84,10,10,9,13,4,21,T,5,,149
2008-9-9,97,86,75,73,69,62,94,64,34,30.01,29.92,29.83,10,10,8,10,3,16,0.00,5,,142
2008-9-10,95,86,77,72,68,60,82,58,33,29.98,29.90,29.80,10,10,10,12,4,23,0.00,4,,137
2008-9-11,99,87,75,73,70,63,94,64,34,29.95,29.86,29.74,10,10,8,13,6,18,0.00,4,,135
2008-9-12,97,87,76,70,69,67,76,57,38,29.81,29.69,29.56,10,10,10,15,6,25,0.00,1,,27
2008-9-13,97,88,78,72,70,66,79,59,38,29.73,29.53,29.42,10,10,10,18,8,30,0.01,3,,333
2008-9-14,94,85,76,75,64,57,94,64,34,30.07,29.88,29.74,10,10,10,16,6,25,0.00,1,Thunderstorm,25
2008-9-15,79,73,66,59,47,41,61,45,29,30.23,30.15,30.07,10,10,10,16,6,28,0.00,0,,18
2008-9-16,86,75,63,47,41,32,52,34,16,30.26,30.19,30.12,10,10,10,14,4,21,0.00,0,,3
2008-9-17,83,71,59,54,50,46,75,53,30,30.21,30.15,30.09,10,10,10,10,2,17,0.00,0,,64
2008-9-18,84,74,63,60,56,52,87,62,36,30.16,30.10,30.05,10,10,10,9,2,15,0.01,1,Rain,68
2008-9-19,88,74,60,59,56,50,90,60,29,30.10,30.05,29.97,10,10,6,10,2,18,0.00,0,,47
2008-9-20,91,76,61,60,57,53,90,60,29,30.08,30.03,29.96,10,10,7,10,2,16,0.00,0,,69
2008-9-21,92,78,64,65,60,54,87,58,29,30.10,30.05,30.00,10,9,5,9,3,15,0.00,1,,88
2008-9-22,94,80,66,65,62,55,87,59,30,30.14,30.08,30.01,10,10,6,12,4,18,T,1,,120
2008-9-23,91,80,70,65,63,58,81,56,32,30.14,30.08,30.01,10,10,10,9,3,,0.00,1,,110
2008-9-24,91,81,71,67,63,55,81,59,31,30.14,30.10,30.04,10,10,10,8,2,20,0.00,1,,52
2008-9-25,90,78,69,64,55,48,76,49,25,30.19,30.12,30.06,10,10,10,10,3,18,0.00,1,,51
2008-9-26,91,76,64,59,54,49,76,49,26,30.13,30.05,29.98,10,10,9,7,2,,0.00,0,,347
2008-9-27,91,76,64,57,52,49,75,46,25,30.06,30.02,29.96,10,10,7,7,2,,0.00,0,,67
2008-9-28,90,76,63,53,49,44,63,41,22,30.09,30.05,30.01,10,10,10,7,1,,0.00,0,,33
2008-9-29,91,76,61,54,49,43,72,43,19,30.12,30.06,30.01,10,10,10,7,1,,0.00,0,,3
2008-9-30,96,80,64,56,50,47,63,39,20,30.14,30.07,29.99,10,10,10,9,3,18,0.00,0,,354
2008-10-1,90,75,59,50,44,38,69,43,17,30.12,30.04,29.96,10,10,10,8,1,13,0.00,0,,94
2008-10-2,92,76,60,55,46,41,69,44,18,30.03,29.96,29.87,10,10,10,10,2,15,0.00,0,,180
2008-10-3,93,80,67,64,59,57,87,60,32,29.99,29.93,29.88,10,10,10,13,5,22,0.00,0,,180
2008-10-4,92,79,66,65,58,48,93,59,24,30.06,30.01,29.94,10,10,10,15,7,23,0.00,1,,169
2008-10-5,91,78,64,66,61,57,79,57,34,30.05,29.95,29.83,10,10,10,18,7,29,0.00,4,,154
2008-10-6,87,79,71,68,66,63,84,65,45,29.93,29.88,29.82,10,10,9,13,5,23,T,6,,162
2008-10-7,86,75,64,68,56,35,100,60,19,30.10,30.03,29.94,10,9,0,18,6,26,0.94,3,Fog-Rain-Thunderstorm,340
2008-10-8,89,73,57,51,45,40,72,46,20,30.13,30.05,29.97,10,10,10,8,2,13,0.00,0,,341
2008-10-9,88,71,54,51,47,43,77,49,21,30.04,29.96,29.88,10,10,10,12,3,14,0.00,0,,132
2008-10-10,90,76,61,62,57,51,90,59,27,29.98,29.93,29.86,10,10,9,13,5,20,0.00,0,,158
2008-10-11,90,78,65,67,62,56,87,61,34,30.07,29.99,29.90,10,10,10,15,5,24,0.00,4,,134
2008-10-12,91,79,66,65,63,58,93,63,32,30.03,29.97,29.89,10,8,3,15,7,24,0.00,3,,136
2008-10-13,91,82,72,70,67,63,90,67,44,30.09,30.03,29.96,10,10,8,12,6,18,T,6,Rain,120
2008-10-14,87,79,71,73,70,66,93,77,61,30.11,30.05,29.95,10,9,4,14,3,20,0.04,6,Rain-Thunderstorm,117
2008-10-15,78,72,66,73,70,61,100,91,81,30.15,30.06,29.98,10,6,0,13,3,20,1.03,7,Fog-Rain,355
2008-10-16,70,65,60,60,55,53,84,73,61,30.26,30.20,30.15,10,10,10,12,6,20,0.00,6,,347
2008-10-17,76,66,56,58,56,54,93,72,50,30.26,30.21,30.15,10,10,10,10,3,15,0.00,3,,351
2008-10-18,82,69,56,57,50,43,93,60,26,30.29,30.22,30.16,10,10,7,9,3,16,0.00,0,,6
2008-10-19,82,67,52,55,50,48,83,57,31,30.24,30.17,30.10,10,10,10,8,1,13,0.00,0,,155
2008-10-20,84,71,57,59,56,52,93,64,34,30.24,30.17,30.11,10,10,4,10,3,15,0.00,0,,150
2008-10-21,84,70,56,62,57,52,100,68,36,30.19,30.10,30.01,10,10,4,10,3,18,0.00,1,,166
2008-10-22,85,73,61,65,58,37,100,70,39,30.21,30.02,29.94,10,8,2,21,6,39,0.00,4,,295
2008-10-23,71,60,48,37,32,22,54,35,16,30.26,30.19,30.09,10,10,10,15,3,25,0.00,3,,12
2008-10-24,80,61,42,42,37,34,82,51,19,30.14,30.06,29.97,10,10,10,9,2,14,0.00,0,,170
2008-10-25,85,68,50,54,47,41,77,51,25,30.13,30.05,29.99,10,10,10,8,2,14,0.00,0,,205
2008-10-26,86,73,59,65,60,53,90,65,40,30.30,30.11,30.04,10,10,10,20,2,32,0.00,2,,168
2008-10-27,71,59,46,42,23,10,53,32,11,30.66,30.55,30.34,10,10,10,18,8,31,0.00,0,,10
2008-10-28,71,56,40,32,26,18,65,40,15,30.60,30.51,30.43,10,10,10,8,1,14,0.00,0,,117
2008-10-29,77,60,43,52,37,27,72,47,21,30.41,30.32,30.23,10,10,10,12,3,18,0.00,0,,170
2008-10-30,82,68,53,58,54,51,93,65,36,30.38,30.31,30.26,10,10,10,13,5,22,0.00,1,,174
2008-10-31,83,71,59,60,56,54,90,65,39,30.41,30.35,30.29,10,10,5,9,3,16,0.00,2,,191
2008-11-1,84,70,56,60,55,52,100,67,34,30.35,30.27,30.19,10,10,9,9,1,13,0.00,1,,187
2008-11-2,83,70,56,58,54,50,86,60,33,30.23,30.16,30.09,10,10,10,12,3,17,0.00,1,,172
2008-11-3,81,69,56,58,55,51,93,65,36,30.17,30.10,30.03,10,10,9,12,4,20,0.00,1,,146
2008-11-4,84,72,60,64,59,55,90,66,42,30.11,30.02,29.94,10,10,10,13,5,21,T,4,,154
2008-11-5,86,77,68,65,62,56,87,62,37,29.94,29.85,29.75,10,10,10,18,9,33,0.00,5,,181
2008-11-6,78,65,51,66,44,26,93,54,15,30.05,29.94,29.82,10,10,8,10,3,16,0.01,5,Rain,325
2008-11-7,74,61,48,40,33,25,63,40,16,30.17,30.10,30.04,10,10,10,14,3,23,0.00,1,,4
2008-11-8,78,62,46,40,29,11,66,37,8,30.15,30.07,30.00,10,10,10,8,2,13,0.00,0,,301
2008-11-9,80,62,44,52,40,31,70,44,18,30.08,30.00,29.92,10,10,10,16,5,25,0.00,1,,151
2008-11-10,77,71,64,69,63,54,93,76,58,29.94,29.87,29.80,10,10,9,15,7,23,0.05,8,Rain,143
2008-11-11,79,71,63,70,66,61,93,76,58,29.99,29.89,29.81,10,7,1,13,2,20,0.55,7,Rain-Thunderstorm,338
2008-11-12,76,68,60,63,59,55,100,75,50,29.99,29.91,29.84,10,7,0,10,2,17,0.00,4,Fog,51
2008-11-13,78,66,53,61,57,53,100,75,50,29.99,29.89,29.78,10,8,5,12,3,20,0.00,3,,160
2008-11-14,83,71,58,61,55,35,100,67,34,30.22,29.83,29.73,10,8,4,23,6,40,0.00,5,,248
2008-11-15,60,52,43,36,24,17,49,35,21,30.46,30.38,30.24,10,10,10,22,8,31,0.00,0,,344
2008-11-16,68,52,36,31,26,21,76,47,18,30.45,30.38,30.30,10,10,10,7,1,12,0.00,0,,215
2008-11-17,76,57,38,32,28,21,82,48,13,30.40,30.34,30.27,10,10,10,8,1,13,0.00,0,,195
2008-11-18,73,59,45,41,37,31,65,47,29,30.48,30.40,30.35,10,10,10,9,3,14,0.00,0,,353
2008-11-19,79,63,46,48,43,40,93,60,27,30.38,30.25,30.15,10,10,8,12,2,20,0.00,0,,206
2008-11-20,77,64,50,57,47,27,93,65,37,30.44,30.23,30.13,10,10,4,18,5,29,0.00,2,,342
2008-11-21,55,49,42,30,24,22,49,40,30,30.59,30.50,30.44,10,10,10,16,6,26,0.00,4,,12
2008-11-22,61,55,49,51,37,26,67,52,36,30.44,30.37,30.28,10,10,10,8,2,12,T,8,Rain,136
2008-11-23,75,67,58,63,60,53,100,82,64,30.27,30.17,30.07,10,7,2,10,4,18,0.05,7,Rain,180
2008-11-24,70,60,49,64,46,27,93,57,21,30.37,30.22,30.09,10,10,10,16,6,24,T,4,Rain,346
2008-11-25,71,56,40,35,29,22,76,46,16,30.38,30.28,30.18,10,10,10,7,2,12,0.00,0,,273
2008-11-26,75,61,47,57,47,29,84,65,46,30.18,30.10,30.00,10,10,10,12,3,18,0.00,1,,211
2008-11-27,76,66,55,64,58,54,100,82,64,30.09,30.02,29.93,10,7,0,9,2,13,0.00,4,Fog,150
2008-11-28,76,65,53,67,61,48,93,79,64,29.95,29.89,29.83,10,8,4,10,4,18,0.04,7,Rain,35
2008-11-29,60,55,49,52,48,38,93,74,54,29.90,29.83,29.74,10,8,4,12,4,16,0.02,6,Rain-Thunderstorm,342
2008-11-30,64,54,43,38,33,26,76,52,27,30.00,29.90,29.83,10,10,10,17,5,29,0.00,1,,301
2008-12-1,61,50,38,33,21,6,50,31,12,30.30,30.18,30.02,10,10,10,16,6,30,0.00,1,,326
2008-12-2,75,55,35,53,30,19,72,46,20,30.27,30.13,29.96,10,10,10,16,6,33,0.00,0,,188
2008-12-3,80,63,46,59,50,28,84,57,29,30.22,29.97,29.85,10,10,10,20,10,36,0.00,4,,199
2008-12-4,56,46,36,27,18,14,50,35,19,30.43,30.35,30.23,10,10,10,17,8,26,0.00,0,,11
2008-12-5,52,43,33,21,17,12,56,39,21,30.52,30.39,30.26,10,10,10,12,4,18,0.00,1,,7
2008-12-6,67,48,29,29,24,20,78,49,19,30.26,30.21,30.15,10,10,10,7,1,12,0.00,0,,335
2008-12-7,70,53,36,49,33,25,82,51,19,30.30,30.20,30.08,10,10,10,13,5,22,0.00,0,,164
2008-12-8,74,64,53,65,57,48,93,79,64,30.09,29.86,29.65,10,9,5,17,7,35,0.00,8,,169
2008-12-9,81,58,34,65,49,30,93,63,33,30.20,29.86,29.66,10,8,2,22,7,37,0.18,7,Rain-Snow-Thunderstorm,338
2008-12-10,50,42,33,31,23,14,75,51,26,30.29,30.21,30.15,10,9,2,20,9,31,0.08,3,Rain-Snow,328
2008-12-11,66,50,33,27,22,16,61,40,19,30.27,30.19,30.10,10,10,10,13,5,21,0.00,0,,327
2008-12-12,66,52,38,36,27,17,70,44,17,30.38,30.27,30.17,10,10,10,10,4,18,0.00,0,,211
2008-12-13,73,59,45,55,48,39,93,69,44,30.14,29.94,29.81,10,10,8,18,7,31,0.00,2,,178
2008-12-14,79,70,60,63,59,55,90,69,48,29.92,29.81,29.73,10,10,8,21,9,35,0.00,5,,178
2008-12-15,67,49,31,64,30,14,93,68,43,30.41,30.22,29.92,10,9,2,15,10,24,0.06,8,Rain,352
2008-12-16,37,33,29,34,29,19,92,78,63,30.37,30.22,30.11,10,9,2,10,3,17,0.00,8,,358
2008-12-17,51,44,37,48,42,34,100,87,74,30.21,30.16,30.12,9,5,2,5,0,7,T,8,Rain,102
2008-12-18,67,59,50,66,57,48,100,97,93,30.17,30.08,30.00,4,1,0,8,1,15,0.03,8,Fog-Rain,184
2008-12-19,75,69,63,66,64,60,100,82,64,30.15,30.07,30.00,10,5,0,8,1,15,0.01,7,Fog-Rain,196
2008-12-20,79,67,55,66,58,28,100,65,30,30.08,29.96,29.88,10,7,4,14,4,22,0.00,6,,202
2008-12-21,55,45,35,27,14,6,53,38,22,30.57,30.38,30.09,10,10,10,17,11,29,0.00,6,,18
2008-12-22,37,33,28,19,10,4,51,40,29,30.57,30.42,30.22,10,10,10,12,6,21,0.01,8,Rain,77
2008-12-23,50,42,34,48,38,24,100,76,52,30.20,30.01,29.90,10,4,1,13,3,21,0.02,8,Rain,169
2008-12-24,74,62,50,56,42,27,100,60,19,30.21,30.06,29.90,10,7,1,15,5,21,0.00,4,,11
2008-12-25,71,58,45,65,47,30,93,67,41,30.20,30.10,29.99,10,9,7,12,4,21,0.00,6,,154
2008-12-26,80,75,69,67,66,64,90,74,58,29.99,29.89,29.78,10,10,8,20,11,33,T,7,,168
2008-12-27,77,63,48,66,40,3,84,48,11,30.21,29.93,29.75,10,10,9,21,8,32,0.00,5,,266
2008-12-28,56,47,38,29,22,9,60,38,16,30.37,30.30,30.23,10,10,10,8,1,12,0.01,3,Thunderstorm,18
2008-12-29,71,52,33,32,25,15,89,51,12,30.42,30.34,30.27,10,10,10,8,1,13,0.00,0,,315
2008-12-30,75,57,39,38,30,25,58,38,18,30.27,30.13,30.03,10,10,10,9,2,16,0.00,0,,194
2008-12-31,63,55,46,39,31,26,63,44,25,30.32,30.22,30.09,10,10,10,16,5,28,0.00,0,,18
