
CST,Max TemperatureF,Mean TemperatureF,Min TemperatureF,Max Dew PointF,MeanDew PointF,Min DewpointF,Max Humidity, Mean Humidity, Min Humidity, Max Sea Level PressureIn, Mean Sea Level PressureIn, Min Sea Level PressureIn, Max VisibilityMiles, Mean VisibilityMiles, Min VisibilityMiles, Max Wind SpeedMPH, Mean Wind SpeedMPH, Max Gust SpeedMPH,PrecipitationIn, CloudCover, Events, WindDirDegrees
1982-1-1,61,50,39,52,39,29,87,64,51,30.06,29.95,29.86,20,13,0,14,10,,0.00,3,Fog,63
1982-1-2,75,65,55,65,59,53,97,90,66,29.86,29.75,29.70,10,4,0,13,7,,0.02,6,Fog,194
1982-1-3,77,66,55,64,45,14,97,58,18,30.13,29.78,29.66,20,10,0,25,7,39,0.00,5,Fog,283
1982-1-4,63,54,45,20,14,9,37,22,13,30.36,30.23,30.16,20,14,3,16,10,,0.00,0,,237
1982-1-5,73,54,36,56,38,18,83,53,34,30.20,30.03,29.89,20,17,15,21,7,32,0.00,3,,183
1982-1-6,77,68,60,62,57,55,90,74,50,29.95,29.87,29.81,15,12,0,17,10,22,0.00,7,Fog,186
1982-1-7,66,50,34,64,27,16,93,54,40,30.51,30.21,29.90,20,13,0,24,14,34,0.02,8,Fog-Rain,360
1982-1-8,51,40,30,20,15,11,46,37,25,30.57,30.46,30.32,20,20,20,22,14,31,0.00,2,,3
1982-1-9,63,46,30,27,24,20,70,43,25,30.32,30.24,30.16,20,20,20,10,4,,0.00,3,,355
1982-1-10,43,31,19,29,12,-6,65,42,29,30.69,30.39,30.14,20,20,20,30,13,41,0.00,4,,9
1982-1-11,28,19,10,5,-6,-10,39,32,23,30.70,30.45,30.12,20,19,15,17,13,24,0.00,5,Rain,54
1982-1-12,48,38,27,44,31,10,93,83,47,30.15,29.94,29.76,20,7,1,22,11,34,0.42,7,Fog-Rain-Snow,148
1982-1-13,33,28,24,24,19,15,81,69,58,30.22,30.08,29.96,20,13,0,23,17,31,0.07,6,Fog-Snow,345
1982-1-14,55,38,21,35,25,16,85,64,44,30.25,30.14,30.00,20,19,10,15,8,,0.00,0,,183
1982-1-15,64,52,39,38,31,22,63,48,35,29.99,29.92,29.84,20,17,15,18,10,25,0.00,1,,192
1982-1-16,45,36,28,34,24,7,79,57,41,30.50,30.25,29.96,20,15,10,30,14,45,0.00,3,,348
1982-1-17,42,30,19,29,14,4,67,52,43,30.51,30.26,30.03,20,18,15,15,9,25,0.00,4,,157
1982-1-18,66,54,42,50,45,30,90,72,50,30.02,29.94,29.85,20,11,4,14,8,21,0.00,6,Fog,190
1982-1-19,69,56,42,62,52,40,97,87,75,30.06,29.99,29.94,10,6,0,15,4,,0.00,5,Fog,154
1982-1-20,73,68,63,69,66,62,97,93,84,30.06,29.99,29.94,10,3,0,10,4,,0.10,8,Fog-Rain,155
1982-1-21,72,68,64,67,66,64,97,91,84,30.06,29.98,29.88,10,4,0,15,5,,0.00,8,Fog-Rain,153
1982-1-22,78,71,64,67,62,40,90,75,39,30.02,29.84,29.74,15,9,4,18,12,23,0.00,7,Fog,198
1982-1-23,61,52,43,39,25,21,51,36,26,30.29,30.18,30.03,20,17,7,17,11,22,0.00,3,,13
1982-1-24,71,54,37,48,35,25,77,53,34,30.19,30.08,29.95,20,20,20,16,6,23,0.00,0,,181
1982-1-25,72,62,52,57,45,24,97,63,32,30.34,30.07,29.91,20,11,1,23,9,33,0.00,4,Fog,161
1982-1-26,63,52,42,30,23,20,55,34,20,30.46,30.34,30.20,20,20,20,16,12,,0.42,0,,98
1982-1-27,71,58,44,56,48,34,83,72,59,30.17,30.06,29.97,20,14,10,16,9,24,0.00,6,,183
1982-1-28,71,64,57,62,56,44,90,75,55,30.19,30.10,30.05,20,10,7,12,7,,0.00,6,Rain,162
1982-1-29,73,68,64,64,63,61,90,80,64,30.04,29.87,29.74,15,11,7,25,14,34,0.00,8,Rain,157
1982-1-30,70,60,48,64,54,35,90,76,56,29.96,29.75,29.66,20,14,5,21,16,32,0.22,6,Fog-Rain,245
1982-1-31,57,49,41,35,30,27,63,50,31,30.30,30.15,29.95,20,19,15,29,18,45,0.00,2,Rain,347
1982-2-1,57,46,36,45,37,30,79,69,57,30.22,30.10,29.99,20,20,15,17,6,24,0.00,5,,111
1982-2-2,63,54,46,49,42,33,93,70,37,30.07,29.98,29.91,20,12,1,20,10,,0.08,7,Fog-Rain,348
1982-2-3,48,41,33,31,28,25,78,62,48,30.29,30.19,30.08,20,20,15,22,16,34,0.00,1,,356
1982-2-4,43,38,32,31,28,25,79,71,60,30.35,30.27,30.18,15,10,7,15,12,,0.00,8,,30
1982-2-5,39,32,26,33,27,19,89,82,70,30.56,30.38,30.22,15,8,2,21,16,29,0.05,8,Fog-Rain,358
1982-2-6,34,28,21,19,13,8,75,54,40,30.67,30.58,30.53,15,15,15,18,15,26,0.00,7,,360
1982-2-7,45,36,28,28,20,14,61,50,42,30.54,30.36,30.21,15,15,15,12,7,,0.00,7,,88
1982-2-8,54,46,39,51,43,31,97,89,60,30.18,29.99,29.87,15,4,0,14,9,,0.01,8,Fog-Rain,160
1982-2-9,52,42,33,50,31,22,96,65,42,30.31,30.18,29.90,20,16,1,25,13,39,0.00,5,Fog,354
1982-2-10,46,36,27,34,28,22,81,71,60,30.29,30.19,30.09,20,13,8,12,7,,0.00,6,,110
1982-2-11,60,47,34,43,37,29,86,67,49,30.27,30.18,30.08,15,9,3,10,4,,0.00,5,,75
1982-2-12,66,54,42,52,41,30,77,63,44,30.44,30.22,30.08,15,10,4,26,10,34,0.00,6,,306
1982-2-13,50,42,34,31,29,27,76,64,48,30.51,30.40,30.25,15,13,10,15,10,,0.00,5,,10
1982-2-14,57,48,39,51,40,32,84,72,62,30.26,30.07,29.95,10,8,5,15,6,,0.00,8,,162
1982-2-15,70,62,54,61,56,52,100,87,71,29.97,29.88,29.75,10,4,0,15,7,22,0.00,6,Fog,176
1982-2-16,84,69,54,56,42,38,86,44,21,29.93,29.84,29.77,20,18,10,18,9,,0.00,0,,289
1982-2-17,89,68,46,47,42,39,77,46,19,29.86,29.71,29.61,20,20,20,23,7,30,0.00,0,,287
1982-2-18,73,62,50,48,44,40,68,56,39,30.13,29.99,29.85,20,14,10,18,12,24,0.00,4,,12
1982-2-19,69,62,54,53,49,45,75,65,54,30.25,30.16,30.10,15,10,7,18,12,,0.00,7,,48
1982-2-20,69,63,57,60,56,51,93,82,72,30.16,30.09,30.03,15,6,2,12,5,,0.13,7,Fog-Rain-Thunderstorm,42
1982-2-21,82,70,57,60,47,36,93,55,20,30.14,30.08,30.04,20,18,10,13,8,,0.00,1,,339
1982-2-22,86,69,52,53,45,41,74,45,27,30.16,30.10,30.04,20,20,20,16,6,,0.00,1,,201
1982-2-23,75,62,50,58,51,40,84,65,44,30.17,30.09,30.00,20,13,2,15,8,24,0.00,5,Fog,168
1982-2-24,70,62,54,63,60,49,87,82,76,30.15,30.05,30.00,15,8,6,23,11,30,0.00,8,Rain,142
1982-2-25,54,48,39,49,44,37,90,85,80,30.30,30.20,30.16,10,5,1,23,14,32,0.28,8,Fog-Rain,2
1982-2-26,41,39,37,37,33,31,89,77,70,30.36,30.30,30.25,20,12,4,22,18,40,0.19,8,Rain,348
1982-2-27,59,49,39,38,34,31,77,62,44,30.32,30.27,30.20,20,16,15,15,10,,0.00,3,,359
1982-2-28,64,50,36,43,38,33,89,66,43,30.39,30.32,30.27,20,16,10,9,6,,0.00,1,,21
1982-3-1,70,56,42,45,41,38,85,59,36,30.45,30.35,30.27,15,15,15,9,6,,0.00,0,,56
1982-3-2,73,60,48,50,47,42,90,65,41,30.26,30.06,29.88,15,10,4,20,10,30,0.00,4,Fog,187
1982-3-3,77,66,55,61,56,46,90,74,56,29.88,29.77,29.65,15,8,2,17,11,,0.00,5,Fog,188
1982-3-4,66,60,55,63,51,41,90,69,50,29.86,29.78,29.70,15,11,5,17,11,23,0.05,7,,5
1982-3-5,55,48,39,41,36,31,73,60,54,30.09,29.95,29.85,15,14,10,24,15,37,0.00,8,Rain,11
1982-3-6,52,44,36,32,29,26,82,60,38,30.22,30.11,30.05,20,14,7,25,19,34,0.08,5,Rain-Thunderstorm,337
1982-3-7,63,48,34,30,26,24,76,45,23,30.35,30.25,30.19,20,20,20,10,8,,0.00,0,,308
1982-3-8,70,54,39,46,37,27,82,53,30,30.30,30.23,30.16,20,15,7,18,9,26,0.00,4,,178
1982-3-9,73,60,48,56,52,46,93,75,53,30.28,30.20,30.11,20,13,5,18,9,29,0.00,7,Fog,159
1982-3-10,78,68,59,61,59,56,93,76,54,30.16,30.07,29.93,15,9,2,18,9,23,0.00,7,Fog,172
1982-3-11,82,72,62,65,62,59,90,75,51,29.96,29.89,29.80,10,8,7,16,12,25,0.02,7,,187
1982-3-12,84,76,69,67,65,64,87,74,53,29.87,29.80,29.72,15,9,5,18,14,30,0.00,6,Fog,173
1982-3-13,82,76,70,68,67,65,90,75,56,29.94,29.86,29.81,15,11,4,18,12,26,0.00,7,Fog,155
1982-3-14,81,75,68,67,64,59,90,76,47,29.93,29.84,29.77,15,12,7,17,9,23,0.01,6,Rain,167
1982-3-15,79,74,69,70,68,67,97,84,66,29.84,29.74,29.63,10,5,0,20,8,28,0.02,8,Fog-Rain,166
1982-3-16,75,74,72,70,69,68,93,86,79,29.81,29.76,29.70,15,9,5,14,8,,0.00,8,Fog,150
1982-3-17,84,78,72,71,69,67,97,78,56,29.96,29.86,29.79,15,7,0,14,6,,0.00,7,Fog,156
1982-3-18,86,78,71,70,67,65,93,73,49,30.02,29.94,29.86,20,12,4,20,10,29,0.00,6,Fog,152
1982-3-19,84,78,71,67,66,65,84,68,51,29.89,29.81,29.73,20,15,10,22,14,31,0.00,6,,174
1982-3-20,81,76,71,68,67,65,87,75,60,29.85,29.79,29.75,20,13,10,14,9,,0.00,6,,171
1982-3-21,75,65,55,70,60,51,91,81,63,30.04,29.87,29.77,20,11,3,28,9,34,0.00,8,Fog-Rain,42
1982-3-22,69,62,55,53,50,47,84,71,47,30.12,30.04,29.98,20,16,10,23,15,28,0.16,8,Rain-Thunderstorm,6
1982-3-23,59,57,55,58,54,50,96,86,75,30.00,29.88,29.78,15,8,1,9,7,,0.60,8,Fog-Rain-Thunderstorm,64
1982-3-24,73,65,57,63,60,57,100,89,71,29.82,29.77,29.70,10,5,0,14,6,,0.00,6,Fog,151
1982-3-25,71,64,55,62,53,38,97,74,50,30.16,29.94,29.77,20,6,0,28,9,38,0.00,6,Fog,306
1982-3-26,59,52,46,47,37,29,86,58,46,30.27,30.17,30.09,20,17,7,20,13,25,0.14,6,Rain,43
1982-3-27,48,46,43,46,43,39,93,90,85,30.25,30.12,30.05,15,6,2,17,11,21,0.28,8,Fog-Rain,45
1982-3-28,59,50,42,50,43,38,92,79,67,30.31,30.23,30.14,15,11,4,14,11,,0.00,7,Fog,35
1982-3-29,68,60,51,65,56,47,100,91,83,30.16,30.00,29.87,15,7,0,16,7,23,0.03,8,Fog-Rain,140
1982-3-30,82,74,66,72,69,66,97,85,60,29.98,29.90,29.84,15,8,1,14,9,,0.06,8,Fog-Rain,169
1982-3-31,86,77,68,71,67,63,97,73,51,30.10,30.03,29.95,15,10,1,15,7,,0.00,5,Fog,81
1982-4-1,75,72,69,72,69,65,97,91,81,30.06,29.96,29.83,15,7,1,13,6,,0.03,8,Fog-Rain,146
1982-4-2,90,80,71,74,65,37,91,69,25,29.86,29.71,29.58,10,7,2,21,11,23,0.00,5,Fog-Rain,185
1982-4-3,78,68,57,42,37,30,49,32,19,30.17,30.03,29.84,10,7,3,18,11,25,0.00,4,,70
1982-4-4,73,67,62,70,58,44,96,77,52,30.00,29.80,29.65,10,6,1,12,4,,0.00,7,Fog,140
1982-4-5,89,76,61,71,52,29,97,53,12,30.02,29.79,29.66,20,11,3,25,13,32,0.00,3,Fog,277
1982-4-6,66,57,48,39,33,29,56,42,25,30.18,30.07,30.00,20,20,20,18,13,25,0.00,4,,51
1982-4-7,68,56,46,67,52,39,97,80,59,30.01,29.86,29.74,20,7,0,12,6,,0.01,8,Fog,130
1982-4-8,88,76,61,69,58,45,93,63,25,29.91,29.78,29.70,15,10,4,18,10,26,0.00,5,Fog,269
1982-4-9,60,55,50,49,46,44,86,76,62,30.05,29.99,29.88,15,12,2,15,12,,0.27,8,Rain-Thunderstorm,46
1982-4-10,54,51,48,49,46,42,89,83,77,30.25,30.10,29.98,15,10,4,17,9,25,0.00,8,Fog-Rain,20
1982-4-11,69,58,46,47,44,39,83,63,44,30.27,30.16,30.03,20,18,15,13,8,,0.00,3,,162
1982-4-12,84,68,52,63,56,47,93,67,43,30.03,29.92,29.80,20,13,5,21,14,29,0.00,4,Fog,187
1982-4-13,96,80,64,69,64,59,90,65,29,29.84,29.78,29.71,20,14,3,14,9,,0.00,5,Fog,167
1982-4-14,84,76,68,68,66,62,96,77,54,29.85,29.77,29.68,15,8,0,17,5,25,0.01,6,Fog-Rain-Thunderstorm,148
1982-4-15,82,74,66,69,66,63,93,78,58,29.80,29.71,29.61,15,7,1,14,8,24,0.00,7,Fog,140
1982-4-16,82,78,72,70,70,69,93,79,65,29.84,29.74,29.68,8,7,4,13,9,,0.00,7,Fog,161
1982-4-17,79,70,61,71,48,40,91,50,27,30.19,30.06,29.85,20,16,4,24,13,34,0.00,6,Fog-Rain,14
1982-4-18,73,68,62,65,56,43,97,73,48,30.14,30.00,29.88,20,12,0,12,8,,0.05,7,Fog-Rain,77
1982-4-19,87,76,66,71,69,65,97,77,53,29.89,29.78,29.66,15,6,0,16,8,31,0.00,6,Fog-Rain-Thunderstorm,157
1982-4-20,69,62,55,65,54,41,90,75,51,30.17,29.96,29.78,15,9,1,29,14,41,0.80,8,Fog-Rain-Thunderstorm,10
1982-4-21,60,56,53,52,44,34,90,65,44,30.31,30.22,30.13,20,13,4,23,17,33,0.26,8,Rain-Thunderstorm,12
1982-4-22,55,52,48,50,46,41,93,81,64,30.48,30.37,30.27,15,7,2,18,14,29,2.07,8,Fog-Rain-Thunderstorm,19
1982-4-23,66,57,48,46,43,38,90,62,37,30.42,30.32,30.19,20,17,6,13,8,,0.00,8,Fog-Rain,58
1982-4-24,57,54,51,55,51,45,93,88,62,30.17,30.04,29.92,20,5,2,7,4,,0.50,8,Fog-Rain,104
1982-4-25,84,70,55,64,59,55,97,74,44,29.92,29.80,29.69,20,11,0,14,7,20,0.00,4,Fog,188
1982-4-26,79,70,60,62,56,51,90,65,42,30.01,29.93,29.79,20,18,10,15,7,,0.00,2,,26
1982-4-27,77,67,57,59,57,53,87,69,50,30.13,30.05,29.99,20,15,10,10,6,,0.00,5,,80
1982-4-28,82,72,62,61,59,56,87,65,41,30.03,29.97,29.88,15,14,8,14,6,20,0.00,4,,151
1982-4-29,82,74,66,64,62,61,90,71,50,29.98,29.94,29.88,15,12,5,10,7,,0.00,5,Fog,166
1982-4-30,73,68,64,64,62,60,90,79,66,30.08,30.01,29.95,15,6,3,12,6,,0.00,8,Fog-Rain,112
1982-5-1,79,72,64,63,61,58,90,74,50,30.15,30.10,30.06,10,7,4,16,8,28,0.00,7,Fog,55
1982-5-2,81,70,60,62,59,58,93,71,45,30.19,30.13,30.06,10,8,1,12,5,,0.00,5,Fog,79
1982-5-3,84,72,61,62,60,57,90,66,41,30.16,30.08,30.00,10,8,2,14,3,22,0.00,2,Fog,140
1982-5-4,84,74,64,64,62,59,90,67,44,30.09,30.03,29.95,20,11,2,16,9,23,0.04,6,Fog,162
1982-5-5,79,74,69,67,65,64,87,77,62,30.01,29.94,29.83,15,11,6,18,12,26,0.02,8,Rain,160
1982-5-6,77,70,61,66,61,51,93,73,59,30.06,29.92,29.76,20,14,4,18,11,26,0.92,5,Fog-Rain-Thunderstorm,323
1982-5-7,75,62,50,51,46,42,83,56,31,30.11,30.06,29.99,20,20,20,16,11,,0.00,0,,10
1982-5-8,81,66,52,57,49,47,83,55,30,30.12,30.05,29.96,20,20,15,14,5,,0.00,0,,153
1982-5-9,80,70,61,60,58,55,90,68,43,30.06,30.01,29.93,20,20,20,14,8,,0.00,5,,132
1982-5-10,78,71,64,69,65,60,90,81,71,29.99,29.93,29.88,20,9,5,14,7,,0.02,7,Fog-Rain,136
1982-5-11,81,76,71,71,68,63,90,81,71,29.94,29.87,29.80,10,8,5,16,10,25,0.00,8,Fog-Rain-Thunderstorm,142
1982-5-12,81,76,71,71,70,68,91,82,71,29.87,29.75,29.65,10,8,5,23,16,34,0.17,8,Rain-Thunderstorm,152
1982-5-13,75,69,63,70,64,61,93,85,69,29.79,29.72,29.64,20,10,1,22,9,41,3.32,6,Fog-Rain-Thunderstorm,78
1982-5-14,86,74,63,69,64,61,93,74,44,29.94,29.84,29.79,20,14,6,15,5,21,0.00,3,Fog,169
1982-5-15,86,78,69,69,67,66,93,75,51,29.98,29.92,29.87,20,13,6,13,9,,0.00,5,,161
1982-5-16,82,76,71,70,69,66,93,79,60,29.96,29.91,29.85,15,10,5,16,9,25,0.00,7,Fog-Rain-Thunderstorm,139
1982-5-17,80,71,62,68,65,58,93,79,62,30.04,29.95,29.87,20,12,2,25,11,39,0.20,7,Rain,76
1982-5-18,84,76,68,67,66,65,93,76,53,30.00,29.95,29.87,20,9,0,12,4,,0.00,6,Fog,119
1982-5-19,88,80,71,69,68,66,91,74,51,29.96,29.92,29.85,20,11,6,14,8,,0.00,5,Fog,167
1982-5-20,89,80,72,71,69,67,93,74,51,29.95,29.89,29.81,15,9,5,16,11,,0.00,7,Fog,161
1982-5-21,89,81,73,71,69,67,91,75,52,29.98,29.91,29.85,10,8,3,14,9,,0.02,7,Fog-Rain,147
1982-5-22,87,78,69,68,66,62,93,71,46,30.00,29.95,29.87,15,11,2,10,6,,0.00,5,Fog,148
1982-5-23,82,75,68,68,65,62,96,75,51,29.97,29.92,29.84,15,11,0,12,4,,0.00,6,Fog,140
1982-5-24,82,75,68,70,68,65,93,81,62,29.91,29.85,29.78,20,13,3,15,6,34,0.98,6,Fog-Rain-Thunderstorm,152
1982-5-25,89,80,71,71,69,66,93,73,50,29.87,29.80,29.72,20,15,3,12,5,,0.00,5,Fog,149
1982-5-26,89,80,72,73,71,69,93,75,55,29.80,29.74,29.67,20,15,7,15,7,,0.00,4,,179
1982-5-27,87,81,75,74,72,70,87,75,61,29.83,29.74,29.67,20,14,10,16,11,23,0.00,7,,162
1982-5-28,87,81,75,73,71,70,85,74,59,29.81,29.74,29.68,15,14,10,17,10,25,0.03,6,,153
1982-5-29,93,85,77,74,72,69,88,70,47,29.84,29.76,29.70,15,13,8,14,10,,0.00,5,,171
1982-5-30,91,83,75,74,71,68,87,69,48,29.80,29.73,29.65,15,15,10,14,11,,0.00,4,,178
1982-5-31,93,84,75,73,69,60,85,70,52,29.93,29.78,29.70,15,11,5,23,10,29,0.00,6,,201
1982-6-1,84,74,63,60,56,51,81,56,35,30.01,29.92,29.81,20,18,15,17,12,24,0.00,1,,40
1982-6-2,90,79,68,72,68,60,91,72,52,29.83,29.74,29.68,20,9,2,14,8,,0.00,4,Fog,162
1982-6-3,91,80,70,72,70,68,93,73,50,29.82,29.75,29.70,15,11,5,14,7,,0.00,5,Fog,160
1982-6-4,89,81,73,73,71,69,91,72,53,29.95,29.86,29.78,15,10,5,16,8,23,0.00,3,Fog,83
1982-6-5,90,82,73,72,70,68,90,71,48,29.96,29.89,29.81,20,12,5,16,7,21,0.00,4,Fog,124
1982-6-6,91,80,70,72,70,67,91,73,53,29.96,29.92,29.87,15,11,7,15,8,23,0.00,6,,168
1982-6-7,91,82,73,71,70,68,91,70,47,29.99,29.94,29.88,15,12,7,16,9,22,0.00,5,,168
1982-6-8,90,81,72,70,67,63,91,66,46,29.98,29.90,29.80,20,13,7,17,8,,0.00,6,,177
1982-6-9,90,81,72,71,69,66,91,70,48,29.94,29.88,29.83,20,14,5,16,10,22,0.00,7,,170
1982-6-10,91,82,72,73,69,64,91,67,39,30.04,29.96,29.91,20,16,7,9,6,,0.00,4,,162
1982-6-11,91,83,75,74,70,67,91,67,44,30.00,29.92,29.75,15,12,5,14,9,,0.00,5,Fog,165
1982-6-12,84,75,66,71,66,64,93,75,51,30.02,29.93,29.87,20,12,5,30,11,40,1.06,7,Rain-Thunderstorm,289
1982-6-13,89,80,70,73,69,66,87,71,53,30.04,29.97,29.91,15,15,10,9,5,,0.00,3,,90
1982-6-14,90,80,70,71,69,67,93,71,48,30.00,29.92,29.80,15,12,4,15,7,21,0.00,3,Fog,161
1982-6-15,91,84,77,72,71,70,84,68,48,29.85,29.77,29.68,15,13,8,21,14,30,0.00,5,,175
1982-6-16,90,79,68,72,69,65,90,72,50,29.89,29.83,29.76,20,17,7,15,9,21,0.68,4,Rain-Thunderstorm,325
1982-6-17,91,81,71,73,70,63,87,70,50,29.91,29.83,29.75,15,15,15,9,6,,0.00,2,,84
1982-6-18,93,83,73,72,71,69,91,68,45,29.88,29.81,29.76,20,18,15,14,6,,0.00,2,,143
1982-6-19,91,83,75,72,69,64,90,65,42,30.01,29.91,29.84,20,16,10,15,7,,0.00,5,,90
1982-6-20,93,84,75,72,69,66,82,65,41,29.98,29.91,29.84,20,16,10,14,5,,0.00,7,,103
1982-6-21,93,83,73,70,68,63,84,61,43,29.92,29.87,29.79,15,14,10,15,6,,0.00,2,,165
1982-6-22,90,82,73,75,67,64,82,69,53,29.98,29.92,29.87,20,15,7,15,5,,0.14,5,Rain-Thunderstorm,118
1982-6-23,91,81,71,71,69,67,90,69,44,30.04,29.96,29.87,20,16,10,12,6,,0.00,1,,168
1982-6-24,93,84,75,75,72,68,94,70,45,29.99,29.93,29.87,20,13,4,15,5,23,0.00,5,Fog,142
1982-6-25,91,80,68,73,69,64,91,70,45,30.01,29.91,29.82,20,16,7,14,5,23,0.09,4,Rain-Thunderstorm,164
1982-6-26,96,86,75,73,71,68,90,66,41,30.01,29.89,29.81,20,15,1,34,8,41,0.00,3,Rain-Thunderstorm,159
1982-6-27,91,80,68,75,69,64,93,73,53,30.05,29.91,29.82,15,13,1,16,12,28,0.07,6,Rain-Thunderstorm,142
1982-6-28,93,85,77,75,73,70,90,72,51,29.92,29.86,29.77,15,13,10,13,9,,0.00,6,Rain-Thunderstorm,177
1982-6-29,91,83,75,74,72,68,91,68,47,29.91,29.86,29.81,15,11,8,15,10,22,0.00,5,,165
1982-6-30,93,84,73,76,72,67,90,77,47,30.01,29.94,29.90,15,10,6,15,7,,0.04,5,Fog-Rain-Thunderstorm,160
1982-7-1,91,82,73,74,70,63,94,69,38,30.10,30.02,29.94,15,8,3,15,8,,0.00,5,Fog,155
1982-7-2,93,85,77,75,71,66,90,64,41,30.10,30.03,29.97,15,11,7,17,9,23,0.00,5,,164
1982-7-3,95,86,77,73,71,67,88,65,42,30.06,30.00,29.90,20,15,10,15,10,21,0.00,4,,166
1982-7-4,93,84,75,73,71,67,91,67,42,30.01,29.95,29.85,20,16,8,15,10,21,0.00,6,,168
1982-7-5,95,86,77,74,71,69,88,66,43,29.96,29.91,29.82,20,16,10,17,11,25,0.00,5,,163
1982-7-6,93,85,77,73,71,68,88,65,43,29.96,29.93,29.87,20,13,6,15,10,23,0.00,5,,170
1982-7-7,93,86,78,73,69,64,81,62,37,30.03,29.98,29.92,15,13,7,14,10,21,0.00,6,,174
1982-7-8,95,85,75,71,67,63,87,59,36,30.08,30.00,29.91,20,13,6,14,8,,0.00,4,,166
1982-7-9,93,83,73,70,67,62,87,59,36,30.02,29.94,29.85,20,15,7,13,8,,0.00,3,,174
1982-7-10,93,84,75,72,69,65,90,61,38,29.97,29.91,29.85,20,16,7,15,9,,0.00,4,,168
1982-7-11,96,86,75,71,66,61,87,57,31,30.02,29.97,29.89,20,15,8,10,8,,0.00,3,,185
1982-7-12,96,86,77,70,67,59,79,54,33,30.03,29.99,29.91,20,17,10,23,8,31,0.00,3,,202
1982-7-13,95,84,73,70,68,65,79,61,41,30.07,30.00,29.93,20,16,15,16,8,23,0.00,4,,102
1982-7-14,95,84,73,72,69,65,91,63,38,30.01,29.96,29.88,20,16,10,12,7,,0.00,2,,152
1982-7-15,96,86,75,73,70,66,87,61,37,30.04,29.96,29.88,20,16,10,16,8,24,0.00,2,,157
1982-7-16,97,86,75,74,70,65,91,62,36,30.03,29.95,29.86,20,19,15,14,9,18,0.00,3,,166
1982-7-17,96,86,77,73,70,66,88,60,37,30.03,29.95,29.88,20,19,15,16,9,,0.00,3,,169
1982-7-18,98,88,77,74,68,58,88,59,27,30.00,29.95,29.87,20,15,15,15,10,28,0.00,3,,167
1982-7-19,97,88,78,73,69,63,81,59,32,30.00,29.92,29.82,15,13,10,12,9,18,0.00,4,,180
1982-7-20,98,86,73,72,68,63,87,59,34,29.99,29.93,29.86,20,16,10,14,7,,0.00,2,,170
1982-7-21,99,88,77,71,67,62,82,54,30,30.02,29.96,29.90,20,15,10,12,7,,0.00,1,,174
1982-7-22,97,88,78,73,68,65,77,58,37,30.02,29.98,29.92,15,12,8,15,6,21,0.13,5,Rain-Thunderstorm,170
1982-7-23,97,87,77,73,70,66,82,61,36,30.02,29.96,29.90,15,13,10,13,3,,0.00,3,Thunderstorm,215
1982-7-24,99,88,78,70,68,65,74,54,34,30.01,29.95,29.88,20,16,10,8,5,,0.00,2,,177
1982-7-25,97,88,79,71,68,64,74,54,34,30.04,29.97,29.92,20,18,15,12,8,,0.00,3,,160
1982-7-26,99,88,77,72,68,63,84,54,31,30.06,30.00,29.93,20,15,10,14,8,23,0.00,1,,178
1982-7-27,100,88,77,73,68,62,88,55,29,30.08,30.00,29.92,15,14,8,14,8,,0.00,2,,171
1982-7-28,100,88,77,71,67,60,82,53,27,30.03,29.97,29.88,15,14,10,12,8,,0.00,1,,166
1982-7-29,100,88,77,72,67,64,79,53,31,29.99,29.94,29.87,15,15,10,14,8,,0.00,1,,172
1982-7-30,99,88,78,72,68,64,79,55,32,30.05,29.99,29.94,15,14,10,13,9,23,0.00,3,,173
1982-7-31,99,88,78,73,69,63,84,56,30,30.12,30.03,29.93,15,14,10,15,9,21,0.00,3,,179
1982-8-1,99,88,77,72,68,62,84,54,30,30.02,29.96,29.86,15,14,10,13,9,20,0.00,1,,176
1982-8-2,98,88,77,73,68,62,84,55,31,29.99,29.93,29.86,15,12,10,16,11,22,0.00,1,,178
1982-8-3,97,88,78,74,70,66,84,60,36,30.00,29.94,29.88,15,13,10,14,11,20,0.00,3,,168
1982-8-4,99,88,78,73,68,60,82,56,28,30.05,29.98,29.91,15,14,10,14,10,,0.00,2,,176
1982-8-5,99,87,75,72,65,54,85,54,23,30.09,30.04,29.97,15,11,7,14,8,,0.00,1,,175
1982-8-6,100,86,73,63,61,59,64,42,26,30.04,29.98,29.90,15,11,10,10,6,,0.00,3,,173
1982-8-7,95,87,79,68,65,62,62,50,36,29.96,29.91,29.83,15,10,5,15,8,,0.00,5,,176
1982-8-8,91,83,75,74,69,64,91,68,44,29.99,29.92,29.84,15,8,5,20,6,31,0.16,6,Rain-Thunderstorm,163
1982-8-9,88,82,75,75,72,69,94,81,59,30.03,29.97,29.93,10,6,1,12,3,21,0.19,7,Fog-Rain,152
1982-8-10,91,82,72,73,70,68,93,72,48,30.09,30.03,29.99,15,11,5,15,5,21,0.07,4,Fog,158
1982-8-11,97,87,77,75,72,68,90,68,39,30.12,30.04,29.97,15,12,5,14,7,21,0.00,4,Fog,165
1982-8-12,97,88,78,75,71,66,90,63,39,30.09,30.02,29.93,15,13,7,15,8,18,0.00,4,,173
1982-8-13,98,86,75,73,69,63,91,60,32,30.06,29.97,29.87,20,15,7,14,9,23,0.00,4,,181
1982-8-14,99,87,75,73,69,64,88,59,34,29.97,29.92,29.83,20,18,10,13,9,,0.00,2,,167
1982-8-15,99,87,75,73,68,62,91,57,30,29.99,29.93,29.84,20,19,15,13,8,18,0.00,1,,172
1982-8-16,100,88,75,72,66,60,85,51,27,30.03,29.95,29.88,20,19,15,10,7,20,0.00,1,,160
1982-8-17,102,90,79,69,67,63,69,49,27,29.98,29.92,29.84,20,19,15,15,6,,0.00,2,,179
1982-8-18,97,88,79,74,71,69,79,62,40,29.98,29.93,29.89,20,15,10,16,5,,0.00,4,Rain-Thunderstorm,95
1982-8-19,97,88,78,73,68,59,82,59,29,30.06,30.00,29.94,20,11,7,12,6,,0.00,3,,35
1982-8-20,98,88,77,72,69,65,79,58,35,30.12,30.07,30.01,15,9,4,13,5,,0.00,2,,95
1982-8-21,98,86,75,72,68,60,85,58,28,30.13,30.06,29.97,15,11,8,14,4,28,0.00,3,,125
1982-8-22,96,84,73,70,67,62,85,57,32,30.06,30.00,29.92,15,12,7,12,5,,0.00,1,,174
1982-8-23,98,86,75,73,67,56,90,55,26,30.03,29.97,29.90,15,14,8,17,8,25,0.00,1,,179
1982-8-24,100,88,75,73,65,56,88,55,23,30.03,29.98,29.92,15,12,8,16,11,21,0.00,2,,178
1982-8-25,98,86,73,73,69,65,91,62,34,30.07,30.00,29.92,15,13,8,13,7,18,0.00,2,,174
1982-8-26,98,86,75,75,70,64,94,60,34,30.04,29.96,29.86,15,14,10,16,10,22,0.00,2,,186
1982-8-27,100,90,79,73,67,61,79,53,27,29.97,29.91,29.83,15,14,10,16,10,23,0.00,1,,184
1982-8-28,99,89,79,73,69,63,82,56,31,30.09,29.99,29.94,15,14,10,14,9,18,0.00,4,,168
1982-8-29,97,88,79,72,67,63,77,53,32,30.09,30.02,29.94,15,14,10,10,6,,0.00,4,,142
1982-8-30,99,87,75,75,69,65,77,58,34,30.07,30.01,29.94,20,15,5,22,7,,0.42,2,Rain-Thunderstorm,163
1982-8-31,98,88,77,73,69,62,84,58,31,30.13,30.04,29.96,20,15,10,13,7,,0.00,4,,168
1982-9-1,97,87,77,74,69,63,84,58,32,30.09,30.01,29.92,20,14,10,12,8,18,0.00,4,,170
1982-9-2,100,89,78,73,68,60,82,54,29,30.04,29.97,29.87,15,12,5,10,7,,0.00,3,,164
1982-9-3,96,84,73,75,68,62,87,63,37,30.10,30.01,29.94,15,12,5,25,6,41,0.58,5,Rain-Thunderstorm,256
1982-9-4,90,82,73,70,67,61,85,66,38,30.10,30.03,29.95,15,11,7,12,7,,0.00,3,,37
1982-9-5,91,80,70,66,59,53,71,52,27,30.08,30.01,29.95,15,14,10,7,5,,0.00,1,,48
1982-9-6,93,81,69,67,60,52,75,50,26,30.09,30.02,29.97,15,11,7,12,3,22,0.00,1,,87
1982-9-7,96,86,75,72,66,57,84,57,28,30.12,30.03,29.97,15,12,6,10,5,,0.00,2,,103
1982-9-8,93,83,73,69,65,60,82,55,33,30.07,30.01,29.94,15,10,6,7,4,,0.00,1,,121
1982-9-9,95,84,73,68,62,56,73,50,28,30.01,29.95,29.87,15,10,5,8,4,,0.00,1,,110
1982-9-10,97,84,71,64,58,52,68,45,22,29.91,29.84,29.74,15,14,10,10,4,,0.00,0,,84
1982-9-11,99,86,73,70,64,60,79,51,30,29.81,29.76,29.70,15,14,7,8,3,,0.00,1,,133
1982-9-12,98,88,79,73,67,61,82,52,29,29.88,29.82,29.76,15,14,8,15,8,23,0.00,4,,176
1982-9-13,97,86,75,74,71,64,84,67,37,29.99,29.92,29.86,15,12,9,23,10,34,0.35,7,Rain-Thunderstorm,170
1982-9-14,95,83,71,74,70,66,87,70,43,30.04,29.99,29.92,20,16,10,14,8,23,0.00,5,Rain-Thunderstorm,173
1982-9-15,93,86,78,74,71,66,87,70,41,30.11,30.05,30.01,20,14,5,21,5,30,0.02,7,Fog-Rain,164
1982-9-16,93,84,75,69,67,65,76,62,41,30.09,30.02,29.92,15,14,10,23,7,38,0.00,6,Rain-Thunderstorm,11
1982-9-17,95,84,72,69,67,65,84,63,40,30.04,29.99,29.91,15,14,10,9,4,,0.00,0,,105
1982-9-18,98,86,75,68,66,61,76,53,29,30.02,29.95,29.87,20,15,10,12,3,,0.00,1,,23
1982-9-19,97,86,75,71,67,63,79,59,32,29.99,29.90,29.82,15,12,3,15,5,22,0.15,4,Rain-Thunderstorm,129
1982-9-20,82,78,73,71,67,53,91,73,49,30.08,30.00,29.93,10,8,3,18,11,24,0.28,7,Fog-Rain-Thunderstorm,24
1982-9-21,82,73,64,53,46,39,55,41,24,30.23,30.15,30.09,20,19,10,17,12,28,0.00,0,,25
1982-9-22,81,69,57,49,45,41,60,43,26,30.27,30.19,30.12,20,20,20,10,7,,0.00,0,,59
1982-9-23,84,70,55,55,50,47,83,52,27,30.17,30.10,30.02,20,18,10,12,3,,0.00,0,,156
1982-9-24,88,74,60,61,57,53,83,58,34,30.07,30.02,29.95,20,17,7,9,4,,0.00,1,,135
1982-9-25,91,80,69,60,52,41,68,44,20,30.06,29.98,29.91,20,16,10,13,6,21,0.00,2,,23
1982-9-26,88,76,64,51,47,42,48,39,25,29.97,29.89,29.76,20,17,15,12,7,,0.00,2,,112
1982-9-27,93,78,64,67,61,51,76,56,37,29.82,29.77,29.72,20,14,10,17,7,26,0.00,2,,158
1982-9-28,93,82,72,69,65,59,87,60,34,29.88,29.82,29.77,20,14,4,16,10,25,0.00,1,Fog,161
1982-9-29,90,82,73,68,67,61,79,62,38,29.99,29.90,29.85,15,15,10,20,10,21,0.00,4,,134
1982-9-30,91,82,72,73,68,63,91,68,41,30.00,29.95,29.87,20,11,2,16,8,23,0.12,5,Fog-Rain,120
1982-10-1,87,80,73,73,70,68,88,72,55,29.98,29.92,29.85,10,7,3,15,9,,0.05,7,Fog-Rain,121
1982-10-2,89,80,70,68,64,57,87,61,36,29.90,29.85,29.77,20,16,7,12,5,,0.00,2,,139
1982-10-3,89,80,72,69,64,59,84,60,37,29.98,29.89,29.84,15,10,1,10,5,,0.00,2,Fog,59
1982-10-4,93,82,70,67,62,59,73,53,33,29.94,29.88,29.82,15,13,7,10,3,,0.00,0,,162
1982-10-5,91,80,69,70,66,61,84,64,44,29.91,29.87,29.81,20,14,5,12,5,,0.00,3,,151
1982-10-6,89,83,77,75,73,70,90,79,57,29.94,29.90,29.83,20,11,1,14,6,23,0.29,7,Fog-Rain-Thunderstorm,133
1982-10-7,84,80,75,75,73,72,94,84,67,29.94,29.87,29.80,20,9,2,16,6,26,0.38,7,Fog-Rain-Thunderstorm,112
1982-10-8,91,83,75,75,73,71,88,76,55,29.82,29.75,29.64,20,11,1,21,10,30,0.36,7,Rain,174
1982-10-9,81,76,70,75,60,49,82,60,37,29.96,29.84,29.71,20,14,10,17,11,23,0.03,7,Rain,11
1982-10-10,72,66,60,56,52,47,83,60,41,30.13,30.05,29.97,20,15,7,15,8,20,0.49,7,Rain-Thunderstorm,31
1982-10-11,66,62,55,54,51,48,90,67,52,30.15,30.08,30.05,20,12,5,15,8,,0.17,8,Fog-Rain,49
1982-10-12,61,58,55,56,54,52,87,85,80,30.11,30.02,29.98,15,6,2,18,12,23,0.38,8,Fog-Rain,19
1982-10-13,75,66,57,55,52,49,87,64,41,30.17,30.12,30.08,20,15,5,14,9,,0.00,4,Fog,360
1982-10-14,79,67,55,53,50,46,84,56,31,30.27,30.19,30.13,20,20,20,9,5,,0.00,1,,282
1982-10-15,84,69,54,54,50,46,86,55,28,30.17,30.10,30.00,20,19,10,14,5,,0.00,0,,262
1982-10-16,84,70,57,54,48,42,67,47,24,30.20,30.13,30.09,20,20,20,12,7,,0.00,2,,360
1982-10-17,81,70,59,64,57,51,90,66,45,30.17,30.09,29.99,20,12,0,10,4,,0.00,5,Fog,135
1982-10-18,84,74,64,65,61,57,93,68,38,30.09,30.03,29.96,20,10,0,14,5,22,0.00,2,Fog,176
1982-10-19,87,78,68,68,64,61,93,68,43,30.07,30.01,29.95,15,11,3,18,8,26,0.00,5,Fog,174
1982-10-20,73,65,57,63,35,29,68,35,23,30.36,30.25,30.10,20,16,15,24,14,28,0.00,6,,20
1982-10-21,68,62,55,47,39,34,62,45,35,30.32,30.26,30.22,20,16,15,15,8,,0.00,7,Rain,44
1982-10-22,68,60,53,50,47,46,83,66,50,30.38,30.30,30.24,15,14,7,16,10,,0.15,6,Rain,23
1982-10-23,71,63,55,46,41,36,69,49,28,30.33,30.27,30.21,15,15,15,13,8,,0.00,4,,30
1982-10-24,72,59,46,38,34,27,66,42,19,30.33,30.27,30.22,20,18,15,12,8,,0.00,0,,37
1982-10-25,70,58,46,42,37,32,66,48,31,30.32,30.25,30.19,20,16,10,8,4,,0.00,2,,83
1982-10-26,75,60,45,52,46,39,80,60,43,30.30,30.22,30.14,20,13,6,14,3,,0.00,0,,164
1982-10-27,81,68,55,63,58,52,90,73,52,30.15,30.04,29.94,15,12,5,18,7,23,0.00,4,Fog,173
1982-10-28,84,72,61,70,65,53,90,75,43,30.03,29.92,29.86,15,11,5,20,11,28,0.38,7,Rain-Thunderstorm,164
1982-10-29,73,66,59,57,52,46,84,64,41,30.11,30.03,29.97,20,17,15,14,8,,0.00,4,,39
1982-10-30,82,71,60,67,63,55,100,78,54,30.04,29.97,29.92,20,9,0,14,4,,0.00,5,Fog,166
1982-10-31,84,78,71,69,67,63,90,73,49,30.03,29.95,29.88,20,16,9,17,11,28,0.00,5,,177
1982-11-1,84,78,71,69,67,64,90,71,51,29.96,29.86,29.77,15,14,7,14,11,23,0.00,7,,177
1982-11-2,82,71,60,70,64,57,93,85,67,29.96,29.84,29.75,15,9,2,25,10,34,0.94,8,Fog-Rain-Thunderstorm,76
1982-11-3,60,54,46,58,39,24,93,58,34,30.32,30.13,29.94,20,14,2,24,17,39,0.01,6,Fog-Rain,359
1982-11-4,60,50,39,33,27,24,67,44,27,30.42,30.32,30.26,20,20,20,15,9,,0.00,0,,181
1982-11-5,66,52,39,44,36,30,76,52,28,30.37,30.28,30.21,20,20,20,16,6,,0.00,0,,203
1982-11-6,73,60,48,55,50,43,86,70,45,30.21,30.15,30.08,20,20,15,15,5,21,0.00,4,,171
1982-11-7,75,66,57,57,56,55,90,73,51,30.15,30.09,30.03,20,16,8,16,7,25,0.00,7,,157
1982-11-8,75,64,53,59,55,51,96,76,50,30.16,30.10,30.05,20,14,3,12,5,,0.00,5,Fog,122
1982-11-9,75,68,62,65,62,59,93,80,62,30.19,30.12,30.07,15,9,1,12,7,,0.00,8,Fog,144
1982-11-10,75,70,66,67,65,63,93,84,69,30.19,30.12,30.05,15,10,3,15,6,,0.05,8,Fog-Rain,144
1982-11-11,75,70,66,65,64,62,90,80,68,30.08,29.89,29.73,15,11,5,16,9,26,0.00,8,Fog,170
1982-11-12,70,60,50,64,37,30,81,43,27,30.45,30.18,29.90,20,17,7,22,12,30,0.02,7,Rain,350
1982-11-13,57,47,37,31,28,24,68,48,30,30.49,30.34,30.14,20,20,20,14,10,,0.00,3,,78
1982-11-14,59,52,44,48,34,24,83,56,35,30.46,30.25,30.06,20,17,10,21,8,30,0.00,7,,360
1982-11-15,55,46,36,34,26,20,61,47,37,30.49,30.36,30.19,20,19,15,15,9,21,0.00,2,,29
1982-11-16,53,48,44,50,43,34,93,77,61,30.18,30.06,29.99,20,10,0,9,3,,0.03,7,Fog-Rain,42
1982-11-17,57,54,50,52,51,49,96,89,81,30.02,29.96,29.91,10,5,0,10,7,,0.00,8,Fog,24
1982-11-18,64,58,53,61,55,51,96,89,80,30.03,29.96,29.92,8,3,0,8,4,,0.00,8,Fog,152
1982-11-19,68,65,62,64,62,58,97,91,81,29.95,29.87,29.79,10,5,0,13,4,,0.08,7,Fog-Rain-Thunderstorm,170
1982-11-20,75,68,61,66,63,60,97,90,69,29.98,29.91,29.85,15,5,0,12,6,,0.00,7,Fog,185
1982-11-21,80,72,64,67,65,64,100,84,58,30.10,30.01,29.96,15,5,0,7,3,,0.01,6,Fog,128
1982-11-22,81,74,66,68,67,64,97,80,58,29.99,29.91,29.81,10,7,0,15,6,23,0.00,7,Fog,176
1982-11-23,72,58,43,68,54,32,93,80,63,30.30,30.00,29.82,15,9,2,23,10,32,0.24,8,Fog-Rain,94
1982-11-24,42,39,36,32,29,24,79,68,55,30.47,30.40,30.30,15,10,7,25,20,37,0.15,8,Rain,2
1982-11-25,41,40,39,37,32,26,89,74,58,30.43,30.32,30.25,15,8,2,16,12,,0.14,8,Fog-Rain,9
1982-11-26,46,44,41,43,40,38,93,90,86,30.23,30.16,30.12,10,6,2,15,11,,1.17,8,Fog-Rain,354
1982-11-27,51,46,41,42,40,37,90,79,63,30.14,30.09,30.04,20,15,6,17,10,24,0.17,7,Fog-Rain,306
1982-11-28,69,52,36,49,41,33,89,69,40,30.06,29.93,29.82,20,20,20,15,7,20,0.00,0,,222
1982-11-29,75,60,46,55,50,45,97,70,42,29.94,29.88,29.81,20,16,0,12,6,,0.00,1,Fog,195
1982-11-30,71,64,57,65,60,54,96,87,75,29.92,29.84,29.76,20,7,0,9,4,,0.00,7,Fog,171
1982-12-1,79,72,66,68,66,64,93,81,64,29.79,29.67,29.56,10,7,2,21,11,32,0.00,7,Fog-Rain,187
1982-12-2,79,68,57,67,62,49,79,72,60,29.75,29.64,29.56,15,11,4,22,13,32,0.27,8,Rain,167
1982-12-3,63,56,48,49,37,25,86,53,25,29.95,29.86,29.73,20,16,5,24,16,36,0.38,4,Rain-Thunderstorm,325
1982-12-4,55,50,45,29,27,25,52,43,32,29.94,29.89,29.83,20,18,15,16,9,23,0.00,5,,292
1982-12-5,72,54,37,32,26,24,57,37,17,30.09,29.92,29.83,20,19,10,14,6,,0.00,0,,281
1982-12-6,64,56,48,42,35,26,74,48,34,30.24,30.17,30.09,20,20,20,14,8,,0.00,0,,10
1982-12-7,69,55,41,53,46,38,93,74,49,30.27,30.20,30.15,20,15,8,10,5,,0.00,1,,77
1982-12-8,64,58,48,54,47,42,90,71,48,30.51,30.38,30.27,15,13,7,21,10,26,0.00,6,,44
1982-12-9,46,44,42,41,38,36,85,79,73,30.53,30.44,30.29,10,8,4,21,16,28,0.00,8,Fog-Rain,15
1982-12-10,48,46,45,46,44,40,97,92,82,30.26,30.10,29.97,8,4,1,14,10,,0.44,8,Fog-Rain,12
1982-12-11,48,42,36,45,39,27,93,82,70,30.35,30.11,29.97,20,11,3,26,13,38,0.22,8,Fog-Rain,348
1982-12-12,45,36,28,26,18,12,70,51,29,30.47,30.37,30.32,20,20,20,18,13,30,0.00,3,,360
1982-12-13,50,38,27,34,23,18,85,55,32,30.30,30.17,30.02,20,18,10,14,5,,0.00,4,,169
1982-12-14,69,58,46,53,46,37,89,73,57,30.04,29.98,29.88,20,17,15,10,4,,0.00,5,,167
1982-12-15,61,53,45,50,35,31,89,56,33,30.35,30.20,30.01,20,20,20,18,11,23,0.00,0,,334
1982-12-16,64,50,36,35,31,27,82,56,27,30.39,30.32,30.24,20,20,20,14,4,,0.00,0,,195
1982-12-17,69,54,39,48,42,34,93,68,42,30.30,30.20,30.06,20,19,7,17,8,26,0.00,0,,183
1982-12-18,73,62,52,54,50,37,90,69,42,30.06,29.96,29.86,20,14,8,17,13,26,0.00,5,,206
1982-12-19,64,56,46,38,28,21,54,36,21,30.34,30.22,30.08,20,20,15,17,11,23,0.00,1,,16
1982-12-20,71,54,37,43,35,26,76,52,30,30.20,30.10,30.02,20,20,20,14,5,21,0.00,0,,198
1982-12-21,73,60,48,55,52,41,97,78,48,30.04,29.98,29.91,20,8,0,16,8,23,0.00,4,Fog,187
1982-12-22,73,65,57,59,57,55,97,80,55,29.96,29.89,29.82,15,10,4,15,7,23,0.00,5,Fog,191
1982-12-23,75,68,62,62,60,58,96,80,57,29.88,29.75,29.60,15,8,0,16,9,21,0.00,7,Fog,186
1982-12-24,70,66,62,62,50,28,84,60,28,29.80,29.61,29.50,15,10,5,15,11,,0.00,7,,252
1982-12-25,62,54,45,29,26,22,53,37,23,30.12,30.00,29.81,20,17,15,21,15,32,0.00,8,Rain,357
1982-12-26,44,40,37,36,33,27,93,78,53,30.15,30.06,29.99,20,11,4,20,16,26,0.15,8,Fog-Rain,352
1982-12-27,55,46,36,40,36,34,93,77,45,30.03,29.94,29.87,20,13,5,17,10,,0.52,5,Rain-Thunderstorm,272
1982-12-28,51,45,39,38,33,30,77,66,52,30.28,30.17,30.04,20,20,20,18,11,25,0.00,2,,353
1982-12-29,45,38,30,29,26,23,79,67,49,30.43,30.34,30.28,20,20,20,18,14,23,0.00,1,,3
1982-12-30,44,37,30,30,25,20,67,59,51,30.31,30.23,30.15,20,15,10,10,7,,0.00,6,,49
1982-12-31,43,40,37,38,35,22,93,81,43,30.28,30.21,30.14,10,7,2,21,11,26,0.12,8,Fog-Rain,28
