
CST,Max TemperatureF,Mean TemperatureF,Min TemperatureF,Max Dew PointF,MeanDew PointF,Min DewpointF,Max Humidity, Mean Humidity, Min Humidity, Max Sea Level PressureIn, Mean Sea Level PressureIn, Min Sea Level PressureIn, Max VisibilityMiles, Mean VisibilityMiles, Min VisibilityMiles, Max Wind SpeedMPH, Mean Wind SpeedMPH, Max Gust SpeedMPH,PrecipitationIn, CloudCover, Events, WindDirDegrees
1963-1-1,63,56,50,52,49,47,96,83,58,30.17,30.10,30.03,10,8,0,7,2,,0.00,,Fog,64
1963-1-2,57,52,46,48,43,40,89,75,58,30.18,30.12,30.07,10,10,8,20,10,,0.00,,,337
1963-1-3,64,53,42,49,44,40,93,76,50,30.20,30.12,30.04,10,9,5,9,7,,0.00,,,188
1963-1-4,61,56,52,58,54,48,97,91,83,30.06,30.01,29.98,15,7,2,9,4,,0.02,,Fog-Rain,104
1963-1-5,57,52,48,56,45,40,97,75,58,30.26,30.14,30.03,15,11,0,23,13,,0.00,,Fog,320
1963-1-6,57,49,41,40,34,27,86,62,32,30.27,30.19,30.11,15,15,15,15,10,,0.00,0,,336
1963-1-7,60,50,39,36,32,29,86,57,31,30.19,30.12,30.08,15,15,15,23,9,,0.00,0,,315
1963-1-8,75,60,44,33,28,22,63,37,13,30.13,29.97,29.86,15,15,15,18,11,,0.00,0,,255
1963-1-9,75,62,48,42,35,27,54,40,28,29.85,29.72,29.60,15,12,10,24,10,,0.00,0,,197
1963-1-10,86,66,46,48,37,20,80,41,9,29.76,29.67,29.61,15,14,7,17,8,,0.00,0,,209
1963-1-11,60,44,26,50,29,3,85,60,37,30.17,29.91,29.67,15,11,10,25,14,,0.03,0,Rain,8
1963-1-12,24,21,18,10,-2,-8,58,39,24,30.48,30.34,30.16,15,15,10,30,22,,0.00,0,,351
1963-1-13,33,26,19,8,-2,-7,47,33,21,30.54,30.44,30.35,15,15,15,21,15,,0.00,0,,3
1963-1-14,46,35,24,12,4,-4,46,30,14,30.40,30.34,30.25,15,15,10,15,6,,0.00,0,,173
1963-1-15,53,38,24,18,11,4,71,38,14,30.49,30.41,30.37,15,15,8,9,3,,0.00,0,,327
1963-1-16,52,40,28,25,19,13,64,43,24,30.45,30.35,30.24,15,13,7,20,5,,0.00,,,142
1963-1-17,48,46,43,48,36,22,97,72,39,30.23,30.09,29.99,15,7,0,9,5,,0.27,,Fog-Rain,48
1963-1-18,66,56,46,52,47,41,100,84,43,30.07,29.98,29.92,15,6,0,12,7,,0.00,0,Fog,206
1963-1-19,53,37,21,51,29,11,97,82,65,30.14,30.04,29.86,10,8,3,25,15,,0.26,,Fog-Rain,341
1963-1-20,43,31,19,20,15,12,81,58,28,30.29,30.19,30.11,15,12,6,28,17,,0.00,0,,327
1963-1-21,55,40,24,29,21,16,85,52,28,30.32,30.24,30.16,15,15,15,21,7,,0.00,0,,183
1963-1-22,69,52,34,48,39,27,93,68,36,30.15,30.01,29.90,15,14,5,23,8,,0.00,0,Fog,175
1963-1-23,48,34,19,42,6,-8,80,45,26,30.79,30.52,30.02,15,15,10,29,21,,0.00,0,,358
1963-1-24,35,24,12,7,-4,-16,46,32,13,30.78,30.60,30.38,15,15,15,15,10,,0.00,0,,79
1963-1-25,53,38,23,38,28,6,96,75,48,30.36,30.10,29.92,15,9,1,15,7,,0.00,0,Fog,185
1963-1-26,46,38,30,36,28,14,96,72,39,30.36,30.05,29.87,10,8,0,23,10,,0.00,0,Fog,359
1963-1-27,32,26,21,17,6,-4,61,43,26,30.57,30.46,30.38,15,14,10,25,17,,0.00,0,,17
1963-1-28,37,29,21,31,17,1,89,59,36,30.44,30.37,30.28,15,13,4,9,7,,0.00,0,Fog,75
1963-1-29,46,40,34,45,38,30,100,92,82,30.27,30.20,30.12,10,3,0,7,3,,0.01,,Fog,44
1963-1-30,51,46,41,48,45,40,100,92,80,30.25,30.18,30.14,10,4,0,10,3,,0.00,0,Fog,38
1963-1-31,62,50,39,56,47,40,100,93,72,30.22,30.12,29.99,10,4,0,15,8,,0.00,,Fog,92
1963-2-1,82,68,53,62,55,49,100,74,36,30.00,29.84,29.69,10,5,0,21,9,,0.00,,Fog,189
1963-2-2,73,59,43,55,39,14,70,46,28,30.44,29.94,29.68,15,10,4,44,16,,0.00,0,,337
1963-2-3,55,42,30,20,15,9,59,35,16,30.65,30.54,30.48,15,15,15,22,15,,0.00,0,,20
1963-2-4,66,49,32,23,17,8,56,33,11,30.48,30.33,30.21,15,14,10,15,6,,0.00,0,,220
1963-2-5,72,54,35,32,28,24,76,40,17,30.32,30.25,30.18,15,14,6,9,4,,0.00,0,,212
1963-2-6,77,61,45,33,30,25,56,35,15,30.18,30.06,29.96,15,14,10,12,5,,0.00,0,,291
1963-2-7,73,62,50,35,30,19,54,34,14,30.06,29.98,29.93,15,15,15,20,12,,0.00,0,,325
1963-2-8,78,61,44,39,35,28,71,46,17,29.97,29.88,29.79,15,13,8,12,8,,0.00,0,,89
1963-2-9,69,60,50,59,52,37,97,81,55,29.86,29.80,29.72,15,6,0,16,9,,0.00,0,Fog,116
1963-2-10,73,63,53,60,55,46,96,77,53,29.83,29.73,29.66,10,9,4,20,10,,0.00,,Fog,38
1963-2-11,53,40,26,45,27,16,92,74,57,30.30,30.10,29.83,15,11,5,32,22,,0.39,,Rain-Snow,2
1963-2-12,35,30,24,25,18,12,82,61,50,30.38,30.32,30.29,15,15,15,20,14,,0.00,0,,333
1963-2-13,54,41,28,21,16,9,67,43,17,30.30,30.25,30.18,15,15,15,20,11,,0.00,0,,281
1963-2-14,63,48,33,29,23,18,59,41,18,30.30,30.23,30.18,15,15,15,14,8,,0.00,0,,327
1963-2-15,61,48,35,30,27,23,73,49,24,30.30,30.23,30.16,15,15,15,15,8,,0.00,,,71
1963-2-16,55,46,36,37,28,19,70,49,33,30.32,30.24,30.17,15,11,10,12,7,,0.00,,,112
1963-2-17,59,52,44,43,34,24,90,55,41,30.25,30.18,30.09,10,10,8,14,6,,0.09,,Rain,87
1963-2-18,46,44,39,45,43,37,100,93,85,30.12,29.98,29.93,10,6,0,21,10,,2.35,,Fog-Rain-Thunderstorm,17
1963-2-19,66,50,35,48,41,34,97,76,37,30.14,29.96,29.89,15,9,0,24,5,,0.00,0,Fog,246
1963-2-20,75,59,43,43,36,22,89,52,15,30.16,30.06,29.93,15,14,8,16,8,,0.00,0,,239
1963-2-21,53,44,35,38,23,7,71,46,21,30.46,30.19,29.91,15,15,15,29,15,,0.00,0,,13
1963-2-22,46,37,28,26,16,8,56,43,28,30.51,30.41,30.32,15,13,10,20,12,,0.00,,Rain,42
1963-2-23,48,46,43,38,32,26,71,59,49,30.32,30.18,30.06,15,11,8,9,4,,0.00,,Rain,72
1963-2-24,69,53,37,46,39,33,86,60,32,30.27,30.18,30.11,15,13,7,13,7,,0.00,0,,233
1963-2-25,69,60,51,53,48,34,96,71,35,30.18,30.06,29.95,15,10,1,29,12,,0.00,0,Fog-Rain,192
1963-2-26,71,56,41,36,31,26,67,42,19,30.35,30.23,30.10,15,15,15,18,12,,0.00,0,,224
1963-2-27,73,58,42,54,41,29,80,54,34,30.09,29.98,29.86,15,13,10,25,12,,0.00,0,,184
1963-2-28,66,57,48,59,51,33,93,77,53,30.05,29.90,29.84,10,9,4,22,13,,0.00,0,Fog,247
1963-3-1,70,54,37,37,30,17,86,45,14,30.07,29.96,29.81,15,15,10,17,10,,0.00,0,,238
1963-3-2,80,63,46,45,31,13,71,38,8,29.97,29.90,29.84,15,15,15,15,9,,0.00,0,,233
1963-3-3,77,69,61,65,62,55,93,82,62,29.98,29.92,29.83,10,9,5,20,11,,0.00,,Fog,160
1963-3-4,86,73,60,66,61,46,90,68,40,29.89,29.80,29.70,15,12,10,21,14,,0.04,,Rain,166
1963-3-5,57,48,39,40,24,12,58,39,16,30.14,30.06,29.90,15,15,15,26,21,,0.00,0,Rain,341
1963-3-6,68,52,35,30,23,15,70,37,14,30.14,30.08,30.00,15,15,15,16,7,,0.00,0,,205
1963-3-7,71,54,37,40,33,28,76,46,22,30.29,30.19,30.10,15,14,10,10,6,,0.00,0,,148
1963-3-8,68,57,46,56,47,40,90,69,45,30.22,30.12,30.01,15,13,6,17,8,,0.00,,Fog-Rain,179
1963-3-9,72,62,53,57,43,30,90,56,21,30.17,30.07,30.00,15,12,10,15,8,,0.00,0,,20
1963-3-10,69,58,46,65,52,39,93,79,59,30.00,29.79,29.58,15,9,2,16,8,,0.09,,Fog-Rain,118
1963-3-11,82,70,57,60,41,21,93,48,10,29.70,29.65,29.57,15,12,7,15,7,,0.03,0,,297
1963-3-12,84,68,53,38,31,24,57,29,12,29.94,29.84,29.70,15,14,10,21,8,,0.00,0,,265
1963-3-13,73,62,51,46,39,33,72,44,25,30.18,30.04,29.93,15,14,10,23,9,,0.00,0,,27
1963-3-14,61,52,44,44,37,32,71,56,42,30.31,30.22,30.12,15,11,8,22,16,,0.00,,,21
1963-3-15,60,56,53,60,52,46,100,87,69,30.11,29.92,29.75,10,5,0,13,8,,0.00,,Fog,127
1963-3-16,82,73,64,65,56,43,93,65,25,29.86,29.76,29.70,15,12,5,17,12,,0.00,,Fog,190
1963-3-17,80,72,63,68,63,51,97,76,50,29.97,29.90,29.85,15,8,0,16,5,,0.00,,Fog,155
1963-3-18,84,76,68,68,64,61,90,72,46,29.87,29.78,29.67,15,12,10,20,13,,0.00,,,171
1963-3-19,75,69,62,67,35,15,84,34,14,30.07,29.92,29.73,15,14,10,23,14,,0.00,,Rain,347
1963-3-20,73,62,51,36,31,24,56,33,16,30.29,30.19,30.08,15,15,15,21,12,,0.00,0,,19
1963-3-21,71,60,48,36,30,27,54,34,19,30.39,30.34,30.29,15,15,10,18,10,,0.00,,,33
1963-3-22,68,60,51,32,27,19,43,32,19,30.47,30.38,30.32,15,15,15,13,9,,0.00,,,95
1963-3-23,71,58,44,57,46,32,78,62,47,30.37,30.29,30.19,15,13,10,16,7,,0.00,0,,157
1963-3-24,78,70,61,62,60,57,97,78,50,30.23,30.12,30.02,15,11,2,23,13,,0.03,,Fog-Rain,172
1963-3-25,79,72,64,62,60,37,90,73,32,30.17,30.09,30.04,15,10,7,16,11,,0.00,0,,191
1963-3-26,73,64,55,36,28,23,41,27,15,30.30,30.19,30.10,15,13,10,16,9,,0.00,0,,4
1963-3-27,82,64,46,46,36,28,66,38,14,30.12,30.03,29.94,15,14,8,17,6,,0.00,0,,191
1963-3-28,84,72,61,63,60,52,93,68,46,30.06,29.99,29.92,15,10,5,21,10,,0.00,0,Fog,183
1963-3-29,81,74,68,65,63,61,81,72,50,30.07,30.01,29.97,15,10,8,17,14,,0.00,,,169
1963-3-30,88,78,68,66,62,55,87,67,32,30.16,30.09,30.01,15,11,7,21,14,,0.00,,,162
1963-3-31,84,74,63,63,57,50,93,63,32,30.13,30.06,29.97,15,13,7,18,11,,0.00,0,,155
1963-4-1,82,72,63,63,59,53,93,68,37,30.09,30.03,29.96,15,13,10,20,11,,0.00,,,162
1963-4-2,82,74,66,64,60,56,81,65,39,30.07,30.01,29.93,15,14,10,21,16,,0.00,,,167
1963-4-3,77,72,66,65,62,54,93,74,58,30.19,30.11,30.03,15,10,7,15,10,,0.00,,Rain,198
1963-4-4,69,58,48,50,47,41,97,73,39,30.32,30.23,30.16,15,10,4,20,15,,0.69,,Fog-Rain,27
1963-4-5,55,52,48,52,51,48,100,94,89,30.13,30.00,29.89,15,7,1,13,9,,2.70,,Fog-Rain,23
1963-4-6,68,60,51,51,48,46,97,72,45,29.98,29.93,29.88,15,14,10,18,10,,0.00,0,,342
1963-4-7,75,60,46,56,50,44,93,66,43,29.94,29.86,29.75,15,14,10,18,7,,0.00,0,,187
1963-4-8,82,70,57,68,62,53,90,77,58,29.78,29.72,29.63,15,10,4,17,11,,0.00,0,Fog,184
1963-4-9,97,80,64,71,67,64,100,71,36,29.70,29.64,29.58,15,7,0,10,7,,0.00,0,Fog,179
1963-4-10,93,80,68,71,67,59,96,68,31,29.72,29.66,29.61,15,10,4,10,6,,0.00,,Fog,169
1963-4-11,87,78,69,72,67,59,93,74,54,29.86,29.73,29.68,10,9,6,17,8,,0.00,,Fog-Rain-Thunderstorm,154
1963-4-12,81,70,60,59,51,48,72,54,31,30.19,30.06,29.90,15,12,10,22,17,,0.00,0,,20
1963-4-13,80,68,57,50,46,38,72,46,22,30.30,30.22,30.17,15,14,10,12,8,,0.00,0,,98
1963-4-14,84,70,55,53,46,40,69,45,23,30.23,30.15,30.06,15,14,10,17,8,,0.00,0,,176
1963-4-15,77,68,60,65,61,54,93,76,66,30.10,29.95,29.81,15,10,4,21,9,,0.00,0,Fog,163
1963-4-16,84,76,68,66,63,57,84,68,50,29.87,29.82,29.76,10,10,6,21,14,,0.00,,,171
1963-4-17,86,77,68,66,64,62,84,69,48,29.90,29.85,29.78,15,10,7,22,15,,0.00,0,,173
1963-4-18,86,78,70,67,64,62,84,67,48,29.83,29.77,29.68,10,9,5,23,17,,0.00,,,173
1963-4-19,84,75,66,69,51,26,85,52,13,29.91,29.82,29.69,15,11,4,15,10,,0.00,0,Rain,43
1963-4-20,84,72,59,68,60,49,81,66,51,29.95,29.89,29.82,15,12,10,14,6,,0.00,0,,176
1963-4-21,87,78,70,71,67,62,91,75,51,29.92,29.86,29.78,10,8,3,16,8,,0.00,,Fog,164
1963-4-22,93,82,72,69,67,66,84,67,44,29.86,29.81,29.73,10,9,7,15,11,,0.00,0,,176
1963-4-23,80,73,66,68,63,56,96,77,54,30.02,29.95,29.88,10,9,7,18,7,,0.00,,,52
1963-4-24,81,72,64,68,64,58,93,78,60,30.02,29.95,29.86,10,8,5,13,9,,0.02,,Fog-Rain,110
1963-4-25,91,80,69,69,67,65,93,72,47,29.98,29.94,29.88,10,10,7,15,9,,0.00,,,172
1963-4-26,86,78,70,69,67,64,97,73,49,30.01,29.94,29.86,10,9,7,16,10,,0.00,,,150
1963-4-27,82,76,71,69,67,65,90,75,58,29.92,29.86,29.78,10,9,7,17,11,,0.00,,,161
1963-4-28,82,76,70,70,68,63,97,76,54,29.88,29.82,29.75,15,9,5,21,12,,0.00,,Fog-Rain-Thunderstorm,167
1963-4-29,89,80,69,71,68,60,93,74,41,30.03,29.91,29.86,15,7,2,13,8,,0.00,,Fog,175
1963-4-30,80,71,62,55,49,44,65,47,29,30.20,30.13,30.06,15,15,10,22,12,,0.00,0,,18
1963-5-1,66,60,55,54,50,45,83,68,57,30.24,30.15,30.04,15,12,10,15,9,,0.00,0,,81
1963-5-2,78,66,55,64,59,54,93,76,56,30.05,29.98,29.90,10,9,3,14,5,,0.00,,Fog,138
1963-5-3,87,78,69,68,65,61,93,74,43,30.04,29.98,29.93,15,10,1,14,7,,0.00,,Fog,160
1963-5-4,87,78,68,67,64,60,93,68,40,30.09,30.02,29.95,15,11,8,17,10,,0.00,0,,172
1963-5-5,82,76,70,69,66,63,93,77,56,30.13,30.06,29.96,15,12,7,21,10,,0.10,,Rain-Thunderstorm,160
1963-5-6,80,72,64,65,61,55,100,70,42,30.14,30.09,30.05,15,11,4,12,4,,0.00,,Fog,93
1963-5-7,84,72,61,63,55,44,93,58,24,30.17,30.10,30.04,15,12,6,14,5,,0.00,0,Fog,124
1963-5-8,86,74,63,64,62,53,90,65,44,30.12,30.07,30.00,15,13,10,17,9,,0.00,,,182
1963-5-9,90,81,72,68,66,65,84,67,45,30.06,30.02,29.94,15,11,10,18,15,,0.00,0,,183
1963-5-10,91,80,69,68,64,60,90,62,34,30.04,29.98,29.90,10,8,4,21,12,,0.00,0,Fog,190
1963-5-11,90,79,68,68,64,58,90,64,34,29.97,29.91,29.82,10,8,3,18,11,,0.00,0,Fog,177
1963-5-12,89,80,71,67,65,61,87,65,40,29.91,29.85,29.79,8,7,5,21,12,,0.00,,Fog,178
1963-5-13,90,80,70,67,64,58,90,63,38,30.05,29.97,29.91,10,7,4,16,10,,0.00,0,Fog,177
1963-5-14,90,78,66,67,63,58,93,62,34,30.13,30.06,29.99,10,10,6,16,9,,0.00,0,Fog,177
1963-5-15,90,80,70,67,63,57,90,62,37,30.08,30.00,29.88,10,9,5,21,11,,0.00,0,Fog,182
1963-5-16,90,80,70,68,65,60,90,65,37,29.98,29.93,29.84,10,8,7,20,11,,0.00,0,,187
1963-5-17,91,80,69,68,66,64,90,65,39,29.97,29.91,29.84,10,9,7,15,10,,0.00,0,,154
1963-5-18,84,76,68,67,64,61,84,68,44,30.06,29.99,29.90,15,14,8,26,11,,0.12,,Rain-Thunderstorm,44
1963-5-19,84,75,66,68,65,63,93,74,51,30.01,29.95,29.89,15,8,3,10,5,,0.00,,Fog-Rain,178
1963-5-20,79,72,66,67,64,61,96,75,56,30.11,30.05,29.98,15,12,8,13,7,,0.61,0,Rain,39
1963-5-21,84,75,66,66,63,61,87,70,46,30.18,30.10,30.05,15,11,8,14,6,,0.00,0,,38
1963-5-22,80,70,59,68,64,55,90,78,52,30.19,30.10,30.05,15,12,5,24,8,,0.00,0,Fog-Rain,22
1963-5-23,75,65,55,62,55,51,93,76,55,30.25,30.18,30.07,10,9,7,16,13,,0.00,,,42
1963-5-24,87,78,68,67,64,62,84,68,46,30.13,30.07,29.99,10,9,7,13,6,,0.00,,,141
1963-5-25,91,81,71,70,66,62,93,65,39,30.10,30.01,29.90,10,9,4,18,11,,0.00,0,Fog,183
1963-5-26,93,82,72,71,66,62,87,62,35,29.96,29.87,29.75,15,14,10,20,11,,0.00,0,,190
1963-5-27,91,83,75,73,69,63,88,70,45,29.88,29.83,29.78,15,14,10,16,11,,0.00,0,Rain-Thunderstorm,174
1963-5-28,91,80,69,72,67,61,91,66,38,30.01,29.92,29.79,15,14,10,17,11,,0.01,,Rain-Thunderstorm,124
1963-5-29,93,82,70,70,68,63,97,67,37,30.10,30.02,29.93,15,12,7,13,6,,0.00,0,,137
1963-5-30,87,80,72,72,69,66,96,74,49,30.09,30.03,29.95,15,12,6,16,9,,0.48,,Fog-Rain-Thunderstorm,140
1963-5-31,90,80,70,71,66,60,100,69,40,30.01,29.93,29.83,15,12,0,14,7,,0.00,0,Fog,147
1963-6-1,90,80,70,70,64,58,93,63,34,29.96,29.90,29.84,15,14,7,17,8,,0.03,0,,150
1963-6-2,91,78,66,69,63,57,96,62,32,29.94,29.90,29.83,15,12,3,16,8,,0.00,,Fog,152
1963-6-3,91,80,70,68,63,58,87,59,33,29.98,29.93,29.86,15,12,7,14,7,,0.00,0,,161
1963-6-4,95,82,69,70,65,60,93,61,34,30.01,29.92,29.82,15,13,8,15,9,,0.00,,,166
1963-6-5,91,82,73,71,67,60,91,63,35,29.90,29.83,29.73,15,14,10,18,13,,0.00,0,Rain,171
1963-6-6,95,85,75,72,68,61,87,63,38,29.89,29.84,29.79,15,14,10,20,12,,0.00,0,,168
1963-6-7,93,82,72,71,65,59,91,60,32,29.98,29.91,29.83,15,13,8,14,7,,0.00,0,,167
1963-6-8,96,83,70,69,65,57,93,59,28,29.94,29.88,29.78,15,13,8,18,8,,0.00,0,,172
1963-6-9,95,84,73,71,66,59,87,58,30,29.89,29.82,29.73,15,15,15,17,11,,0.00,,,182
1963-6-10,98,86,75,71,67,62,87,59,31,29.84,29.79,29.70,15,15,15,15,11,,0.00,0,,178
1963-6-11,96,84,73,72,67,61,90,59,31,29.87,29.81,29.72,15,13,10,17,9,,0.00,,,168
1963-6-12,90,82,75,72,67,62,87,60,39,29.87,29.82,29.77,15,15,15,13,8,,0.00,,,182
1963-6-13,98,86,73,72,67,61,93,57,30,29.94,29.90,29.86,15,15,15,14,9,,0.00,,,175
1963-6-14,97,84,72,70,66,60,91,55,29,30.02,29.96,29.88,15,15,15,15,8,,0.00,0,,172
1963-6-15,98,86,75,72,68,63,87,57,31,29.95,29.87,29.74,15,15,15,17,9,,0.00,0,,186
1963-6-16,99,85,71,73,70,66,93,67,35,29.84,29.76,29.65,15,13,7,25,14,,0.15,0,Rain-Thunderstorm,169
1963-6-17,87,78,70,73,69,67,93,79,51,29.94,29.86,29.80,15,12,8,12,6,,0.19,,Rain-Thunderstorm,121
1963-6-18,91,80,70,73,69,64,97,72,41,30.01,29.95,29.88,15,12,3,10,5,,0.82,0,Rain-Thunderstorm,73
1963-6-19,93,82,70,72,69,66,93,65,40,30.01,29.90,29.80,15,14,10,17,7,,0.09,0,,199
1963-6-20,91,82,73,72,68,58,84,65,34,29.92,29.84,29.76,15,13,10,14,7,,0.15,0,Rain-Thunderstorm,197
1963-6-21,93,82,72,73,70,66,97,67,41,29.84,29.79,29.72,15,14,7,12,5,,0.00,0,Rain-Thunderstorm,168
1963-6-22,93,84,75,73,70,65,94,67,38,29.88,29.84,29.79,15,14,10,14,10,,0.00,0,,168
1963-6-23,93,84,75,75,71,67,97,70,42,30.04,29.98,29.92,15,14,10,16,9,,0.00,,,156
1963-6-24,87,80,71,74,71,68,96,83,53,30.17,30.12,30.08,15,12,6,13,7,,0.23,,Rain-Thunderstorm,148
1963-6-25,88,79,70,73,70,67,100,83,51,30.17,30.13,30.07,15,11,0,18,4,,0.40,0,Fog-Rain-Thunderstorm,148
1963-6-26,90,80,69,71,69,66,97,74,46,30.09,30.03,29.95,15,11,6,15,4,,0.00,0,Fog,178
1963-6-27,93,82,71,71,68,66,93,67,41,30.02,29.96,29.88,15,13,10,13,5,,0.00,0,,183
1963-6-28,95,84,72,71,67,60,97,63,31,29.97,29.91,29.83,15,14,10,10,4,,0.00,0,,163
1963-6-29,95,84,73,72,68,61,87,62,32,29.95,29.91,29.86,15,15,15,13,7,,0.00,0,,172
1963-6-30,91,82,73,73,70,67,90,76,45,30.04,29.99,29.94,15,12,10,17,8,,0.00,0,Rain-Thunderstorm,166
1963-7-1,93,81,69,72,68,64,100,76,37,30.12,30.07,30.02,15,14,10,16,6,,0.00,,Rain-Thunderstorm,159
1963-7-2,84,76,69,74,70,67,100,87,59,30.15,30.12,30.09,15,12,8,10,3,,0.25,,Rain-Thunderstorm,306
1963-7-3,89,79,69,73,69,67,96,77,48,30.13,30.07,30.01,15,15,15,12,3,,0.33,,Rain-Thunderstorm,178
1963-7-4,93,83,73,74,71,67,93,70,41,30.06,30.00,29.92,15,14,10,12,5,,0.00,0,,192
1963-7-5,95,84,73,74,70,64,97,69,37,30.01,29.95,29.87,15,14,10,13,7,,0.00,0,,177
1963-7-6,95,84,72,73,69,65,100,65,37,29.98,29.93,29.84,15,14,10,14,8,,0.00,0,,179
1963-7-7,96,84,73,72,68,62,93,63,35,29.97,29.92,29.84,15,15,10,14,9,,0.00,0,,187
1963-7-8,96,84,72,72,68,61,93,61,32,29.94,29.89,29.81,15,15,10,10,7,,0.00,0,,185
1963-7-9,98,86,75,73,68,62,90,59,30,29.93,29.87,29.79,15,15,15,12,7,,0.00,0,,177
1963-7-10,99,87,75,74,71,66,90,62,35,29.91,29.87,29.80,15,14,10,16,9,,0.00,,,175
1963-7-11,97,86,75,74,71,66,91,63,38,29.94,29.90,29.87,15,14,10,16,11,,0.00,0,,170
1963-7-12,99,88,78,76,71,66,87,62,35,30.03,29.98,29.91,15,14,10,18,11,,0.00,0,,173
1963-7-13,96,87,78,74,71,68,87,63,40,30.01,29.95,29.85,15,14,10,21,14,,0.00,0,,181
1963-7-14,99,87,75,74,68,58,90,60,26,29.96,29.89,29.80,15,12,10,16,12,,0.00,0,,187
1963-7-15,100,88,75,73,69,63,87,59,29,29.89,29.84,29.78,15,13,10,15,11,,0.00,0,,183
1963-7-16,98,86,75,73,69,64,91,62,34,29.94,29.90,29.85,15,13,10,17,11,,0.00,0,,183
1963-7-17,99,87,75,77,70,64,100,63,32,30.04,29.98,29.94,15,13,10,16,10,,0.00,0,,176
1963-7-18,100,88,75,75,70,65,91,61,33,30.12,30.06,29.98,15,13,9,15,8,,0.00,0,,162
1963-7-19,97,87,77,74,70,64,90,60,36,30.10,30.04,29.96,15,15,15,15,10,,0.00,0,,173
1963-7-20,99,87,75,74,68,63,85,57,31,30.05,29.99,29.89,15,15,15,14,9,,0.00,0,,187
1963-7-21,102,88,75,71,64,54,84,50,20,29.99,29.92,29.85,15,14,10,12,7,,0.00,0,,195
1963-7-22,100,88,75,70,65,56,82,50,22,29.97,29.91,29.85,15,14,10,14,8,,0.00,0,,185
1963-7-23,100,88,75,73,69,65,87,58,33,29.98,29.93,29.86,15,15,10,14,9,,0.00,0,,181
1963-7-24,102,88,75,73,68,63,85,56,29,29.98,29.93,29.87,15,14,9,15,9,,0.00,0,,186
1963-7-25,99,87,75,72,66,62,84,52,30,29.98,29.93,29.86,15,14,10,15,7,,0.00,0,,170
1963-7-26,96,87,78,74,69,64,79,61,35,30.01,29.96,29.91,15,14,10,16,12,,0.00,,,178
1963-7-27,98,88,78,75,69,62,87,58,30,30.06,30.00,29.93,15,14,10,18,11,,0.00,,,167
1963-7-28,97,87,77,74,69,60,88,59,30,30.03,29.97,29.87,15,15,10,15,10,,0.00,,,167
1963-7-29,100,88,75,73,68,62,87,57,29,29.99,29.94,29.85,15,14,10,16,11,,0.00,0,,181
1963-7-30,100,88,75,72,67,59,85,54,26,30.02,29.96,29.89,15,14,10,16,11,,0.00,0,,179
1963-7-31,100,88,75,72,66,57,85,53,23,30.06,30.00,29.93,15,14,10,17,10,,0.00,0,,0
1963-8-1,100,86,73,70,64,55,85,51,22,30.08,30.02,29.94,15,14,10,15,9,,0.00,0,,187
1963-8-2,98,86,73,71,66,61,82,52,29,30.04,29.99,29.89,15,14,10,15,8,,0.00,0,,177
1963-8-3,98,86,75,72,67,63,82,54,31,30.02,29.97,29.89,15,14,10,16,9,,0.00,0,,175
1963-8-4,98,86,75,72,67,62,79,54,31,30.02,29.97,29.88,15,15,10,13,8,,0.00,0,,183
1963-8-5,100,88,75,73,67,62,87,54,29,30.03,29.97,29.90,15,15,15,20,7,,0.00,0,,174
1963-8-6,99,87,75,72,68,63,85,55,30,30.09,30.03,29.97,15,14,10,10,6,,0.01,0,,180
1963-8-7,100,88,77,70,65,61,76,49,28,30.11,30.04,29.95,15,13,10,13,7,,0.00,0,,168
1963-8-8,100,89,73,75,70,64,91,59,31,30.05,29.98,29.86,15,12,8,14,7,,0.44,0,Rain-Thunderstorm,154
1963-8-9,96,84,73,72,68,65,91,63,36,29.99,29.90,29.81,15,14,10,12,7,,0.17,,Rain-Thunderstorm,178
1963-8-10,95,85,75,74,70,64,94,61,38,29.95,29.89,29.83,15,15,10,10,7,,0.00,0,,173
1963-8-11,99,88,77,75,70,67,94,63,36,30.02,29.95,29.91,15,15,10,15,7,,0.00,0,Rain-Thunderstorm,170
1963-8-12,99,87,75,74,70,65,91,61,35,30.04,29.98,29.90,15,15,15,16,9,,0.00,0,,184
1963-8-13,102,90,78,74,69,63,84,55,29,30.02,29.96,29.87,15,15,15,16,9,,0.00,0,,187
1963-8-14,95,86,77,69,67,64,74,54,41,30.04,29.99,29.95,15,15,15,17,7,,0.00,,,51
1963-8-15,91,82,73,72,68,64,87,63,42,30.10,30.02,29.94,15,13,5,8,5,,0.13,0,Rain-Thunderstorm,101
1963-8-16,97,85,73,73,68,63,87,62,34,30.05,29.99,29.90,15,12,3,12,5,,0.00,0,Fog,164
1963-8-17,99,86,73,71,65,60,85,54,28,30.04,29.98,29.91,15,13,10,15,7,,0.00,0,,173
1963-8-18,98,85,72,71,63,55,87,52,24,30.04,29.98,29.88,15,13,10,15,8,,0.00,0,,172
1963-8-19,100,88,75,72,66,58,87,53,26,30.03,29.97,29.89,15,15,10,16,9,,0.00,0,,178
1963-8-20,93,86,79,72,68,63,74,58,39,30.02,29.96,29.88,15,15,10,8,6,,0.00,0,Rain-Thunderstorm,200
1963-8-21,100,89,78,73,68,62,74,55,31,29.96,29.92,29.86,15,15,10,18,7,,0.01,0,Rain-Thunderstorm,181
1963-8-22,100,88,75,75,70,64,88,60,32,29.99,29.94,29.87,15,15,10,17,6,,0.00,0,,169
1963-8-23,100,88,75,75,69,62,88,57,29,30.01,29.94,29.86,15,15,10,13,8,,0.00,0,,173
1963-8-24,100,88,75,71,66,58,82,52,27,29.96,29.92,29.86,15,15,10,14,8,,0.00,0,,185
1963-8-25,100,88,75,72,67,60,82,54,28,29.98,29.92,29.86,15,15,15,12,7,,0.00,0,,182
1963-8-26,100,88,75,72,66,61,79,51,28,30.03,29.97,29.92,15,15,15,13,7,,0.00,0,,183
1963-8-27,102,88,75,76,66,62,76,48,26,30.03,29.96,29.87,15,15,15,12,7,,0.00,0,,184
1963-8-28,100,88,75,72,67,63,79,51,29,29.98,29.92,29.84,15,15,15,15,9,,0.00,0,,181
1963-8-29,100,88,75,73,67,62,79,54,30,29.99,29.93,29.87,15,15,15,12,8,,0.00,0,,0
1963-8-30,99,88,77,74,70,65,88,59,33,30.03,29.96,29.89,15,15,15,13,7,,0.00,0,,178
1963-8-31,97,86,75,71,68,63,82,57,34,30.02,29.97,29.88,15,15,15,12,5,,0.00,,,169
1963-9-1,96,86,75,71,68,64,76,61,36,30.03,29.97,29.89,15,12,8,13,4,,0.00,0,Rain,152
1963-9-2,98,86,75,73,69,64,85,59,33,30.04,29.97,29.90,15,11,8,9,4,,0.00,0,,166
1963-9-3,99,88,77,76,72,67,90,67,35,30.09,30.03,29.96,15,12,3,12,6,,0.03,0,Fog-Rain,173
1963-9-4,99,87,75,75,71,65,91,61,33,30.07,30.02,29.94,15,14,10,10,4,,0.00,,,199
1963-9-5,100,88,77,71,68,64,82,52,31,30.02,29.96,29.86,15,15,15,12,6,,0.00,,,181
1963-9-6,100,89,78,71,66,61,77,48,27,29.99,29.94,29.87,15,15,15,12,6,,0.00,0,,187
1963-9-7,100,88,77,70,66,59,76,50,28,30.01,29.96,29.90,15,15,10,20,7,,0.00,0,,198
1963-9-8,98,88,78,69,66,64,69,52,34,30.03,29.97,29.89,15,14,10,14,6,,0.00,0,,118
1963-9-9,97,85,73,70,63,55,79,52,27,30.02,29.97,29.90,15,13,10,12,7,,0.00,0,,56
1963-9-10,100,88,75,71,65,58,82,53,25,30.01,29.94,29.87,15,11,7,9,4,,0.00,0,,139
1963-9-11,99,87,75,73,66,60,82,52,28,30.00,29.94,29.88,15,13,10,16,8,,0.00,0,,181
1963-9-12,98,86,73,74,69,62,93,64,31,30.05,29.98,29.89,15,13,7,21,7,,0.23,0,Rain-Thunderstorm,174
1963-9-13,89,81,73,72,70,65,93,73,48,30.08,30.01,29.93,15,11,7,13,7,,0.16,,Rain,16
1963-9-14,93,84,75,71,69,65,87,71,41,29.98,29.93,29.84,15,12,10,12,4,,0.00,,,101
1963-9-15,86,80,73,74,72,67,97,79,57,29.99,29.94,29.88,15,9,4,14,6,,0.82,,Rain-Thunderstorm,97
1963-9-16,86,80,73,75,72,65,97,83,63,30.03,29.98,29.94,10,8,5,16,7,,0.06,0,Fog-Rain,49
1963-9-17,87,80,73,74,71,65,91,79,55,30.05,30.00,29.96,15,12,10,22,12,,0.02,0,Rain,21
1963-9-18,78,76,73,72,71,69,93,87,76,30.01,29.96,29.93,15,8,2,18,14,,0.01,,Fog-Rain,358
1963-9-19,82,77,72,72,71,70,97,85,67,29.96,29.93,29.89,10,8,3,20,14,,0.07,,Fog-Rain,48
1963-9-20,90,81,72,72,66,57,93,68,33,30.00,29.93,29.87,15,11,3,13,7,,0.00,0,Fog,80
1963-9-21,91,78,66,63,61,57,84,57,34,29.97,29.92,29.86,15,10,8,12,3,,0.00,0,,92
1963-9-22,90,80,69,64,60,55,81,55,30,30.02,29.97,29.93,15,10,8,8,4,,0.00,0,,36
1963-9-23,90,80,70,64,60,56,81,54,34,30.05,29.99,29.94,15,10,5,12,6,,0.00,0,,38
1963-9-24,90,79,68,66,61,58,73,55,37,30.06,30.00,29.95,15,10,8,12,7,,0.00,0,,65
1963-9-25,88,77,66,65,60,50,90,58,35,30.11,30.04,29.95,10,9,4,14,6,,0.00,0,Fog,77
1963-9-26,88,76,64,57,54,52,68,50,30,30.09,30.03,29.97,10,10,8,15,7,,0.00,0,,35
1963-9-27,84,74,64,57,54,49,73,51,31,30.03,29.96,29.88,15,11,10,14,8,,0.00,0,,19
1963-9-28,88,74,61,58,49,41,72,45,19,29.91,29.82,29.73,15,15,10,14,7,,0.00,0,,339
1963-9-29,82,73,63,51,44,33,58,38,18,30.07,29.92,29.78,15,15,15,21,10,,0.00,0,,352
1963-9-30,82,70,57,42,39,36,48,35,22,30.22,30.14,30.08,15,14,10,14,9,,0.00,0,,12
1963-10-1,84,70,55,58,48,43,72,49,25,30.19,30.12,30.06,15,13,10,6,3,,0.00,0,,193
1963-10-2,90,74,57,55,49,46,72,47,22,30.16,30.09,30.02,15,14,10,8,3,,0.00,0,,170
1963-10-3,91,73,55,55,48,40,80,44,17,30.15,30.09,30.02,15,14,8,10,3,,0.00,0,,147
1963-10-4,90,76,62,60,52,45,84,48,22,30.14,30.09,30.04,15,14,10,9,5,,0.00,0,,177
1963-10-5,91,80,70,59,54,49,63,44,24,30.18,30.12,30.09,15,15,10,13,6,,0.00,0,,218
1963-10-6,91,78,66,60,55,47,76,47,23,30.20,30.14,30.08,15,14,10,10,5,,0.00,0,,175
1963-10-7,91,80,70,62,58,52,73,50,27,30.14,30.08,30.00,15,13,10,10,5,,0.00,0,,249
1963-10-8,93,78,63,58,52,44,75,44,18,30.06,30.00,29.94,15,13,10,10,4,,0.00,0,,261
1963-10-9,91,77,63,56,50,45,70,42,20,30.08,30.02,29.97,15,11,7,8,5,,0.00,0,,171
1963-10-10,90,76,63,60,51,40,84,47,18,30.17,30.10,30.05,15,11,5,10,5,,0.00,0,Fog,192
1963-10-11,91,74,57,62,50,44,75,47,24,30.16,30.09,30.03,15,13,10,16,4,,0.00,0,,185
1963-10-12,90,76,61,57,51,42,81,45,20,30.14,30.08,30.04,15,13,8,14,5,,0.00,0,,197
1963-10-13,90,77,64,66,56,48,87,52,24,30.19,30.13,30.08,15,13,6,14,5,,0.00,0,Fog,191
1963-10-14,87,80,72,66,60,51,73,57,36,30.25,30.18,30.12,15,13,6,12,5,,0.00,0,,151
1963-10-15,87,76,64,67,59,50,97,60,30,30.23,30.16,30.08,15,11,6,14,6,,0.00,0,,164
1963-10-16,84,74,63,64,57,49,87,59,33,30.17,30.11,30.04,10,9,4,15,5,,0.00,0,Fog,159
1963-10-17,87,74,62,66,57,49,84,61,37,30.18,30.12,30.05,15,13,8,16,5,,0.00,0,,116
1963-10-18,86,75,64,66,63,60,97,71,41,30.18,30.11,30.04,15,13,6,14,5,,0.00,0,Fog,148
1963-10-19,82,72,63,66,62,56,93,67,41,30.14,30.08,30.00,15,13,6,12,6,,0.00,0,Fog,148
1963-10-20,82,74,66,66,63,59,93,68,47,30.09,30.03,29.95,15,14,10,14,7,,0.00,,,165
1963-10-21,81,72,63,62,60,54,90,65,47,30.10,30.05,30.00,15,12,6,13,6,,0.00,0,Fog,148
1963-10-22,82,72,62,63,60,55,90,64,44,30.18,30.11,30.06,15,10,6,9,5,,0.00,0,Fog,171
1963-10-23,87,78,70,69,65,62,97,69,43,30.08,29.99,29.88,15,12,5,14,7,,0.04,,Fog-Rain-Thunderstorm,189
1963-10-24,81,72,64,69,65,62,93,77,54,29.95,29.91,29.85,15,14,10,15,9,,0.56,0,Rain,184
1963-10-25,84,75,66,68,65,61,97,79,49,30.06,29.98,29.94,15,10,0,21,4,,0.03,0,Fog-Rain-Thunderstorm,178
1963-10-26,80,72,64,64,63,60,93,76,54,30.09,30.03,29.98,15,12,10,12,6,,0.15,0,Rain-Thunderstorm,120
1963-10-27,84,74,63,65,62,56,97,71,37,30.12,30.06,30.02,15,12,4,10,3,,0.00,0,Fog,357
1963-10-28,82,73,64,64,58,44,93,64,40,30.27,30.18,30.09,15,13,8,18,8,,0.00,0,,360
1963-10-29,78,68,59,44,39,33,50,36,25,30.35,30.26,30.17,15,15,15,16,9,,0.00,0,,66
1963-10-30,81,68,55,59,54,45,86,62,36,30.21,30.13,30.02,15,14,10,17,7,,0.00,0,,190
1963-10-31,84,73,62,63,59,49,93,66,45,30.04,29.98,29.89,15,14,10,21,10,,0.00,0,,191
1963-11-1,70,60,50,48,36,23,64,41,22,30.35,30.24,29.98,15,14,10,24,14,,0.00,0,,360
1963-11-2,70,56,42,39,26,22,58,34,17,30.35,30.26,30.14,15,15,15,14,8,,0.00,0,,121
1963-11-3,70,64,57,63,53,42,87,70,53,30.14,30.04,29.96,15,12,7,14,8,,0.02,,Fog-Rain,163
1963-11-4,77,72,66,69,66,62,93,85,69,29.95,29.87,29.79,10,10,7,17,8,,0.14,,Rain,195
1963-11-5,87,74,60,66,53,38,97,58,18,29.86,29.80,29.76,15,12,5,21,7,,0.00,0,Fog,289
1963-11-6,88,72,57,46,42,36,62,38,16,29.98,29.89,29.86,15,15,10,15,7,,0.00,0,,331
1963-11-7,86,72,57,64,53,45,81,55,26,29.89,29.81,29.72,15,15,15,15,4,,0.00,0,,181
1963-11-8,71,67,63,66,63,59,97,88,75,29.74,29.68,29.55,15,8,4,24,8,,0.42,,Fog-Rain-Thunderstorm,114
1963-11-9,64,62,59,59,57,52,96,85,72,29.89,29.77,29.70,15,9,3,20,12,,0.06,0,Fog-Rain,13
1963-11-10,77,66,55,53,50,45,80,62,33,30.06,29.98,29.88,15,12,10,20,12,,0.00,0,,353
1963-11-11,80,68,55,51,47,42,78,52,26,30.20,30.12,30.05,15,15,10,14,8,,0.00,0,,355
1963-11-12,78,65,52,51,45,39,84,55,29,30.30,30.23,30.17,15,15,15,14,6,,0.00,0,,350
1963-11-13,69,61,52,38,33,30,51,39,24,30.34,30.27,30.21,15,15,15,12,8,,0.00,0,,34
1963-11-14,62,54,45,36,28,21,58,38,23,30.34,30.28,30.25,15,12,10,13,7,,0.00,0,,96
1963-11-15,78,68,57,63,55,39,81,65,49,30.25,30.15,30.05,15,10,10,20,11,,0.00,,,164
1963-11-16,82,76,69,64,63,61,84,72,49,30.10,30.04,29.97,15,12,7,23,15,,0.00,,,185
1963-11-17,79,72,66,64,62,58,93,74,52,30.10,30.04,29.99,15,12,6,16,12,,0.00,,Fog,179
1963-11-18,68,62,57,63,56,51,90,78,70,30.21,30.12,30.07,15,11,10,17,8,,0.00,,,27
1963-11-19,72,67,61,67,62,57,97,89,78,30.06,30.00,29.93,15,10,3,15,8,,0.26,,Fog-Rain,135
1963-11-20,75,64,54,63,58,52,93,80,54,30.10,30.04,29.98,15,12,0,8,4,,0.00,0,Fog,60
1963-11-21,79,72,66,66,64,61,93,78,54,30.02,29.88,29.74,15,11,5,20,9,,0.00,,Fog,168
1963-11-22,75,65,53,65,51,37,90,64,28,30.23,29.93,29.74,15,14,10,21,13,,0.17,0,Rain,309
1963-11-23,60,52,43,39,28,22,61,44,23,30.47,30.36,30.25,15,15,15,21,14,,0.00,0,,1
1963-11-24,61,48,35,39,29,26,72,50,27,30.33,30.18,30.04,15,15,15,10,6,,0.00,0,,76
1963-11-25,60,52,45,54,43,32,96,69,50,30.14,30.06,30.01,15,12,4,10,4,,0.01,0,Fog-Rain,58
1963-11-26,57,54,52,52,44,41,89,69,55,30.23,30.18,30.13,15,12,6,16,9,,0.00,,Fog-Rain,355
1963-11-27,53,50,48,49,44,40,92,79,66,30.19,30.12,30.05,15,9,2,13,9,,0.48,0,Fog-Rain,355
1963-11-28,62,56,51,54,47,27,96,76,35,30.37,30.12,30.02,15,11,3,21,9,,0.00,0,Fog,344
1963-11-29,59,50,42,35,28,23,71,46,27,30.56,30.46,30.41,15,15,15,21,14,,0.00,0,,330
1963-11-30,69,54,39,37,32,27,79,49,21,30.41,30.35,30.30,15,15,15,15,6,,0.00,,,305
1963-12-1,69,55,41,50,41,32,93,65,29,30.32,30.21,30.10,15,13,10,18,5,,0.00,,,180
1963-12-2,60,52,42,52,36,28,93,56,33,30.39,30.29,30.14,15,14,10,23,11,,0.00,0,,353
1963-12-3,66,52,37,33,29,24,73,50,20,30.38,30.27,30.16,15,15,15,14,8,,0.00,0,,294
1963-12-4,70,56,43,36,31,28,65,45,21,30.20,30.15,30.12,15,15,15,16,10,,0.00,0,,331
1963-12-5,69,56,42,37,33,28,76,50,22,30.27,30.20,30.15,15,15,15,12,7,,0.00,0,,259
1963-12-6,60,53,46,48,41,33,80,65,52,30.22,30.14,30.05,15,9,5,7,1,,0.00,,Rain,185
1963-12-7,75,62,48,57,41,21,97,57,22,30.18,29.99,29.87,15,9,5,21,6,,0.00,0,Fog,293
1963-12-8,55,47,39,24,17,10,53,32,17,30.39,30.30,30.20,15,13,10,18,12,,0.00,,,345
1963-12-9,60,47,34,34,25,18,79,46,21,30.27,30.15,30.01,15,13,8,15,6,,0.00,,,186
1963-12-10,71,62,52,65,58,39,100,90,57,30.00,29.84,29.72,10,7,0,15,7,,0.11,,Fog-Rain,166
1963-12-11,66,50,34,65,43,26,93,83,70,30.14,29.95,29.75,15,11,5,23,13,,0.03,,Fog-Rain,335
1963-12-12,37,35,33,33,29,27,89,80,75,30.17,30.08,30.01,15,11,5,16,11,,0.29,,Fog-Rain,14
1963-12-13,37,36,34,34,33,31,96,90,82,30.26,30.08,29.98,10,6,2,20,12,,0.52,,Fog-Rain,19
1963-12-14,41,36,30,31,25,20,92,71,49,30.48,30.41,30.24,15,14,10,21,17,,0.02,,Rain,11
1963-12-15,44,36,27,25,21,18,78,58,37,30.55,30.50,30.45,15,15,15,9,7,,0.00,0,,72
1963-12-16,44,40,37,28,24,20,68,53,38,30.63,30.54,30.51,15,15,15,9,6,,0.00,,,76
1963-12-17,50,44,39,44,36,28,86,70,60,30.50,30.37,30.29,15,12,8,9,4,,0.00,,,164
1963-12-18,48,40,33,45,37,24,96,82,70,30.55,30.45,30.32,10,7,1,24,8,,0.00,,Fog,28
1963-12-19,37,34,30,37,28,21,100,77,62,30.51,30.34,30.15,15,9,1,14,8,,0.05,,Fog,48
1963-12-20,39,38,35,38,36,32,100,92,86,30.26,30.14,30.06,15,8,3,21,10,,0.36,,Fog-Rain,16
1963-12-21,35,32,30,33,31,29,96,92,88,30.29,30.21,30.13,8,5,3,17,14,,0.00,,Fog,28
1963-12-22,30,28,25,30,23,14,96,79,63,30.57,30.40,30.20,15,10,3,23,15,,0.02,,Fog-Snow,357
1963-12-23,44,32,21,27,20,12,82,65,51,30.62,30.55,30.49,15,14,10,17,11,,0.00,0,,357
1963-12-24,63,44,24,36,29,21,92,69,33,30.50,30.34,30.22,15,12,10,12,5,,0.00,0,,192
1963-12-25,72,53,34,35,33,30,89,57,24,30.21,30.11,30.00,15,12,10,15,4,,0.00,0,,191
1963-12-26,73,55,37,45,38,33,100,60,24,30.13,29.97,29.86,15,13,10,16,7,,0.00,0,,212
1963-12-27,62,52,43,35,33,32,65,52,32,30.26,30.17,30.10,15,14,10,17,10,,0.00,,,16
1963-12-28,61,49,37,39,35,32,86,66,42,30.30,30.18,30.09,15,12,9,18,8,,0.00,0,,18
1963-12-29,51,42,33,36,33,29,85,69,54,30.39,30.29,30.22,15,11,9,16,9,,0.00,0,,33
1963-12-30,44,40,35,34,32,29,82,72,63,30.61,30.55,30.41,10,10,10,22,15,,0.00,0,,12
1963-12-31,54,40,26,30,28,24,92,67,37,30.59,30.43,30.28,15,12,7,12,5,,0.00,0,,217
