
CST,Max TemperatureF,Mean TemperatureF,Min TemperatureF,Max Dew PointF,MeanDew PointF,Min DewpointF,Max Humidity, Mean Humidity, Min Humidity, Max Sea Level PressureIn, Mean Sea Level PressureIn, Min Sea Level PressureIn, Max VisibilityMiles, Mean VisibilityMiles, Min VisibilityMiles, Max Wind SpeedMPH, Mean Wind SpeedMPH, Max Gust SpeedMPH,PrecipitationIn, CloudCover, Events, WindDirDegrees
1994-1-1,72,59,46,51,42,31,97,61,24,30.13,30.10,30.06,15,12,9,16,7,22,0.00,2,,296
1994-1-2,78,57,36,41,34,24,89,49,15,30.13,29.98,29.80,15,13,8,28,8,40,0.00,2,,268
1994-1-3,63,54,46,35,27,21,66,39,21,30.17,30.09,29.99,15,15,15,17,11,22,0.00,0,,302
1994-1-4,64,53,42,31,26,22,65,40,19,30.30,30.20,30.03,15,15,15,21,7,30,0.00,0,,339
1994-1-5,71,54,36,54,36,28,87,56,27,30.27,30.06,29.88,20,16,15,22,7,36,0.00,0,,181
1994-1-6,73,62,50,55,52,39,100,77,46,29.86,29.78,29.72,15,11,6,16,10,24,0.00,5,Fog,172
1994-1-7,52,44,37,37,25,19,65,50,32,30.44,30.25,29.88,10,10,10,23,16,33,0.00,5,,350
1994-1-8,59,42,26,25,22,18,84,48,26,30.44,30.35,30.25,15,12,10,14,6,,0.00,3,,196
1994-1-9,64,48,33,50,40,30,100,72,46,30.30,30.21,30.10,10,8,0,22,8,34,0.00,5,Fog,168
1994-1-10,71,62,52,60,56,50,100,87,57,30.14,30.09,30.03,10,7,2,14,7,,0.03,7,Fog-Rain,131
1994-1-11,73,62,52,61,53,44,100,78,38,30.24,30.18,30.13,10,5,0,14,5,,0.01,6,Fog,17
1994-1-12,57,54,50,53,50,47,90,88,83,30.20,30.14,30.05,10,6,2,12,8,,0.00,8,Fog-Rain,44
1994-1-13,64,57,50,51,47,42,100,75,43,30.22,30.12,30.04,10,8,3,15,9,,0.17,4,Fog-Rain,316
1994-1-14,72,58,44,44,37,30,86,55,23,30.27,30.20,30.11,15,14,10,13,9,,0.00,2,,243
1994-1-15,60,52,43,45,41,35,82,68,56,30.32,30.23,30.18,15,11,7,14,8,23,0.00,5,Rain,41
1994-1-16,68,59,50,60,54,47,97,86,76,30.18,30.00,29.85,7,6,3,15,10,24,0.00,8,Fog,146
1994-1-17,60,50,39,58,30,22,93,53,26,30.35,30.17,29.89,15,14,7,23,13,34,0.00,4,,348
1994-1-18,42,35,28,25,24,22,82,66,49,30.52,30.44,30.34,15,12,10,15,10,,0.00,2,,25
1994-1-19,57,42,26,43,31,21,84,72,55,30.51,30.40,30.28,10,9,7,12,7,,0.00,5,,99
1994-1-20,50,48,45,49,46,43,100,94,80,30.52,30.36,30.26,10,5,0,15,7,20,0.44,8,Fog-Rain,45
1994-1-21,50,46,43,44,43,41,97,90,77,30.60,30.54,30.49,10,6,3,17,12,,0.04,8,Fog-Rain,20
1994-1-22,50,46,42,48,43,38,97,90,79,30.51,30.42,30.35,10,6,3,13,7,,0.16,8,Fog-Rain,44
1994-1-23,54,51,48,54,49,45,100,96,86,30.34,30.25,30.18,6,2,0,7,3,,0.08,8,Fog-Rain,40
1994-1-24,66,60,55,66,62,55,100,98,93,30.18,30.10,30.04,10,3,0,12,5,,0.30,8,Fog-Rain,153
1994-1-25,71,68,64,65,64,63,97,89,81,30.07,30.00,29.91,10,7,3,14,9,,0.12,8,Fog,162
1994-1-26,73,70,66,67,65,64,93,85,73,29.92,29.82,29.73,10,8,5,14,11,18,0.00,8,,183
1994-1-27,68,58,46,67,49,30,97,70,42,30.01,29.80,29.72,15,8,1,20,8,30,0.13,7,Fog-Rain,352
1994-1-28,45,42,39,33,28,23,79,58,43,30.26,30.16,30.00,15,14,10,17,11,25,0.05,8,Rain,2
1994-1-29,48,44,39,33,31,29,76,63,52,30.25,30.18,30.11,15,11,10,16,9,,0.00,8,,342
1994-1-30,52,44,36,34,33,32,89,68,49,30.31,30.24,30.18,15,13,10,12,6,,0.00,3,,18
1994-1-31,42,38,33,32,29,24,89,75,57,30.55,30.47,30.32,10,7,3,18,13,26,0.00,8,Fog-Snow,7
1994-2-1,45,38,30,30,24,21,89,64,39,30.52,30.46,30.39,20,12,7,14,9,,0.00,5,Snow,348
1994-2-2,55,41,27,26,22,17,82,51,23,30.48,30.37,30.26,20,20,15,10,6,,0.00,2,,190
1994-2-3,53,45,37,50,33,23,100,64,43,30.33,30.24,30.17,20,12,1,13,7,20,0.00,8,Fog,161
1994-2-4,75,62,48,58,54,48,100,80,52,30.17,30.08,29.98,15,8,0,14,6,,0.00,7,Fog,181
1994-2-5,77,65,53,58,46,36,97,58,23,30.06,30.01,29.96,15,11,7,13,7,,0.00,4,,302
1994-2-6,78,63,48,56,45,36,75,57,37,30.12,30.05,29.99,15,15,15,12,6,,0.00,1,,211
1994-2-7,75,65,55,65,60,52,100,87,66,30.09,30.01,29.90,15,7,0,13,5,,0.00,7,Fog,181
1994-2-8,82,74,66,65,64,61,90,76,49,29.92,29.83,29.72,10,10,8,20,13,30,0.00,7,,170
1994-2-9,69,48,27,65,36,11,97,77,49,30.13,29.97,29.74,10,6,2,26,14,34,0.09,8,Fog-Rain,357
1994-2-10,35,30,26,30,26,14,92,83,58,30.19,30.11,30.06,20,9,4,21,15,30,0.58,7,Fog-Rain,328
1994-2-11,60,44,28,43,34,27,96,75,46,30.16,30.07,29.99,20,14,1,13,5,20,0.20,3,Fog,161
1994-2-12,71,58,46,56,46,28,100,75,40,30.38,30.09,29.96,8,4,0,20,10,29,0.00,8,Fog,130
1994-2-13,57,48,39,27,19,13,45,33,18,30.65,30.55,30.40,20,15,8,23,17,33,0.00,4,,2
1994-2-14,62,48,35,42,25,20,74,43,23,30.53,30.37,30.22,20,17,15,14,6,,0.00,2,,133
1994-2-15,66,56,46,53,48,44,93,78,58,30.33,30.26,30.19,15,8,5,10,6,,0.00,7,Fog,100
1994-2-16,71,62,52,53,50,45,97,74,44,30.43,30.34,30.27,10,5,1,7,3,,0.00,5,Fog,87
1994-2-17,71,57,43,51,45,42,100,68,36,30.30,30.21,30.08,10,8,0,14,5,18,0.00,3,Fog,150
1994-2-18,71,61,51,59,54,46,96,77,61,30.08,29.97,29.86,10,8,4,21,8,29,0.00,8,Fog,153
1994-2-19,72,66,61,65,60,57,93,82,68,29.96,29.88,29.79,15,10,7,17,12,23,0.01,8,,164
1994-2-20,79,70,61,67,63,58,100,84,52,30.12,30.00,29.94,15,9,1,15,6,21,0.04,8,Fog-Rain,118
1994-2-21,73,66,59,64,61,58,100,90,66,30.13,29.99,29.86,10,5,0,13,8,,0.37,8,Fog-Rain,82
1994-2-22,78,68,55,65,56,42,97,73,33,29.85,29.76,29.66,15,9,2,17,8,28,0.87,5,Fog-Rain-Thunderstorm,192
1994-2-23,57,51,44,49,32,23,83,52,28,30.21,30.04,29.82,15,15,15,20,14,30,0.55,4,,349
1994-2-24,64,50,37,30,27,23,76,46,23,30.22,30.11,29.98,15,15,15,15,7,24,0.00,3,,193
1994-2-25,77,60,42,51,41,30,93,62,37,30.25,30.04,29.96,15,12,7,20,9,30,0.00,4,,145
1994-2-26,46,42,37,29,21,15,53,43,38,30.41,30.32,30.27,15,14,7,21,15,34,0.00,8,,12
1994-2-27,62,52,43,45,35,26,64,54,47,30.31,30.21,30.10,15,10,7,10,6,,0.00,7,,102
1994-2-28,63,57,51,59,52,42,100,85,67,30.09,29.97,29.88,10,5,0,13,9,,0.12,8,Fog-Rain,124
1994-3-1,61,54,46,60,50,36,100,84,68,30.16,29.96,29.87,15,6,0,20,8,34,0.20,7,Fog-Rain-Thunderstorm,354
1994-3-2,73,58,43,38,36,33,73,50,25,30.26,30.19,30.14,15,15,15,20,14,28,0.01,1,,332
1994-3-3,69,58,46,43,39,34,68,51,32,30.31,30.23,30.16,15,15,15,9,6,,0.00,4,,177
1994-3-4,79,64,48,57,49,42,83,60,39,30.15,30.02,29.89,15,15,15,15,8,21,0.00,6,,180
1994-3-5,88,72,57,62,57,51,97,69,29,29.93,29.87,29.78,15,14,10,12,7,,0.00,6,,175
1994-3-6,84,73,62,64,62,60,97,78,47,30.00,29.92,29.85,15,11,4,15,9,,0.00,5,Fog,159
1994-3-7,84,75,66,64,63,62,90,73,49,30.05,29.97,29.89,15,9,4,18,12,25,0.00,5,Fog,168
1994-3-8,73,62,48,68,62,45,93,84,75,29.94,29.83,29.73,15,9,5,24,12,36,0.01,8,Rain,144
1994-3-9,46,42,39,43,33,28,93,69,51,30.33,30.10,29.93,15,14,4,24,18,39,0.13,6,Fog-Rain,334
1994-3-10,62,49,36,36,32,28,82,56,34,30.45,30.36,30.30,15,15,15,9,7,,0.00,0,,320
1994-3-11,64,52,39,45,38,33,86,60,36,30.38,30.30,30.21,15,15,15,18,7,28,0.00,4,,155
1994-3-12,59,55,51,57,52,45,97,89,72,30.30,30.24,30.19,15,6,1,14,10,,0.19,7,Fog-Rain,106
1994-3-13,64,60,55,55,53,50,97,86,65,30.36,30.31,30.26,15,7,2,13,8,,0.01,6,Fog,15
1994-3-14,73,62,50,55,52,48,96,73,46,30.30,30.16,30.02,15,15,15,10,7,,0.00,5,,238
1994-3-15,66,63,60,64,60,55,97,90,73,30.05,30.00,29.95,15,6,1,12,6,,0.64,8,Fog-Rain,65
1994-3-16,75,67,59,63,57,44,100,74,49,30.09,30.03,29.95,15,7,2,16,5,,0.64,5,Fog,59
1994-3-17,78,66,55,59,56,45,97,70,43,30.07,29.93,29.81,15,11,4,15,8,22,0.00,2,Fog,189
1994-3-18,86,74,63,63,61,59,90,69,43,29.83,29.77,29.71,15,12,7,15,9,22,0.00,3,,182
1994-3-19,81,70,59,63,61,59,100,79,47,29.89,29.81,29.71,15,8,0,14,6,17,0.00,6,Fog,172
1994-3-20,82,73,64,67,64,62,93,77,56,29.86,29.78,29.72,10,8,7,13,10,17,0.00,8,,182
1994-3-21,77,70,60,67,49,35,100,56,30,30.05,29.94,29.80,15,11,4,15,6,21,0.04,4,Fog,360
1994-3-22,80,66,53,64,47,32,84,50,37,30.04,29.92,29.79,15,12,10,10,5,,0.00,4,,120
1994-3-23,75,72,68,69,67,65,96,88,79,29.80,29.75,29.70,10,6,2,9,6,,0.00,8,Fog,174
1994-3-24,77,70,62,68,63,58,93,81,58,30.00,29.85,29.75,15,10,3,15,6,23,0.07,7,Fog-Rain,336
1994-3-25,75,63,51,60,53,42,93,72,53,30.15,30.01,29.88,15,10,7,15,10,,0.07,4,,53
1994-3-26,80,72,64,70,66,60,96,84,62,29.87,29.65,29.47,10,7,3,17,12,22,0.00,8,Fog,160
1994-3-27,72,62,51,70,51,34,96,74,50,30.03,29.72,29.52,15,10,3,20,12,28,0.07,7,Fog-Rain-Thunderstorm,344
1994-3-28,64,54,45,33,24,16,58,36,16,30.31,30.21,30.03,20,17,10,21,11,29,0.02,1,,337
1994-3-29,72,56,39,39,33,26,77,43,27,30.33,30.27,30.21,20,15,15,17,6,23,0.00,5,,187
1994-3-30,68,59,50,41,34,29,64,43,27,30.51,30.40,30.30,15,15,15,20,9,25,0.00,3,,10
1994-3-31,71,57,43,38,31,26,58,41,23,30.41,30.32,30.22,15,14,10,9,4,,0.00,2,,76
1994-4-1,73,59,45,52,45,38,93,61,38,30.29,30.21,30.09,15,12,3,14,5,18,0.00,3,Fog,173
1994-4-2,75,63,51,62,56,46,89,75,56,30.14,30.06,29.98,15,11,7,17,9,28,0.00,7,,178
1994-4-3,73,63,53,61,42,34,84,49,30,30.29,30.17,30.08,15,11,10,17,11,25,0.00,3,,2
1994-4-4,75,62,50,67,51,37,90,65,49,30.12,29.92,29.75,15,12,8,17,6,24,0.00,6,,163
1994-4-5,81,69,53,68,62,39,96,79,53,29.95,29.73,29.67,15,8,1,20,12,25,0.22,7,Fog-Rain-Thunderstorm,178
1994-4-6,66,52,39,37,31,28,63,45,26,30.23,30.14,29.98,15,15,15,20,16,32,0.22,3,Rain,357
1994-4-7,72,58,43,49,38,32,72,53,31,30.29,30.18,30.05,15,15,15,14,7,22,0.00,0,,106
1994-4-8,80,66,52,61,53,49,93,68,40,30.12,30.02,29.91,15,12,7,20,11,31,0.00,5,,165
1994-4-9,81,74,66,68,66,62,97,79,54,29.96,29.84,29.73,7,7,5,20,13,34,0.00,8,Fog,164
1994-4-10,84,77,70,68,66,64,87,73,51,29.82,29.77,29.71,15,9,7,18,13,29,0.00,7,,160
1994-4-11,80,76,69,73,66,48,91,77,43,29.98,29.83,29.73,15,8,5,15,12,24,0.04,7,Rain,169
1994-4-12,71,62,53,50,42,37,75,49,30,30.19,30.11,30.00,15,15,15,14,8,,0.00,5,,39
1994-4-13,84,68,52,62,51,44,80,56,34,30.11,29.99,29.84,15,15,15,14,6,,0.00,5,,188
1994-4-14,82,74,66,68,67,64,97,79,58,29.88,29.81,29.67,15,8,3,17,10,26,0.00,8,Fog,174
1994-4-15,82,74,66,73,64,41,97,78,37,30.13,29.88,29.75,15,7,2,17,10,25,0.06,8,Fog-Rain-Thunderstorm,110
1994-4-16,78,66,55,42,37,31,51,34,18,30.38,30.26,30.13,20,17,15,17,11,24,0.00,3,,25
1994-4-17,79,66,53,46,41,38,64,43,25,30.35,30.26,30.18,15,15,15,9,6,17,0.00,2,,37
1994-4-18,82,68,54,62,54,46,90,60,31,30.19,30.12,30.03,15,14,10,10,5,20,0.00,2,,142
1994-4-19,78,71,64,67,65,62,97,84,60,30.12,30.07,30.02,15,8,2,9,5,,0.03,7,Fog-Rain,103
1994-4-20,77,70,64,66,62,54,97,80,58,30.15,30.08,30.02,10,8,4,9,4,,0.00,8,Fog-Rain,61
1994-4-21,84,74,64,63,60,57,90,65,38,30.03,29.97,29.88,10,10,7,10,5,20,0.00,7,,46
1994-4-22,82,73,64,65,63,61,93,72,49,29.97,29.93,29.88,15,10,7,15,5,16,0.00,5,Rain-Thunderstorm,359
1994-4-23,84,72,61,65,62,60,100,72,44,30.00,29.94,29.87,10,7,4,12,5,,0.00,2,Fog,96
1994-4-24,84,74,64,67,64,62,97,76,49,29.96,29.88,29.76,15,8,0,16,7,,0.00,6,Fog,165
1994-4-25,84,78,71,71,68,66,91,80,61,29.83,29.73,29.64,8,7,3,16,12,21,0.00,7,Rain,166
1994-4-26,91,82,73,72,70,68,96,75,48,29.78,29.72,29.67,10,7,5,16,11,24,0.00,6,Fog,159
1994-4-27,86,80,75,73,71,69,91,76,57,29.85,29.78,29.74,7,7,7,18,13,28,0.00,8,,140
1994-4-28,78,66,55,71,63,48,93,80,66,30.10,29.95,29.80,10,9,3,22,12,30,0.18,7,Rain-Thunderstorm,53
1994-4-29,84,75,66,71,66,63,100,79,51,30.03,29.95,29.82,15,8,4,17,9,25,1.10,7,Fog-Rain-Thunderstorm,138
1994-4-30,73,62,51,67,50,45,90,73,52,30.17,30.09,29.96,15,11,7,21,13,24,0.01,7,Rain,345
1994-5-1,60,55,50,55,48,43,93,77,62,30.22,30.13,30.03,15,11,7,16,10,18,0.03,7,Rain,36
1994-5-2,68,62,57,67,62,55,100,96,90,30.03,29.92,29.81,10,5,0,13,5,,0.33,8,Fog-Rain,30
1994-5-3,71,62,54,57,54,51,93,82,59,30.07,30.01,29.94,15,11,7,17,12,17,0.00,8,,16
1994-5-4,78,68,59,66,60,55,90,80,64,30.10,30.05,30.00,8,6,4,10,6,,0.02,8,Fog-Rain,58
1994-5-5,82,74,66,68,65,62,90,75,56,30.16,30.10,30.04,10,8,5,12,6,,0.00,7,Fog,80
1994-5-6,81,74,66,72,68,65,96,84,71,30.10,30.02,29.91,10,6,3,13,8,,0.01,7,Fog,172
1994-5-7,84,78,73,74,73,71,97,86,72,29.98,29.93,29.86,10,7,5,13,8,,0.00,7,Fog,172
1994-5-8,84,75,66,70,66,62,85,74,57,30.00,29.93,29.84,15,11,7,12,9,,0.00,8,,75
1994-5-9,86,80,73,74,71,67,97,80,55,29.97,29.90,29.85,15,9,3,13,6,,0.01,8,Fog-Rain,131
1994-5-10,86,79,72,74,71,69,97,81,57,30.05,29.99,29.93,15,9,3,14,7,20,0.00,8,Rain,91
1994-5-11,82,76,71,73,71,69,96,81,67,30.06,29.99,29.92,15,10,4,15,10,21,0.00,7,,137
1994-5-12,88,80,72,73,68,61,97,73,48,30.04,29.94,29.82,15,12,7,15,9,22,0.00,7,,95
1994-5-13,77,70,62,72,65,61,100,88,73,29.90,29.81,29.70,15,9,1,24,9,47,1.43,8,Fog-Rain-Thunderstorm,33
1994-5-14,82,72,63,72,66,62,97,82,69,29.93,29.79,29.74,10,8,1,15,9,,0.20,7,Fog-Rain-Thunderstorm,183
1994-5-15,87,76,66,70,65,62,90,71,49,29.93,29.89,29.82,15,13,8,14,8,,0.23,8,Rain-Thunderstorm,24
1994-5-16,79,74,68,71,69,66,97,86,69,29.96,29.90,29.84,15,8,5,12,7,,0.55,7,Rain-Thunderstorm,17
1994-5-17,84,76,69,71,69,67,97,81,57,30.00,29.94,29.90,15,9,2,12,5,,0.04,6,Fog-Rain,68
1994-5-18,84,76,69,70,66,63,93,72,49,30.07,30.00,29.94,10,8,5,12,6,,0.00,4,Fog,43
1994-5-19,84,74,64,61,55,53,70,53,36,30.05,29.98,29.91,15,12,8,14,9,,0.00,3,,22
1994-5-20,82,72,62,57,54,51,78,55,34,30.02,29.97,29.93,15,12,10,8,7,,0.00,1,,57
1994-5-21,82,71,60,58,56,53,83,59,37,30.08,30.02,29.98,15,15,15,10,5,,0.00,3,,134
1994-5-22,82,72,63,62,58,54,90,63,37,30.13,30.08,30.04,15,12,7,12,5,16,0.00,6,,128
1994-5-23,84,74,63,65,61,59,97,65,43,30.14,30.07,29.99,15,10,5,13,6,,0.00,6,Fog,166
1994-5-24,88,76,63,67,65,62,97,70,48,30.04,29.97,29.85,15,10,5,13,7,20,0.00,5,Fog,173
1994-5-25,86,78,69,70,68,67,96,74,55,29.90,29.82,29.70,15,8,4,15,9,23,0.00,7,Fog,165
1994-5-26,87,79,71,71,69,65,93,78,57,29.89,29.79,29.70,10,8,5,15,8,,0.00,7,Fog-Rain,125
1994-5-27,88,78,69,68,65,61,87,68,48,30.01,29.91,29.85,15,13,8,16,8,29,0.00,6,Rain,71
1994-5-28,91,81,71,72,70,68,93,72,50,29.99,29.94,29.88,10,8,7,13,5,,0.00,2,,126
1994-5-29,91,82,72,74,72,70,97,76,57,29.96,29.90,29.78,10,8,3,15,7,18,0.00,6,Fog-Rain-Thunderstorm,162
1994-5-30,93,80,68,74,68,62,100,68,44,30.35,29.94,29.85,15,12,5,36,16,60,0.33,3,Rain-Thunderstorm,185
1994-5-31,91,82,73,74,71,64,97,69,46,29.95,29.91,29.84,15,15,15,15,5,,0.00,2,,129
1994-6-1,88,80,72,71,68,63,93,72,44,29.96,29.92,29.87,15,12,5,14,7,22,0.00,2,Fog,58
1994-6-2,88,79,70,70,68,66,90,71,49,29.96,29.92,29.88,15,11,7,13,5,,0.00,4,,60
1994-6-3,86,80,73,72,71,69,93,80,57,30.06,29.98,29.93,15,10,7,14,6,21,0.00,7,Rain,101
1994-6-4,90,81,72,72,71,67,97,74,48,30.03,29.96,29.86,15,12,7,9,4,,0.00,6,,127
1994-6-5,91,82,73,73,72,69,97,73,47,29.92,29.86,29.77,15,12,5,10,6,,0.00,5,Fog,151
1994-6-6,93,83,73,73,72,70,97,71,47,29.88,29.80,29.74,15,14,7,12,6,,0.00,3,,164
1994-6-7,93,84,75,75,73,72,94,71,49,29.84,29.77,29.70,15,14,10,15,9,,0.00,2,,170
1994-6-8,97,86,75,75,73,72,90,69,46,29.90,29.81,29.74,15,13,7,15,10,20,0.00,4,,181
1994-6-9,95,86,78,77,74,70,90,69,44,29.98,29.88,29.81,10,8,7,15,11,21,0.17,6,Thunderstorm,169
1994-6-10,97,85,73,76,70,65,88,69,41,29.99,29.93,29.85,15,11,7,18,7,32,0.00,6,Rain-Thunderstorm,145
1994-6-11,93,82,72,72,68,64,97,71,44,30.03,29.97,29.91,15,10,5,20,5,,0.00,5,Fog-Rain-Thunderstorm,121
1994-6-12,93,82,70,73,69,66,93,69,45,29.99,29.94,29.88,10,9,7,16,5,22,0.00,5,,178
1994-6-13,90,81,72,75,70,66,93,77,52,30.02,29.97,29.91,10,9,7,16,7,24,0.07,6,Rain-Thunderstorm,166
1994-6-14,84,78,71,75,72,69,94,81,67,30.00,29.97,29.92,10,8,5,24,7,38,0.21,7,Rain,150
1994-6-15,91,81,71,75,72,69,97,77,48,30.02,29.97,29.93,15,10,5,18,8,25,0.07,5,Fog-Rain,147
1994-6-16,91,84,77,76,73,69,94,73,48,30.06,30.02,29.98,15,9,7,15,10,22,0.00,5,,158
1994-6-17,93,84,75,75,71,66,94,68,40,30.08,30.01,29.94,15,11,5,12,7,16,0.00,4,Fog,152
1994-6-18,95,84,73,72,69,63,93,64,34,30.02,29.98,29.90,15,14,10,21,6,30,0.00,4,,150
1994-6-19,93,83,73,73,69,67,91,69,42,30.01,29.97,29.91,15,11,2,13,6,20,0.32,6,Rain-Thunderstorm,100
1994-6-20,93,83,73,72,70,67,93,70,44,30.04,29.97,29.90,10,9,5,17,5,23,0.01,3,Fog-Rain,105
1994-6-21,91,80,70,71,69,67,97,73,47,30.02,29.96,29.86,15,10,5,12,4,23,0.01,3,Fog,110
1994-6-22,93,83,73,73,71,68,91,69,45,29.97,29.88,29.78,15,12,7,13,5,,0.00,2,,190
1994-6-23,96,84,73,75,73,71,97,73,46,29.87,29.80,29.70,10,8,3,14,8,21,0.05,4,Fog-Rain-Thunderstorm,170
1994-6-24,100,88,75,74,70,59,96,63,26,29.85,29.80,29.77,15,11,7,14,6,,0.00,3,Rain,52
1994-6-25,100,88,77,78,74,69,96,66,37,29.89,29.86,29.83,15,11,4,14,8,,0.00,2,Fog,175
1994-6-26,97,88,78,77,73,68,90,65,40,29.95,29.90,29.84,15,11,6,17,12,23,0.00,2,Fog,183
1994-6-27,100,88,75,76,70,63,91,62,30,29.96,29.89,29.84,15,10,6,18,11,30,0.00,1,Fog,184
1994-6-28,100,88,75,76,70,63,91,61,29,29.97,29.90,29.86,15,10,7,17,12,24,0.00,2,,180
1994-6-29,99,88,77,74,71,67,84,63,35,30.04,29.92,29.85,15,11,7,13,10,,0.00,5,Thunderstorm,174
1994-6-30,96,84,73,75,71,68,97,68,40,30.01,29.91,29.84,15,11,7,14,9,,0.00,4,,159
1994-7-1,96,86,75,73,70,67,94,65,38,29.95,29.88,29.80,15,13,8,14,9,20,0.00,3,,168
1994-7-2,93,84,75,74,70,65,94,66,39,29.94,29.86,29.79,15,12,8,14,9,22,0.00,4,,164
1994-7-3,98,88,77,74,70,65,90,63,36,29.94,29.88,29.83,15,12,10,15,9,,0.00,3,,166
1994-7-4,96,86,75,73,70,64,90,64,35,30.00,29.93,29.88,15,13,8,15,9,24,0.00,3,,156
1994-7-5,98,88,77,76,72,68,94,66,39,30.03,29.97,29.88,15,13,8,21,9,26,0.00,4,,159
1994-7-6,97,88,78,75,71,68,88,64,39,30.00,29.91,29.78,15,13,8,18,12,25,0.00,5,,169
1994-7-7,99,88,78,74,71,67,84,62,35,29.85,29.80,29.74,15,15,15,17,12,29,0.00,2,,170
1994-7-8,99,89,79,75,71,65,82,61,34,30.03,29.96,29.87,15,15,15,15,11,23,0.00,4,,153
1994-7-9,99,88,77,75,71,64,90,69,33,30.11,30.05,29.99,15,13,5,18,9,43,0.26,5,Rain-Thunderstorm,161
1994-7-10,95,84,72,73,70,66,100,70,41,30.14,30.06,29.96,15,9,0,13,5,20,0.00,6,Fog,123
1994-7-11,100,88,75,73,69,65,87,58,33,30.01,29.96,29.87,15,13,10,16,7,24,0.00,2,,163
1994-7-12,99,87,75,74,71,66,96,64,34,29.99,29.93,29.82,15,14,7,15,11,24,0.00,3,,171
1994-7-13,99,87,75,74,71,65,94,63,34,30.03,29.95,29.86,15,12,7,17,11,28,0.00,4,,171
1994-7-14,95,86,78,76,71,64,90,63,37,30.04,29.99,29.94,15,10,6,16,10,24,0.00,6,,177
1994-7-15,100,89,78,75,69,62,87,59,29,30.12,30.06,30.01,10,9,7,14,10,22,0.00,6,,172
1994-7-16,99,87,75,75,70,59,94,61,28,30.17,30.10,30.03,15,11,7,16,9,,0.00,4,,168
1994-7-17,99,88,77,73,67,58,88,56,25,30.18,30.09,30.00,15,14,10,13,9,16,0.05,2,,173
1994-7-18,100,88,75,72,64,55,85,51,23,30.10,30.04,29.94,15,14,10,14,9,16,0.00,2,,184
1994-7-19,99,86,73,72,67,62,91,55,30,30.04,29.98,29.90,15,14,10,14,8,20,0.00,1,,175
1994-7-20,98,86,75,74,69,63,91,60,31,30.03,29.98,29.90,15,14,8,15,10,22,0.00,3,,170
1994-7-21,100,88,75,74,68,60,94,58,28,30.07,30.01,29.92,15,15,15,14,10,20,0.00,4,,174
1994-7-22,102,88,75,72,67,60,87,54,25,30.05,29.97,29.89,15,14,10,13,9,21,0.00,5,,182
1994-7-23,102,90,78,73,66,58,81,50,23,30.01,29.96,29.90,15,15,10,12,9,18,0.00,2,,179
1994-7-24,102,88,73,71,65,56,87,52,22,30.02,29.96,29.90,15,13,7,13,8,18,0.00,0,,170
1994-7-25,102,88,73,72,65,55,93,55,21,30.03,29.94,29.85,15,14,10,13,8,18,0.00,6,,173
1994-7-26,102,88,75,73,67,57,91,56,23,29.97,29.90,29.80,15,13,10,14,9,20,0.00,4,,178
1994-7-27,97,88,78,73,60,45,74,45,19,30.01,29.95,29.89,15,15,15,16,10,30,0.00,2,,13
1994-7-28,96,83,70,56,50,44,59,34,17,30.04,29.99,29.94,15,15,15,12,7,20,0.00,3,,32
1994-7-29,96,82,68,64,57,50,76,43,26,30.06,30.01,29.94,15,12,8,13,5,,0.00,4,,155
1994-7-30,91,81,71,65,60,53,75,51,30,30.07,30.01,29.97,15,12,10,13,7,,0.00,6,,134
1994-7-31,96,84,73,67,63,58,73,53,28,30.06,30.01,29.94,15,13,10,17,8,28,0.00,4,,114
1994-8-1,96,83,70,70,65,59,87,61,29,30.08,30.01,29.91,15,14,10,12,5,,0.00,2,,141
1994-8-2,95,83,71,70,64,55,93,58,28,30.03,29.97,29.88,15,13,10,14,5,16,0.00,5,,101
1994-8-3,96,84,73,70,66,61,85,56,33,30.01,29.96,29.90,15,15,10,12,6,13,0.00,4,,125
1994-8-4,93,83,73,72,68,64,93,65,38,30.05,30.02,30.00,15,15,10,17,8,25,0.00,3,Rain,171
1994-8-5,97,86,75,71,70,64,87,69,36,30.11,30.05,29.99,15,13,10,16,6,29,0.00,6,,173
1994-8-6,97,83,69,71,67,63,93,64,32,30.08,30.00,29.89,15,13,10,13,6,,0.00,2,,162
1994-8-7,98,86,75,73,69,63,91,61,32,29.99,29.93,29.84,15,14,7,17,10,21,0.00,4,,174
1994-8-8,96,86,77,74,71,64,88,67,36,30.04,29.95,29.88,15,11,2,17,9,22,0.33,6,Rain-Thunderstorm,158
1994-8-9,84,78,71,74,71,70,96,85,61,30.14,30.06,29.99,15,7,0,14,7,28,5.68,7,Rain-Thunderstorm,127
1994-8-10,91,81,71,73,70,64,97,79,45,30.19,30.12,30.07,15,10,7,17,3,25,0.00,5,Rain,105
1994-8-11,93,82,72,71,68,65,93,65,38,30.17,30.10,30.02,10,8,5,8,3,,0.00,1,,101
1994-8-12,93,83,73,71,68,65,87,61,39,30.11,30.06,30.00,10,7,4,12,5,,0.00,2,Fog,155
1994-8-13,93,83,73,73,69,62,93,65,35,30.09,30.03,29.96,10,8,4,10,5,,0.00,2,Fog,152
1994-8-14,97,86,75,73,71,67,94,68,37,30.06,30.00,29.93,15,12,6,18,4,26,0.00,2,Fog-Rain-Thunderstorm,152
1994-8-15,97,85,73,74,71,67,93,69,40,30.02,29.96,29.88,10,8,0,32,4,45,1.77,5,Rain-Thunderstorm,40
1994-8-16,93,83,73,74,72,69,97,74,45,30.00,29.95,29.89,10,7,4,14,5,,0.00,6,Fog-Rain-Thunderstorm,68
1994-8-17,97,84,72,75,71,67,97,68,40,30.03,29.95,29.88,15,12,6,13,6,,0.00,2,Fog,166
1994-8-18,97,87,77,75,71,67,94,65,38,30.04,29.96,29.90,15,13,7,14,8,,0.00,3,,172
1994-8-19,95,86,77,75,72,69,90,67,43,29.99,29.94,29.84,15,12,7,16,9,20,0.00,3,,168
1994-8-20,96,87,78,75,72,68,88,65,40,29.93,29.87,29.76,15,15,10,13,11,20,0.00,5,,176
1994-8-21,82,78,73,75,73,71,96,85,67,29.99,29.92,29.85,15,10,5,15,8,,0.07,7,Fog-Rain-Thunderstorm,93
1994-8-22,87,80,72,76,73,71,97,84,59,30.03,29.94,29.87,15,9,4,10,4,,0.12,6,Fog-Rain,83
1994-8-23,91,84,77,77,74,71,94,78,53,30.03,29.98,29.94,15,12,6,14,7,,0.00,5,Rain,150
1994-8-24,93,85,77,76,73,69,96,77,47,30.16,30.09,30.04,15,12,7,21,6,29,0.00,5,,154
1994-8-25,93,83,73,74,71,68,96,74,48,30.18,30.10,30.01,15,13,5,10,4,15,0.00,3,Fog,145
1994-8-26,93,83,73,74,71,67,97,69,43,30.11,30.04,29.97,15,14,10,10,6,,0.00,3,,153
1994-8-27,93,83,73,74,70,64,93,69,39,30.10,30.04,29.98,15,10,3,14,5,17,0.00,3,Fog,142
1994-8-28,93,82,72,74,70,67,93,70,42,30.09,30.01,29.93,15,12,5,12,4,,0.00,2,Fog,142
1994-8-29,95,85,75,74,70,67,94,66,40,30.01,29.95,29.85,15,14,7,12,7,,0.00,1,,153
1994-8-30,90,82,75,75,72,71,91,74,55,29.99,29.93,29.88,15,15,15,14,7,23,0.00,5,,151
1994-8-31,86,78,71,76,74,70,97,82,59,30.07,29.97,29.90,15,10,0,21,7,30,0.48,6,Fog-Rain-Thunderstorm,163
1994-9-1,90,82,73,75,73,71,96,84,57,30.13,30.05,29.96,15,10,2,22,6,31,0.66,7,Fog-Rain-Thunderstorm,95
1994-9-2,88,80,73,78,72,69,97,83,53,30.19,30.12,30.04,15,11,0,12,6,,0.06,6,Fog-Rain,103
1994-9-3,91,82,72,73,70,64,97,73,45,30.18,30.11,30.02,15,11,0,10,5,,0.00,3,Fog,148
1994-9-4,93,82,70,71,66,59,97,65,35,30.11,30.05,29.98,15,14,7,15,7,,0.00,0,,160
1994-9-5,93,82,71,70,67,60,96,66,33,30.11,30.05,29.99,15,13,7,14,7,,0.00,2,,167
1994-9-6,93,83,73,73,69,62,93,64,35,30.14,30.08,30.00,15,14,10,10,5,,0.00,2,,174
1994-9-7,91,83,75,72,69,66,82,65,48,30.11,30.04,29.99,15,14,10,15,6,,0.01,4,Rain-Thunderstorm,46
1994-9-8,81,75,69,73,70,65,97,83,58,30.11,30.05,29.97,15,8,0,23,5,41,2.93,7,Rain-Thunderstorm,137
1994-9-9,81,76,70,70,69,67,97,84,65,30.12,30.04,29.98,15,8,1,12,6,,0.55,7,Fog-Rain-Thunderstorm,76
1994-9-10,87,79,71,70,68,65,96,76,49,30.08,30.03,29.97,15,9,5,13,6,16,0.00,4,Fog,45
1994-9-11,86,78,71,72,70,69,96,83,61,30.12,30.06,30.00,15,9,7,10,6,,0.00,7,,62
1994-9-12,86,80,73,74,72,70,96,85,59,30.16,30.09,30.04,15,9,2,10,5,,0.59,7,Fog-Rain,91
1994-9-13,89,80,72,74,72,69,97,83,55,30.14,30.07,30.00,15,8,0,12,4,17,0.00,6,Fog,96
1994-9-14,88,80,73,75,73,71,97,88,63,30.10,30.03,29.96,15,8,0,13,4,23,0.75,6,Fog-Rain-Thunderstorm,105
1994-9-15,87,80,72,75,72,70,100,85,57,30.01,29.96,29.87,15,8,0,10,3,22,0.00,7,Fog-Rain-Thunderstorm,152
1994-9-16,89,81,73,72,70,68,90,73,55,30.02,29.96,29.91,15,11,10,12,5,23,0.00,5,,332
1994-9-17,88,80,72,70,53,44,82,44,22,30.13,30.07,30.03,20,15,10,16,11,23,0.00,3,,351
1994-9-18,88,76,64,55,52,50,65,44,29,30.15,30.09,30.02,20,18,15,16,9,,0.00,1,,360
1994-9-19,87,76,64,60,54,50,67,47,31,30.13,30.07,30.01,20,17,15,9,6,,0.00,0,,36
1994-9-20,88,76,64,61,58,52,78,56,32,30.10,30.03,29.96,15,15,15,9,3,,0.00,3,,68
1994-9-21,87,74,60,63,59,57,90,62,36,30.01,29.96,29.87,15,14,7,10,3,,0.00,1,,146
1994-9-22,77,68,57,63,55,41,87,65,49,30.09,29.99,29.88,15,12,5,20,9,32,0.00,6,,329
1994-9-23,82,68,53,48,45,41,75,48,26,30.08,29.93,29.78,20,17,15,12,9,21,0.00,2,,239
1994-9-24,80,70,61,48,45,42,60,43,28,30.05,29.95,29.81,20,17,15,16,9,21,0.00,0,,11
1994-9-25,86,72,57,51,47,42,69,45,27,30.11,30.04,29.95,20,17,15,15,7,,0.00,0,,324
1994-9-26,91,76,62,56,53,47,72,49,22,30.01,29.92,29.80,15,15,15,8,5,,0.00,0,,237
1994-9-27,91,76,62,66,59,55,84,60,34,29.98,29.89,29.85,15,14,10,14,6,,0.00,4,,170
1994-9-28,91,78,64,68,62,56,90,62,33,30.01,29.95,29.91,15,14,10,10,5,,0.00,2,,182
1994-9-29,90,76,62,60,54,47,81,50,23,30.01,29.96,29.92,15,15,15,16,4,18,0.00,2,,143
1994-9-30,84,74,64,69,62,55,84,66,44,29.97,29.92,29.88,15,12,5,10,2,,0.00,7,,147
1994-10-1,91,80,69,66,63,60,84,61,37,29.89,29.79,29.69,15,10,4,6,2,,0.00,3,,49
1994-10-2,91,78,66,69,64,53,87,62,27,29.74,29.69,29.62,15,12,7,7,3,,0.00,1,,124
1994-10-3,93,81,69,68,66,62,90,62,39,29.94,29.80,29.70,15,10,5,10,5,,0.00,1,Fog,153
1994-10-4,90,81,72,72,67,62,91,68,42,30.13,30.03,29.96,15,10,7,9,4,,0.00,5,,121
1994-10-5,88,77,66,65,62,58,90,61,36,30.06,29.98,29.88,15,15,15,14,6,18,0.00,0,,177
1994-10-6,89,78,66,71,67,62,97,73,45,29.92,29.85,29.74,15,8,2,16,9,22,0.00,3,Fog,156
1994-10-7,86,79,68,75,72,67,96,82,63,29.89,29.83,29.75,15,8,0,16,10,23,0.38,8,Fog-Rain-Thunderstorm,147
1994-10-8,73,68,63,64,59,51,100,77,55,30.12,29.95,29.86,15,11,2,18,10,26,1.11,6,Fog-Rain-Thunderstorm,359
1994-10-9,73,65,57,51,43,39,63,46,30,30.24,30.16,30.12,20,18,15,18,13,31,0.00,4,,359
1994-10-10,73,64,55,45,42,41,62,46,30,30.21,30.14,30.06,20,16,15,15,9,23,0.00,0,,4
1994-10-11,75,64,52,44,41,39,66,46,27,30.13,30.07,29.99,15,15,15,13,8,18,0.00,0,,1
1994-10-12,79,66,52,48,45,42,83,54,28,30.02,29.97,29.90,15,15,15,12,6,,0.00,0,,354
1994-10-13,75,65,55,57,54,47,90,69,50,30.09,30.02,29.97,15,13,10,14,5,20,0.00,3,,27
1994-10-14,69,64,59,58,55,52,96,74,57,30.06,29.99,29.88,15,10,5,13,7,,0.22,8,Fog-Rain,60
1994-10-15,72,65,59,71,64,58,100,98,96,29.91,29.80,29.72,6,2,0,10,7,,0.48,8,Fog-Rain,75
1994-10-16,0,77,72,76,74,71,100,94,79,29.85,29.81,29.75,15,9,4,10,6,24,0.29,8,Fog-Rain,110
1994-10-17,84,78,71,76,74,70,100,92,76,29.91,29.84,29.78,15,9,4,14,8,17,0.07,7,Fog-Rain,107
1994-10-18,73,70,66,72,69,66,100,95,87,29.94,29.89,29.83,15,9,1,20,8,25,0.89,7,Fog-Rain-Thunderstorm,113
1994-10-19,84,75,66,73,70,67,100,90,69,30.04,29.97,29.92,10,8,3,8,4,,0.07,6,Fog,140
1994-10-20,87,80,73,74,72,70,97,82,59,30.06,29.99,29.91,15,9,3,14,7,,0.00,6,Fog,160
1994-10-21,86,80,73,73,71,70,96,79,59,29.96,29.89,29.77,15,12,8,14,8,,0.00,5,,185
1994-10-22,88,80,73,73,70,65,96,78,48,29.91,29.85,29.80,15,11,5,8,5,,0.00,4,Fog,185
1994-10-23,84,76,69,73,67,63,90,78,58,30.08,29.98,29.92,15,12,8,9,6,,0.00,5,,71
1994-10-24,84,75,66,70,67,64,100,79,54,30.06,30.01,29.93,15,8,0,13,5,,0.00,5,Fog,141
1994-10-25,73,64,55,67,61,52,97,88,78,30.23,30.07,29.97,15,7,1,18,11,28,0.67,8,Fog-Rain-Thunderstorm,20
1994-10-26,66,60,53,51,44,36,86,62,37,30.30,30.24,30.19,15,15,15,21,13,25,0.00,6,,24
1994-10-27,55,53,51,50,46,41,92,76,59,30.25,30.18,30.12,15,12,3,7,5,,0.25,6,Rain,48
1994-10-28,73,64,55,57,52,47,86,71,50,30.13,30.05,29.97,15,15,15,8,2,,0.00,6,,135
1994-10-29,78,66,53,58,55,52,96,73,50,30.04,30.00,29.96,15,12,5,8,3,,0.00,1,Fog,156
1994-10-30,77,66,55,63,58,55,97,78,54,30.11,30.03,29.94,15,8,0,9,2,,0.00,4,Fog,153
1994-10-31,79,69,57,67,58,46,100,77,53,30.13,29.99,29.92,15,8,2,21,5,21,0.00,5,Fog-Rain,135
1994-11-1,71,60,48,51,45,42,86,64,35,30.15,30.03,29.90,20,18,15,15,9,18,0.00,1,,134
1994-11-2,82,68,54,72,64,53,97,85,62,29.94,29.88,29.79,15,7,2,17,8,28,0.00,7,Fog,169
1994-11-3,84,78,73,72,72,70,93,81,63,29.95,29.89,29.83,15,10,8,20,12,28,0.00,7,,164
1994-11-4,84,80,75,72,71,69,90,82,63,29.90,29.80,29.68,10,9,7,17,13,30,0.15,7,Rain,163
1994-11-5,77,66,54,71,50,42,96,66,37,30.05,29.91,29.71,15,12,3,23,12,48,1.20,3,Fog-Rain-Thunderstorm,304
1994-11-6,73,63,53,55,52,50,90,72,51,30.23,30.16,30.06,15,14,10,9,5,,0.00,0,,29
1994-11-7,77,65,53,63,54,49,90,71,43,30.22,30.13,30.04,15,12,10,9,4,,0.00,2,,120
1994-11-8,82,76,69,70,69,65,96,82,60,30.04,29.96,29.88,10,9,4,15,9,24,0.00,6,Fog,165
1994-11-9,79,66,53,70,61,45,93,85,66,30.15,30.00,29.89,15,11,7,20,11,29,0.04,5,Rain,270
1994-11-10,59,52,46,46,44,42,90,75,60,30.24,30.17,30.12,15,13,10,16,12,21,0.00,4,,17
1994-11-11,64,56,48,48,45,42,80,71,52,30.23,30.15,30.08,15,10,7,10,7,,0.00,4,,67
1994-11-12,66,59,52,60,52,47,93,78,60,30.14,30.06,29.99,10,9,5,14,8,,0.00,7,Fog,103
1994-11-13,79,72,64,67,65,61,93,80,66,30.00,29.95,29.88,15,9,7,17,11,23,0.00,8,,145
1994-11-14,79,72,62,66,64,58,93,80,62,30.13,30.02,29.98,15,10,4,14,8,,0.00,7,Fog-Rain,146
1994-11-15,61,58,55,57,54,51,97,89,81,30.28,30.21,30.12,15,7,3,16,11,18,0.35,8,Fog-Rain,337
1994-11-16,64,58,52,55,51,47,90,78,65,30.25,30.15,30.03,15,12,8,15,10,18,0.00,6,,25
1994-11-17,71,64,57,63,60,55,97,88,73,30.02,29.92,29.83,10,6,3,13,7,,0.00,6,Fog,145
1994-11-18,70,65,61,69,65,60,100,97,90,30.10,30.03,29.98,7,2,0,14,6,,0.03,7,Fog,69
1994-11-19,78,74,69,70,69,67,100,88,74,30.06,29.98,29.89,15,8,3,16,10,24,0.00,7,Fog,130
1994-11-20,75,66,57,68,51,31,90,60,19,29.96,29.86,29.80,15,10,5,17,12,32,0.04,7,Rain,220
1994-11-21,75,62,48,45,38,33,71,45,24,30.15,30.07,29.96,15,15,15,12,7,,0.00,2,,330
1994-11-22,73,62,52,54,50,45,80,65,48,30.38,30.23,30.13,15,12,10,13,5,18,0.00,7,,27
1994-11-23,63,56,48,52,41,32,83,65,48,30.59,30.51,30.39,15,11,6,21,15,29,0.02,8,Rain,20
1994-11-24,52,49,46,48,40,33,93,70,56,30.49,30.34,30.22,15,11,4,10,7,,0.00,8,Fog,96
1994-11-25,75,63,51,60,55,48,93,79,60,30.20,30.11,30.01,10,7,2,14,4,,0.00,7,Fog,158
1994-11-26,82,70,57,70,63,56,97,81,56,30.02,29.88,29.74,15,9,2,20,8,30,0.00,5,Fog,188
1994-11-27,81,72,61,69,53,27,85,56,22,29.96,29.76,29.67,15,12,10,17,12,26,0.00,4,,260
1994-11-28,66,58,50,38,33,25,59,41,24,30.09,30.02,29.98,15,15,15,13,8,,0.00,5,,264
1994-11-29,71,61,50,41,34,21,68,44,25,30.39,30.18,30.04,15,13,10,15,9,,0.00,5,,330
1994-11-30,63,54,44,31,23,20,60,34,19,30.47,30.39,30.34,15,15,15,13,8,18,0.00,2,,30
1994-12-1,64,50,35,42,32,27,85,53,27,30.37,30.30,30.20,15,15,15,10,3,,0.00,4,,125
1994-12-2,61,56,51,61,54,46,100,90,72,30.19,30.03,29.94,15,5,0,13,5,,0.37,7,Fog-Rain-Thunderstorm,98
1994-12-3,71,66,60,64,62,59,100,94,75,30.01,29.97,29.91,10,3,0,9,5,,0.00,7,Fog,98
1994-12-4,75,68,60,62,60,58,100,86,60,30.09,30.02,29.99,15,5,0,8,4,,0.00,6,Fog,204
1994-12-5,75,65,55,62,60,56,100,87,62,30.16,30.10,30.05,10,5,0,13,3,,0.00,5,Fog,166
1994-12-6,77,70,64,69,66,64,97,85,71,30.12,30.02,29.92,10,9,7,15,10,24,0.00,8,,165
1994-12-7,78,68,57,71,63,50,100,86,72,30.17,30.07,30.02,15,6,0,18,5,24,0.01,8,Fog,57
1994-12-8,79,67,55,68,60,52,100,85,58,30.09,30.04,29.94,10,6,0,13,6,15,0.07,7,Fog-Rain,69
1994-12-9,59,49,39,57,42,37,96,90,86,30.22,30.15,30.04,10,6,2,20,15,29,0.23,8,Fog-Rain,1
1994-12-10,57,49,41,38,29,22,89,55,25,30.47,30.28,30.14,15,14,7,24,14,36,0.00,4,,345
1994-12-11,48,42,37,30,27,24,73,56,39,30.46,30.34,30.19,15,14,10,12,8,,0.00,4,,78
1994-12-12,64,49,34,44,37,30,85,67,48,30.25,30.19,30.14,15,14,10,8,4,,0.00,5,,298
1994-12-13,53,50,46,50,40,33,97,73,56,30.24,30.15,30.09,15,7,2,13,8,,0.10,7,Fog-Rain,18
1994-12-14,63,57,51,63,58,50,100,99,96,30.09,30.04,29.99,3,1,0,10,4,,0.66,8,Fog-Rain,76
1994-12-15,63,59,55,63,58,54,100,99,96,30.12,30.04,29.99,8,3,0,12,7,17,2.11,8,Fog-Rain-Thunderstorm,18
1994-12-16,72,62,48,59,54,46,97,81,44,30.20,30.08,30.01,15,10,5,13,7,16,0.15,6,Fog-Rain,341
1994-12-17,59,52,45,50,46,42,93,84,67,30.31,30.25,30.20,10,8,5,9,7,,0.00,5,Fog,360
1994-12-18,64,54,44,46,42,35,93,67,37,30.34,30.28,30.23,15,11,7,12,6,,0.00,4,,350
1994-12-19,66,54,41,51,44,38,93,72,43,30.22,30.13,30.02,15,11,5,14,3,,0.00,3,,166
1994-12-20,71,62,52,57,51,47,90,75,50,30.13,30.04,29.99,15,12,8,9,5,18,0.00,5,,213
1994-12-21,71,58,45,47,39,32,83,55,26,30.22,30.16,30.12,15,15,10,12,7,,0.00,0,,297
1994-12-22,60,52,44,37,35,32,68,53,38,30.36,30.28,30.21,15,14,10,14,9,23,0.00,2,,352
1994-12-23,60,52,43,41,38,36,80,63,44,30.33,30.26,30.19,15,15,15,10,8,14,0.00,4,,336
1994-12-24,57,50,42,42,39,37,82,68,55,30.26,30.20,30.14,15,13,8,14,8,21,0.00,5,,8
1994-12-25,62,48,35,40,35,31,100,69,31,30.32,30.26,30.20,15,9,0,9,6,,0.00,0,Fog,338
1994-12-26,63,50,36,39,36,33,93,64,39,30.30,30.22,30.15,15,12,7,9,4,,0.00,1,,62
1994-12-27,59,52,46,47,41,36,93,66,56,30.21,30.13,30.04,15,10,6,14,4,,0.30,8,Rain,56
1994-12-28,50,48,46,47,46,43,97,92,86,30.13,30.03,29.97,10,6,2,15,11,23,1.46,8,Fog-Rain-Thunderstorm,4
1994-12-29,61,52,44,46,43,40,89,74,52,30.12,30.05,30.01,15,14,10,16,11,18,0.00,3,,336
1994-12-30,55,52,50,49,47,45,96,83,72,30.18,30.07,30.01,15,9,3,12,5,,0.00,8,Fog,60
1994-12-31,68,59,50,53,50,48,96,82,49,30.16,30.07,30.01,15,8,2,12,5,,0.04,5,Fog-Rain,9
