
CST,Max TemperatureF,Mean TemperatureF,Min TemperatureF,Max Dew PointF,MeanDew PointF,Min DewpointF,Max Humidity, Mean Humidity, Min Humidity, Max Sea Level PressureIn, Mean Sea Level PressureIn, Min Sea Level PressureIn, Max VisibilityMiles, Mean VisibilityMiles, Min VisibilityMiles, Max Wind SpeedMPH, Mean Wind SpeedMPH, Max Gust SpeedMPH,PrecipitationIn, CloudCover, Events, WindDirDegrees
1955-1-1,81,60,39,49,39,31,100,60,17,30.03,29.97,29.91,10,9,0,14,5,,0.00,0,Fog,181
1955-1-2,73,62,50,66,58,40,100,86,66,30.13,30.06,30.02,15,7,0,14,6,,0.00,0,Fog,123
1955-1-3,80,72,64,66,63,59,93,79,48,30.15,30.10,30.03,15,11,8,21,15,,0.01,0,Rain,161
1955-1-4,75,68,60,65,62,60,100,85,60,30.15,30.05,29.93,15,10,0,20,9,,0.00,0,Fog-Rain,165
1955-1-5,71,64,55,63,49,30,84,60,26,30.06,29.94,29.86,15,13,10,20,13,,0.01,,Rain,266
1955-1-6,54,46,39,36,31,27,70,53,40,30.35,30.24,30.08,15,15,15,21,15,,0.00,0,Rain,3
1955-1-7,51,48,44,37,34,29,64,58,53,30.28,30.21,30.12,15,13,10,14,10,,0.00,,,48
1955-1-8,53,50,48,51,45,38,97,81,66,30.10,30.00,29.92,15,10,2,13,6,,0.03,,Fog-Rain,113
1955-1-9,55,49,43,53,49,38,100,93,82,29.99,29.95,29.84,10,5,0,24,10,,0.45,,Fog-Rain,15
1955-1-10,46,42,37,38,34,31,89,76,63,30.21,30.14,30.02,15,14,10,24,17,,0.00,0,,348
1955-1-11,57,46,35,41,37,34,96,74,44,30.24,30.16,30.11,15,13,10,12,5,,0.00,,,170
1955-1-12,64,56,48,50,43,33,86,66,40,30.33,30.17,30.09,15,11,4,23,7,,0.00,,Fog-Rain,284
1955-1-13,51,46,42,33,26,20,62,45,31,30.47,30.36,30.22,15,15,15,20,13,,0.00,,,42
1955-1-14,57,52,48,57,43,27,100,71,43,30.22,30.03,29.92,15,8,1,13,7,,0.01,,Fog-Rain,189
1955-1-15,57,52,48,57,50,46,100,94,86,30.06,29.99,29.95,10,7,0,26,12,,0.09,,Fog-Rain,3
1955-1-16,68,57,46,47,46,43,96,77,40,30.00,29.93,29.87,15,12,4,16,10,,0.12,0,Fog-Rain,282
1955-1-17,66,56,46,55,50,44,100,86,52,29.90,29.81,29.67,15,7,0,22,9,,0.55,0,Fog-Rain-Thunderstorm,139
1955-1-18,54,48,42,51,39,30,100,68,43,30.28,30.01,29.71,15,14,5,26,16,,0.29,0,Rain,313
1955-1-19,42,36,30,32,29,27,89,75,65,30.46,30.37,30.29,15,15,10,20,10,,0.00,0,,6
1955-1-20,55,42,30,48,39,28,97,85,72,30.35,30.15,29.97,10,5,1,15,8,,0.05,0,Fog-Rain,112
1955-1-21,61,52,44,48,32,20,100,54,21,30.15,30.08,30.04,15,11,0,21,9,,0.00,0,Fog,280
1955-1-22,51,44,37,34,29,26,79,56,44,30.23,30.15,30.09,15,14,10,21,12,,0.00,0,,354
1955-1-23,48,41,32,33,25,14,85,57,28,30.33,30.23,30.18,15,13,10,17,12,,0.00,0,,1
1955-1-24,64,46,28,31,26,21,82,50,25,30.32,30.20,30.12,15,15,15,14,6,,0.00,0,,281
1955-1-25,66,50,34,40,30,25,82,52,22,30.45,30.36,30.30,15,14,10,17,8,,0.00,0,,189
1955-1-26,66,52,39,47,43,37,89,69,45,30.31,30.22,30.13,15,14,10,21,8,,0.00,0,,179
1955-1-27,57,50,42,46,34,28,77,56,39,30.37,30.28,30.21,15,15,10,23,13,,0.01,0,,2
1955-1-28,62,48,34,35,31,24,85,58,34,30.41,30.31,30.22,15,12,10,23,9,,0.00,0,,357
1955-1-29,63,46,28,33,27,20,76,51,29,30.41,30.30,30.20,15,15,10,21,10,,0.00,0,,227
1955-1-30,71,54,37,48,40,32,89,62,36,30.29,30.23,30.16,15,13,10,18,8,,0.00,0,,169
1955-1-31,73,60,46,55,50,45,100,73,42,30.21,30.07,29.92,15,12,10,24,12,,0.00,0,,175
1955-2-1,75,63,51,56,44,32,90,54,22,30.00,29.95,29.89,15,13,10,23,13,,0.00,0,Rain,240
1955-2-2,75,60,46,54,41,31,73,53,34,30.10,30.01,29.95,15,12,10,17,10,,0.00,0,,77
1955-2-3,63,59,55,59,57,53,100,91,70,30.05,29.99,29.94,10,6,0,21,12,,0.41,,Fog-Rain,104
1955-2-4,60,55,48,60,54,46,100,95,89,30.04,29.97,29.90,10,5,0,28,14,,1.50,,Fog-Rain-Thunderstorm,32
1955-2-5,48,46,43,45,43,40,97,92,85,30.07,30.00,29.89,10,7,3,23,17,,1.24,,Rain,14
1955-2-6,54,48,43,46,43,40,93,84,66,30.08,29.97,29.89,10,9,6,13,9,,0.02,0,Rain,356
1955-2-7,55,47,39,41,37,32,83,70,49,30.29,30.23,30.08,15,15,15,21,14,,0.00,0,,358
1955-2-8,66,52,37,45,38,34,93,65,30,30.31,30.23,30.14,15,14,10,13,6,,0.00,0,,224
1955-2-9,70,56,42,55,44,39,90,67,40,30.13,30.00,29.89,15,14,10,25,13,,0.00,0,,192
1955-2-10,61,48,33,56,37,13,90,67,43,30.54,30.15,29.87,10,10,9,30,17,,0.00,0,,318
1955-2-11,46,35,24,24,10,4,73,38,20,30.73,30.64,30.56,15,15,15,20,14,,0.00,0,,344
1955-2-12,55,40,25,34,20,13,78,49,21,30.69,30.60,30.51,15,15,15,22,9,,0.00,0,,176
1955-2-13,66,51,36,53,42,34,93,69,45,30.48,30.38,30.28,15,13,10,21,10,,0.00,0,,178
1955-2-14,73,59,45,54,48,44,100,72,38,30.41,30.32,30.21,15,12,10,10,4,,0.00,0,,220
1955-2-15,73,62,51,57,54,50,97,76,48,30.21,30.06,29.93,15,13,4,23,12,,0.00,,Fog,186
1955-2-16,73,67,59,60,54,37,90,68,44,30.12,30.01,29.94,15,13,6,17,11,,0.00,0,Rain,308
1955-2-17,73,62,50,58,44,32,93,56,39,30.19,30.10,29.99,15,12,3,23,16,,0.00,0,Fog,64
1955-2-18,71,66,62,62,60,58,96,82,63,29.96,29.85,29.76,15,11,6,28,19,,0.00,,Rain,170
1955-2-19,68,52,37,66,51,30,100,85,68,30.06,29.83,29.71,10,8,1,34,21,,0.67,,Fog-Rain,166
1955-2-20,39,36,32,30,27,25,92,77,55,30.28,30.20,30.08,15,13,6,24,18,,0.34,,Rain,22
1955-2-21,44,39,33,30,27,22,82,65,49,30.28,30.24,30.19,15,15,10,23,14,,0.00,0,Rain,17
1955-2-22,50,40,30,31,27,21,89,63,43,30.30,30.24,30.17,15,15,15,15,9,,0.00,0,,14
1955-2-23,59,44,30,40,32,23,92,62,39,30.30,30.21,30.13,15,14,10,16,7,,0.00,0,,97
1955-2-24,63,53,43,45,39,36,86,62,45,30.41,30.34,30.23,15,10,6,25,8,,0.00,0,,22
1955-2-25,64,56,48,61,45,37,90,66,46,30.37,30.23,30.10,10,10,10,21,10,,0.00,,,103
1955-2-26,75,68,62,63,61,60,96,81,60,30.10,30.05,29.98,10,10,10,21,14,,0.00,,Rain,173
1955-2-27,77,70,64,65,63,61,93,82,58,30.09,30.03,29.96,15,11,6,17,11,,0.00,,,166
1955-2-28,77,70,64,64,62,61,93,80,58,29.99,29.92,29.85,15,14,10,20,15,,0.00,,,185
1955-3-1,82,72,62,63,54,39,100,65,21,30.01,29.96,29.92,15,7,0,12,8,,0.00,,Fog,133
1955-3-2,82,72,63,63,60,56,93,72,41,30.03,29.97,29.91,15,12,8,22,12,,0.00,,,177
1955-3-3,82,73,64,64,62,60,90,73,47,29.96,29.90,29.81,15,13,10,22,16,,0.00,,,180
1955-3-4,80,73,66,66,65,64,93,80,60,29.94,29.89,29.85,10,10,10,17,12,,0.00,0,,180
1955-3-5,79,68,57,66,60,46,90,74,60,30.11,29.98,29.92,10,10,10,25,15,,0.00,,,182
1955-3-6,57,52,48,46,37,31,80,58,41,30.30,30.22,30.09,10,10,10,25,17,,0.00,,,13
1955-3-7,53,48,42,42,37,31,93,69,52,30.35,30.29,30.26,15,10,7,17,11,,0.07,0,Rain,37
1955-3-8,69,53,37,50,39,36,97,64,31,30.37,30.28,30.15,15,11,7,18,9,,0.00,0,,218
1955-3-9,78,68,57,61,57,51,93,73,52,30.14,30.01,29.90,15,11,7,23,14,,0.00,0,Rain,184
1955-3-10,89,76,62,66,62,60,97,72,38,29.95,29.89,29.82,15,10,3,21,13,,0.00,0,Fog,194
1955-3-11,91,76,60,64,60,53,97,67,30,29.94,29.88,29.82,10,10,7,18,12,,0.00,0,,188
1955-3-12,88,76,63,63,60,55,93,66,34,29.97,29.89,29.83,15,10,8,20,13,,0.00,0,,181
1955-3-13,82,73,64,63,61,55,93,70,45,29.99,29.92,29.88,15,12,10,20,11,,0.00,0,Rain,144
1955-3-14,82,75,68,66,63,57,90,71,47,29.95,29.89,29.81,15,12,10,23,14,,0.00,0,,174
1955-3-15,80,73,66,67,65,63,90,79,60,29.90,29.85,29.82,10,10,10,15,12,,0.00,0,Rain,167
1955-3-16,70,60,51,66,51,41,96,74,53,30.15,30.04,29.88,15,9,2,29,15,,0.00,,Fog-Rain,21
1955-3-17,78,66,53,65,57,45,97,78,58,30.09,29.96,29.85,10,8,1,15,9,,0.00,,Fog,84
1955-3-18,79,66,54,66,61,52,97,86,60,29.97,29.91,29.85,10,9,5,26,10,,0.05,,Fog-Rain,150
1955-3-19,62,57,54,60,55,52,100,93,89,29.96,29.89,29.81,10,6,0,15,9,,0.00,,Fog,25
1955-3-20,84,74,63,69,66,62,100,86,56,29.83,29.69,29.56,10,8,2,28,11,,0.12,,Fog-Rain-Thunderstorm,149
1955-3-21,69,54,37,68,43,18,97,65,28,30.27,29.84,29.56,15,10,6,25,11,,0.00,0,Rain,318
1955-3-22,59,46,33,31,20,8,59,37,19,30.37,30.22,30.12,15,11,10,21,11,,0.00,0,,215
1955-3-23,73,56,39,50,37,25,72,50,29,30.12,30.01,29.92,15,11,10,23,10,,0.00,0,,162
1955-3-24,84,67,50,53,47,40,93,55,22,30.01,29.91,29.82,15,13,8,18,9,,0.00,0,,184
1955-3-25,86,60,32,56,40,19,96,58,14,30.26,29.91,29.79,15,10,4,34,14,,0.00,0,,288
1955-3-26,41,34,27,14,7,2,44,33,26,30.56,30.45,30.28,15,14,10,36,27,,0.00,0,,359
1955-3-27,44,37,30,20,14,7,59,40,22,30.60,30.48,30.34,15,15,15,20,12,,0.00,0,,31
1955-3-28,60,44,28,26,20,15,75,43,18,30.35,30.25,30.14,15,14,10,12,5,,0.00,0,,200
1955-3-29,66,52,39,33,27,25,63,40,21,30.27,30.19,30.11,10,10,10,17,7,,0.00,,,172
1955-3-30,75,57,39,53,44,32,81,61,38,30.17,30.10,30.00,15,13,10,23,10,,0.00,0,,171
1955-3-31,79,68,57,63,56,41,90,71,43,30.03,29.92,29.78,15,12,8,29,17,,0.59,,Rain-Thunderstorm,189
1955-4-1,73,62,51,47,38,33,64,44,29,30.05,29.98,29.91,10,6,3,21,10,,0.00,0,,282
1955-4-2,84,68,52,47,43,35,71,47,17,30.03,29.91,29.81,10,10,10,16,8,,0.00,0,,250
1955-4-3,84,68,53,65,56,46,87,66,42,29.80,29.73,29.64,10,9,7,22,12,,0.00,0,,167
1955-4-4,86,78,69,67,65,61,90,71,44,29.83,29.73,29.65,10,10,8,21,13,,0.00,0,,139
1955-4-5,86,78,69,68,66,63,90,71,51,29.85,29.80,29.74,10,10,10,18,10,,0.00,0,,151
1955-4-6,81,68,55,68,58,44,90,75,56,30.11,29.93,29.83,10,10,10,24,14,,0.00,,,69
1955-4-7,64,58,52,45,39,36,67,50,35,30.21,30.15,30.10,15,14,10,24,20,,0.00,,,18
1955-4-8,70,62,53,57,45,39,90,57,37,30.17,30.11,30.06,15,13,7,20,12,,0.00,,Rain,73
1955-4-9,57,56,55,58,57,54,100,98,93,30.10,30.05,29.97,7,4,1,20,11,,0.39,,Fog-Rain,49
1955-4-10,75,67,59,62,59,57,100,84,60,30.02,29.96,29.90,15,12,5,17,11,,0.19,0,Rain-Thunderstorm,73
1955-4-11,84,72,61,66,63,59,100,79,51,29.92,29.80,29.68,15,12,3,21,17,,0.00,,,185
1955-4-12,84,74,64,68,45,19,93,51,9,29.72,29.65,29.57,15,10,3,20,14,,0.14,0,,239
1955-4-13,75,65,55,47,39,26,67,40,25,29.96,29.86,29.73,10,9,4,23,13,,0.00,0,,281
1955-4-14,86,70,53,50,46,39,75,49,19,30.08,30.00,29.95,15,14,10,15,7,,0.00,0,,181
1955-4-15,88,72,55,55,50,46,77,50,25,30.08,30.01,29.93,10,10,6,21,9,,0.00,0,,176
1955-4-16,82,70,59,67,62,55,90,74,53,30.02,29.96,29.90,10,10,5,18,12,,0.00,0,Fog,178
1955-4-17,88,78,69,67,65,62,90,71,42,30.01,29.94,29.88,15,12,9,22,15,,0.00,0,,169
1955-4-18,88,78,69,66,62,54,90,65,36,29.96,29.90,29.83,10,10,10,24,16,,0.00,,,170
1955-4-19,84,75,66,66,64,61,93,73,47,29.89,29.83,29.71,15,10,10,31,16,,0.00,0,Rain,164
1955-4-20,86,78,69,68,66,63,93,71,46,29.88,29.83,29.78,10,10,8,17,13,,0.00,0,,161
1955-4-21,90,80,69,68,67,60,93,70,45,29.93,29.87,29.79,10,8,5,16,10,,0.00,,,178
1955-4-22,90,80,69,68,65,60,93,67,39,29.86,29.76,29.64,10,10,10,26,14,,0.00,,,172
1955-4-23,91,80,69,67,51,31,87,48,11,29.65,29.56,29.50,10,8,3,23,14,,0.00,0,,229
1955-4-24,91,80,69,48,39,30,43,26,12,29.85,29.78,29.67,10,4,1,16,7,,0.00,,,51
1955-4-25,91,78,64,51,47,44,57,37,20,29.91,29.85,29.81,10,5,2,18,7,,0.00,0,,126
1955-4-26,90,76,63,63,52,47,72,47,23,29.89,29.83,29.74,10,8,4,24,10,,0.00,0,,162
1955-4-27,79,74,68,67,65,62,93,77,60,29.76,29.71,29.66,10,10,9,21,14,,0.00,,,174
1955-4-28,93,82,71,71,67,59,97,68,31,29.95,29.81,29.72,15,11,5,14,10,,0.00,,Fog-Rain,163
1955-4-29,90,79,68,67,59,47,90,58,24,30.12,30.04,29.96,15,11,9,23,11,,0.00,0,,134
1955-4-30,89,76,64,66,56,47,90,55,27,30.17,30.12,30.06,15,12,10,25,9,,0.00,0,,157
1955-5-1,91,77,63,61,52,46,78,45,24,30.12,30.04,29.94,15,14,10,22,9,,0.00,0,,175
1955-5-2,91,78,64,63,55,52,84,48,29,30.04,29.97,29.90,15,15,10,21,10,,0.00,0,,168
1955-5-3,89,76,64,64,60,56,90,60,34,30.04,30.00,29.95,15,11,7,21,12,,0.00,,,169
1955-5-4,82,72,63,64,61,57,93,65,42,30.11,30.05,30.02,15,10,4,17,10,,0.00,,Fog,171
1955-5-5,88,76,63,66,60,53,97,63,32,30.12,30.04,29.95,10,8,1,20,9,,0.00,0,Fog,163
1955-5-6,93,78,64,65,61,57,90,60,32,30.02,29.95,29.84,10,9,5,20,12,,0.00,0,Rain,178
1955-5-7,95,80,66,66,63,60,90,60,35,29.92,29.86,29.77,10,10,10,22,13,,0.00,0,Rain-Thunderstorm,0
1955-5-8,89,78,66,67,64,61,97,65,39,29.96,29.90,29.84,10,10,7,23,13,,0.00,0,,143
1955-5-9,89,80,71,68,64,55,90,64,37,29.95,29.92,29.87,10,7,3,23,16,,0.00,,Fog,160
1955-5-10,80,75,70,69,67,64,97,78,58,30.08,30.00,29.94,10,8,3,20,12,,0.57,,Fog-Rain,181
1955-5-11,84,74,63,68,65,59,97,78,43,30.07,30.00,29.89,10,8,3,18,9,,0.60,,Fog-Rain-Thunderstorm,174
1955-5-12,88,76,63,67,62,58,97,71,36,30.03,29.97,29.90,15,13,10,14,8,,0.00,0,,202
1955-5-13,91,80,70,70,67,61,100,72,42,29.97,29.93,29.86,10,9,1,13,8,,0.00,0,Fog-Rain-Thunderstorm,175
1955-5-14,91,80,70,69,66,58,97,67,32,29.98,29.92,29.86,15,10,4,17,8,,0.00,0,Fog,172
1955-5-15,87,80,72,72,69,66,93,78,49,29.94,29.88,29.82,10,10,10,15,9,,0.10,0,Rain-Thunderstorm,169
1955-5-16,90,81,72,71,68,64,93,72,48,29.87,29.82,29.73,15,12,10,17,9,,0.00,,,149
1955-5-17,88,77,66,70,65,59,90,67,49,29.88,29.80,29.71,15,12,7,25,13,,0.15,0,Rain-Thunderstorm,121
1955-5-18,84,74,63,70,66,61,93,74,56,29.80,29.71,29.61,10,10,8,20,11,,1.12,,Rain-Thunderstorm,118
1955-5-19,89,76,64,70,65,60,96,73,38,29.73,29.68,29.62,15,13,2,23,12,,1.17,0,Rain-Thunderstorm,184
1955-5-20,82,74,66,63,58,55,84,61,39,29.76,29.72,29.69,15,15,10,23,11,,0.00,0,,283
1955-5-21,87,78,68,61,58,50,76,55,29,29.79,29.75,29.70,15,15,15,17,11,,0.00,0,,299
1955-5-22,88,76,64,64,61,57,90,61,38,29.88,29.81,29.77,15,11,10,21,5,,0.00,0,,165
1955-5-23,91,80,70,75,70,65,93,74,52,29.89,29.81,29.74,10,10,6,21,8,,0.03,0,Fog-Rain,123
1955-5-24,98,84,71,76,72,65,100,73,35,29.88,29.81,29.74,10,6,0,14,7,,0.00,0,Fog,174
1955-5-25,91,82,73,75,70,67,93,71,45,29.81,29.69,29.56,10,9,7,28,14,,0.00,0,,160
1955-5-26,90,82,73,77,72,66,91,74,55,29.70,29.61,29.52,10,7,5,23,15,,0.07,,Fog-Rain-Thunderstorm,160
1955-5-27,88,82,75,73,71,67,84,71,57,29.80,29.75,29.70,10,9,3,21,13,,0.00,0,,156
1955-5-28,91,83,75,74,68,53,91,66,40,30.07,29.90,29.80,10,9,6,28,15,,0.00,,,167
1955-5-29,82,71,60,61,56,49,93,61,39,30.24,30.12,30.05,15,12,7,23,12,,0.21,0,Rain-Thunderstorm,57
1955-5-30,87,73,59,62,56,48,96,59,27,30.10,30.03,29.94,15,13,8,18,6,,0.00,0,,173
1955-5-31,90,80,70,70,66,63,96,69,42,29.98,29.94,29.89,15,13,7,23,12,,0.00,,,171
1955-6-1,90,80,69,70,66,63,96,68,40,30.03,29.98,29.92,15,14,10,21,12,,0.00,,,159
1955-6-2,87,76,66,67,63,57,97,65,37,30.06,30.01,29.93,15,15,15,17,10,,0.00,0,,150
1955-6-3,87,76,64,66,63,60,97,64,40,30.00,29.95,29.87,15,15,15,17,10,,0.00,0,,156
1955-6-4,89,79,69,69,65,59,90,65,43,29.93,29.86,29.72,15,15,10,21,11,,0.00,,Rain,161
1955-6-5,89,76,64,69,65,62,93,80,46,29.91,29.74,29.61,15,10,7,25,10,,1.11,,Rain-Thunderstorm,137
1955-6-6,87,76,64,70,66,63,97,74,49,29.82,29.77,29.72,15,13,10,15,8,,0.00,0,,171
1955-6-7,91,82,73,73,72,70,100,74,50,29.91,29.86,29.82,15,10,5,13,6,,0.00,0,Fog,145
1955-6-8,93,80,66,74,70,63,97,75,42,29.97,29.86,29.75,10,9,5,34,10,,0.35,0,Fog-Rain-Thunderstorm,160
1955-6-9,80,73,66,65,62,52,93,72,56,29.92,29.86,29.82,15,14,10,25,12,,0.00,0,,12
1955-6-10,75,66,57,57,53,47,100,66,36,29.97,29.91,29.87,15,14,10,23,11,,0.15,0,Rain-Thunderstorm,310
1955-6-11,82,70,57,57,52,50,84,58,33,30.04,29.96,29.90,15,15,15,21,8,,0.00,0,,302
1955-6-12,88,74,60,64,59,56,90,61,40,30.01,29.95,29.90,15,14,10,14,6,,0.00,0,,185
1955-6-13,90,78,66,68,64,62,93,64,39,29.99,29.94,29.89,15,15,10,20,10,,0.00,0,,176
1955-6-14,90,80,69,72,68,66,96,72,48,29.97,29.92,29.86,15,12,10,16,11,,0.00,0,,167
1955-6-15,93,82,71,74,71,68,91,69,49,29.99,29.88,29.80,15,15,10,18,12,,0.03,0,Rain,155
1955-6-16,91,82,73,74,71,67,93,68,45,29.93,29.87,29.82,15,14,10,17,10,,0.00,0,,133
1955-6-17,91,82,73,73,71,67,93,69,46,29.93,29.89,29.85,15,13,8,17,10,,0.00,0,,137
1955-6-18,91,78,66,72,69,65,93,72,45,30.04,29.94,29.89,15,13,10,24,11,,0.05,0,Rain,142
1955-6-19,90,80,69,69,66,63,93,64,42,30.03,29.97,29.92,15,12,8,17,8,,0.00,0,,152
1955-6-20,90,80,71,69,66,61,91,68,39,30.05,30.00,29.95,10,10,7,16,7,,0.52,0,Rain-Thunderstorm,177
1955-6-21,91,80,68,70,67,64,93,73,45,30.09,30.05,29.98,15,11,8,20,4,,0.20,0,Rain-Thunderstorm,266
1955-6-22,91,78,66,69,66,63,93,67,39,30.06,30.01,29.93,15,11,7,9,3,,0.00,0,,147
1955-6-23,91,80,70,69,65,60,93,63,36,30.02,29.97,29.91,15,14,9,10,5,,0.00,0,Rain-Thunderstorm,176
1955-6-24,93,81,69,69,66,63,93,63,37,29.96,29.92,29.86,15,13,10,15,7,,0.00,0,,173
1955-6-25,95,85,75,71,69,64,87,64,36,29.92,29.88,29.84,15,13,10,17,13,,0.00,0,,180
1955-6-26,96,86,77,73,70,66,88,63,38,29.96,29.91,29.86,15,13,10,18,14,,0.00,0,,172
1955-6-27,96,86,75,74,70,65,94,64,38,30.02,29.96,29.89,15,14,10,15,11,,0.00,0,,175
1955-6-28,95,86,77,73,69,63,88,62,37,30.05,29.98,29.88,15,15,15,17,12,,0.00,0,,167
1955-6-29,93,83,73,73,69,64,91,64,37,30.00,29.94,29.87,15,15,15,20,11,,0.00,,,176
1955-6-30,97,86,75,73,69,64,91,63,36,29.95,29.89,29.81,15,15,15,21,15,,0.00,0,,170
1955-7-1,95,84,73,73,69,64,93,65,36,29.93,29.89,29.82,15,14,10,21,13,,0.00,0,,167
1955-7-2,93,83,73,73,69,65,93,65,40,30.00,29.94,29.90,15,15,15,20,12,,0.00,,,160
1955-7-3,93,84,75,74,71,67,94,67,42,30.06,30.01,29.97,15,15,10,23,10,,0.00,0,,143
1955-7-4,91,82,73,73,70,66,97,70,42,30.08,30.04,29.97,15,14,10,20,8,,0.00,0,,135
1955-7-5,95,84,73,73,70,67,93,66,41,30.04,29.98,29.91,15,14,10,21,7,,0.00,0,,163
1955-7-6,96,86,75,73,70,63,91,64,35,29.96,29.90,29.81,15,14,10,20,12,,0.00,0,,169
1955-7-7,97,85,73,73,69,65,97,63,35,29.92,29.85,29.76,15,14,10,22,12,,0.00,0,,166
1955-7-8,96,86,75,73,69,65,90,62,37,29.92,29.86,29.81,15,13,10,21,12,,0.00,0,,171
1955-7-9,91,83,75,74,71,63,91,70,38,29.97,29.94,29.91,15,11,10,18,9,,0.00,,,175
1955-7-10,91,83,75,74,69,64,87,67,41,30.02,29.97,29.91,10,10,10,21,5,,0.01,,Rain,133
1955-7-11,99,87,75,72,68,65,85,58,34,29.99,29.93,29.85,15,12,10,10,4,,0.00,0,,167
1955-7-12,100,88,75,70,68,65,74,54,32,29.94,29.89,29.84,15,11,10,18,5,,0.00,0,,198
1955-7-13,97,86,75,73,70,67,79,65,37,29.96,29.93,29.89,15,12,10,26,8,,0.70,0,Rain-Thunderstorm,203
1955-7-14,96,84,73,76,71,66,96,70,38,30.01,29.96,29.86,15,14,4,16,9,,1.04,0,Rain-Thunderstorm,196
1955-7-15,96,84,73,74,69,65,93,66,37,29.98,29.92,29.84,15,15,10,17,8,,0.00,0,,186
1955-7-16,96,86,75,74,70,66,87,66,37,29.94,29.89,29.79,15,15,15,20,12,,0.06,0,Rain-Thunderstorm,193
1955-7-17,93,83,73,72,69,65,91,64,38,29.95,29.90,29.84,15,14,10,20,10,,0.00,,,186
1955-7-18,95,85,75,73,70,64,91,66,36,30.01,29.95,29.89,15,14,10,20,10,,0.00,0,,148
1955-7-19,93,84,75,73,70,67,90,70,41,30.07,30.03,30.00,15,13,10,33,8,,0.00,0,Rain,140
1955-7-20,90,81,72,73,70,66,93,74,46,30.13,30.07,30.01,15,12,10,16,6,,0.08,0,Rain,150
1955-7-21,93,82,71,72,70,67,97,70,41,30.08,30.01,29.91,15,12,7,12,4,,0.00,0,,166
1955-7-22,96,84,73,71,67,59,87,58,30,30.00,29.94,29.87,15,15,15,12,5,,0.00,0,,175
1955-7-23,91,83,75,73,71,68,88,72,45,29.96,29.93,29.90,15,15,10,10,8,,0.11,0,Rain-Thunderstorm,170
1955-7-24,95,84,73,73,69,61,96,68,32,29.96,29.91,29.83,15,13,10,20,7,,0.00,0,,174
1955-7-25,95,84,73,72,69,64,93,64,36,30.00,29.93,29.88,15,14,10,20,12,,0.00,0,,172
1955-7-26,93,84,75,75,71,68,90,70,44,30.06,30.01,29.95,15,14,10,18,10,,0.01,0,,158
1955-7-27,98,86,75,75,72,69,94,69,39,30.09,30.03,29.95,15,13,10,17,5,,0.00,0,,145
1955-7-28,93,84,75,75,70,67,90,67,44,30.05,29.99,29.91,15,15,15,9,6,,0.01,0,Rain,147
1955-7-29,95,84,73,71,68,65,85,62,38,30.01,29.94,29.87,15,15,15,14,7,,0.00,0,,173
1955-7-30,97,85,73,71,67,62,87,57,31,29.96,29.91,29.84,15,15,15,12,7,,0.00,,,199
1955-7-31,100,89,78,72,67,63,71,53,30,29.91,29.87,29.82,15,15,10,23,8,,0.00,0,,158
1955-8-1,97,87,77,72,68,63,82,56,34,29.96,29.91,29.84,15,12,10,21,9,,0.00,0,,41
1955-8-2,96,86,77,70,67,64,69,56,40,29.91,29.85,29.77,15,12,10,12,6,,0.00,,Rain,21
1955-8-3,93,84,75,75,71,67,94,71,41,29.88,29.84,29.79,15,12,8,16,9,,0.08,,Rain,190
1955-8-4,91,84,77,74,71,66,90,67,45,30.02,29.94,29.88,15,13,10,21,12,,0.00,,,171
1955-8-5,96,84,72,73,68,63,94,62,34,30.11,30.04,29.97,15,14,10,16,7,,0.00,0,,160
1955-8-6,97,86,75,72,68,64,85,59,34,30.11,30.05,29.97,15,15,15,17,8,,0.00,0,,183
1955-8-7,100,86,73,71,67,61,87,56,29,30.07,29.99,29.87,15,15,15,13,5,,0.00,0,,180
1955-8-8,102,88,75,70,66,60,76,50,26,29.92,29.86,29.77,15,15,10,12,7,,0.00,0,,183
1955-8-9,100,88,77,68,66,63,71,48,29,29.87,29.84,29.79,15,15,15,16,8,,0.00,0,,176
1955-8-10,99,88,78,73,68,65,71,52,35,29.93,29.88,29.83,15,15,15,15,7,,0.00,,,132
1955-8-11,88,80,72,74,72,70,97,76,59,29.97,29.90,29.84,10,10,4,12,6,,1.20,0,Rain-Thunderstorm,24
1955-8-12,87,81,75,75,73,69,97,80,55,29.89,29.86,29.81,10,10,8,15,7,,0.01,,Rain,18
1955-8-13,91,82,73,73,70,65,97,71,43,29.90,29.87,29.84,10,9,7,17,7,,0.00,0,,29
1955-8-14,91,82,73,71,63,56,87,54,33,29.99,29.93,29.88,15,10,6,13,7,,0.00,0,,41
1955-8-15,93,82,72,69,62,55,81,54,31,30.04,29.97,29.91,15,10,5,14,8,,0.00,0,,34
1955-8-16,95,82,70,70,59,49,73,48,22,29.99,29.93,29.85,15,10,5,15,7,,0.00,0,,30
1955-8-17,98,84,71,66,60,56,68,46,24,29.92,29.85,29.76,15,10,4,13,4,,0.00,0,,172
1955-8-18,84,76,69,71,66,62,91,71,49,29.96,29.89,29.83,15,12,10,24,11,,0.07,0,Rain,85
1955-8-19,86,78,71,72,69,63,96,80,46,30.01,29.95,29.91,15,12,3,20,5,,0.36,,Rain-Thunderstorm,132
1955-8-20,91,81,71,73,71,68,100,79,47,30.02,29.97,29.92,15,12,6,18,8,,0.11,0,Fog-Rain,153
1955-8-21,91,83,75,75,74,71,100,78,54,30.03,29.99,29.93,15,12,7,16,8,,0.08,0,Fog-Rain-Thunderstorm,155
1955-8-22,96,84,73,74,71,65,97,68,37,30.07,29.99,29.91,15,12,7,14,7,,0.00,0,,180
1955-8-23,97,84,72,72,68,65,91,61,35,30.00,29.94,29.87,15,13,10,13,6,,0.00,0,,189
1955-8-24,100,86,73,70,66,59,87,55,27,29.93,29.88,29.82,15,13,10,12,6,,0.00,0,,176
1955-8-25,98,86,75,71,67,58,84,54,35,29.93,29.88,29.84,15,13,10,18,4,,0.00,0,,69
1955-8-26,95,84,73,67,63,60,73,49,31,29.95,29.88,29.82,15,13,10,13,8,,0.00,0,,49
1955-8-27,96,86,75,72,66,62,76,54,32,29.86,29.81,29.72,15,13,9,14,7,,0.00,0,,35
1955-8-28,91,84,78,75,71,68,79,65,45,29.80,29.76,29.72,15,13,10,13,5,,0.01,0,,21
1955-8-29,98,88,77,75,72,67,94,65,39,29.84,29.80,29.74,15,12,9,18,8,,0.00,0,,172
1955-8-30,95,85,75,74,71,67,91,67,40,29.96,29.89,29.84,15,15,15,24,11,,0.00,0,Rain,24
1955-8-31,90,82,73,71,66,56,87,61,38,30.03,29.98,29.93,15,15,15,21,12,,0.00,,,28
1955-9-1,91,82,72,69,64,54,84,56,42,30.07,30.01,29.94,15,15,10,24,13,,0.00,,Rain,30
1955-9-2,91,80,70,71,61,53,87,56,29,30.01,29.95,29.86,15,14,10,14,7,,0.00,0,,47
1955-9-3,93,78,64,62,55,45,75,48,22,29.93,29.88,29.80,15,14,10,15,5,,0.00,0,,93
1955-9-4,93,80,66,66,58,52,81,49,25,29.99,29.93,29.88,15,12,7,20,6,,0.00,0,,34
1955-9-5,91,80,70,67,61,56,71,53,31,30.06,30.00,29.95,15,12,10,23,11,,0.00,0,,39
1955-9-6,90,79,68,71,65,62,93,65,40,30.03,29.99,29.93,15,12,8,20,7,,0.00,0,,78
1955-9-7,90,80,69,66,62,59,84,59,37,30.00,29.95,29.90,15,14,10,13,4,,0.00,0,,211
1955-9-8,95,83,71,65,62,60,70,52,32,29.99,29.93,29.87,15,14,10,10,6,,0.00,0,,225
1955-9-9,96,84,72,71,66,60,87,58,30,29.99,29.93,29.87,15,14,10,16,7,,0.00,0,,145
1955-9-10,96,84,73,73,70,63,96,65,34,29.97,29.92,29.85,15,12,2,14,8,,0.00,0,Fog,146
1955-9-11,82,76,70,70,69,66,97,82,62,30.04,29.99,29.93,15,10,5,21,9,,0.99,,Rain-Thunderstorm,19
1955-9-12,86,78,70,70,68,65,93,75,49,30.07,30.02,29.98,10,10,10,18,11,,0.00,0,,42
1955-9-13,91,80,69,72,67,62,91,69,38,30.12,30.05,29.99,15,11,4,16,6,,0.00,0,Fog,80
1955-9-14,91,81,71,74,71,68,97,83,48,30.13,30.05,29.99,15,10,1,12,4,,0.03,0,Fog-Rain-Thunderstorm,144
1955-9-15,93,83,73,73,70,66,96,73,41,30.01,29.95,29.86,15,12,3,17,8,,0.00,0,Fog,165
1955-9-16,91,82,73,75,71,67,97,74,48,29.97,29.91,29.85,15,13,5,15,8,,0.00,0,Fog,157
1955-9-17,93,82,71,72,70,64,100,71,43,29.98,29.93,29.87,15,13,0,16,8,,0.00,0,Fog,129
1955-9-18,96,84,73,74,70,66,94,69,37,30.00,29.94,29.89,15,12,6,16,8,,0.00,0,Fog,141
1955-9-19,96,84,71,74,70,66,97,68,38,29.98,29.91,29.83,15,10,10,14,5,,0.00,0,,153
1955-9-20,93,83,73,74,71,67,100,74,42,29.91,29.86,29.81,15,12,8,21,8,,0.00,0,,169
1955-9-21,93,83,73,74,72,69,91,74,45,29.91,29.87,29.81,15,12,10,21,8,,0.00,,,169
1955-9-22,93,85,77,75,73,69,94,74,46,29.93,29.88,29.81,10,10,10,17,10,,0.00,,,178
1955-9-23,91,82,73,75,72,70,97,78,50,29.91,29.86,29.79,10,10,6,16,11,,0.13,,Rain-Thunderstorm,196
1955-9-24,87,80,73,75,73,69,100,82,57,29.92,29.89,29.86,15,10,2,16,7,,0.07,0,Fog-Rain,136
1955-9-25,91,82,73,75,72,68,100,77,48,30.04,29.97,29.93,15,13,2,21,9,,0.07,0,Fog,155
1955-9-26,91,82,73,74,72,68,97,75,45,30.10,30.04,29.98,15,15,15,13,5,,0.00,0,,138
1955-9-27,95,83,71,74,71,61,100,72,32,30.10,30.05,29.98,15,15,15,13,5,,0.00,0,,152
1955-9-28,93,84,75,74,72,69,94,70,46,30.10,30.02,29.92,15,15,10,17,6,,0.00,0,Rain,149
1955-9-29,93,83,73,73,70,65,97,68,38,29.98,29.92,29.84,15,14,10,16,9,,0.00,0,,176
1955-9-30,95,86,77,74,71,68,90,67,41,29.97,29.92,29.87,15,12,10,12,8,,0.00,0,,185
1955-10-1,93,83,73,74,70,62,93,69,36,30.10,30.03,29.97,15,12,10,17,7,,0.00,,,133
1955-10-2,91,83,75,71,69,66,85,69,44,30.11,30.06,29.96,15,13,10,15,8,,0.00,,,107
1955-10-3,90,81,72,73,70,65,93,75,45,30.06,30.02,29.94,15,12,4,17,6,,0.00,,Fog,129
1955-10-4,91,82,72,72,70,67,100,74,47,30.00,29.93,29.84,15,11,0,20,7,,0.00,0,Fog,169
1955-10-5,95,84,73,72,69,65,91,68,38,29.89,29.84,29.76,15,12,9,20,12,,0.00,0,,190
1955-10-6,93,82,70,72,68,58,87,67,38,30.09,29.91,29.85,15,13,7,23,12,,0.05,0,Rain,202
1955-10-7,79,68,57,53,43,38,58,40,24,30.25,30.19,30.11,15,15,10,26,19,,0.00,0,,1
1955-10-8,80,68,55,49,45,40,67,48,31,30.30,30.23,30.16,15,15,15,18,11,,0.00,0,,15
1955-10-9,81,66,52,44,43,41,71,46,24,30.23,30.16,30.09,15,15,15,14,8,,0.00,0,,35
1955-10-10,87,74,60,72,57,44,85,58,48,30.16,30.09,30.01,15,15,15,10,6,,0.00,0,Rain,60
1955-10-11,89,81,73,73,71,68,97,79,53,30.05,29.99,29.91,15,12,3,17,7,,0.04,0,Fog-Rain,163
1955-10-12,93,83,73,72,68,62,96,70,38,29.94,29.88,29.80,15,13,10,14,7,,0.00,0,,211
1955-10-13,82,72,63,61,41,30,64,36,18,30.09,30.02,29.90,15,15,15,26,16,,0.00,0,,358
1955-10-14,86,72,57,47,43,38,67,40,23,30.10,30.02,29.93,15,15,15,15,8,,0.00,0,,315
1955-10-15,90,71,52,48,44,42,74,44,20,29.93,29.85,29.75,15,14,10,15,6,,0.00,0,,211
1955-10-16,91,76,61,57,49,39,87,45,23,29.93,29.82,29.77,15,14,10,16,9,,0.00,0,,312
1955-10-17,77,66,55,41,36,30,55,35,19,30.07,30.00,29.92,15,15,15,18,13,,0.00,0,,345
1955-10-18,82,67,52,42,36,32,66,37,18,30.09,30.04,30.00,15,15,15,21,9,,0.00,0,,343
1955-10-19,87,68,50,41,38,33,68,38,17,30.14,30.08,30.04,15,15,15,13,4,,0.00,0,,189
1955-10-20,86,69,52,57,48,42,77,49,28,30.19,30.14,30.10,15,14,10,17,8,,0.00,0,,171
1955-10-21,86,72,57,61,56,53,96,63,33,30.24,30.18,30.13,15,14,10,16,8,,0.00,0,,170
1955-10-22,86,72,59,61,57,52,96,61,31,30.21,30.14,30.07,15,15,10,17,8,,0.00,0,,175
1955-10-23,87,72,57,63,58,54,97,66,36,30.19,30.11,30.04,15,15,10,21,8,,0.00,0,,188
1955-10-24,71,62,52,57,32,22,68,36,18,30.46,30.37,30.21,15,14,7,24,15,,0.00,0,,355
1955-10-25,78,60,43,37,29,19,76,39,13,30.35,30.24,30.13,15,14,10,9,6,,0.00,0,,275
1955-10-26,81,61,41,39,34,29,70,42,15,30.12,30.03,29.93,15,14,8,14,5,,0.00,0,,194
1955-10-27,87,71,55,66,54,37,90,59,35,29.95,29.87,29.77,15,12,7,21,9,,0.00,0,,187
1955-10-28,75,66,57,68,40,19,90,43,13,29.98,29.88,29.78,10,9,3,20,14,,0.00,0,,287
1955-10-29,77,60,43,31,22,14,62,28,10,30.07,29.95,29.90,15,12,9,15,5,,0.00,0,,345
1955-10-30,73,60,48,29,25,21,39,28,14,30.15,30.05,29.97,15,15,15,9,7,,0.00,0,,313
1955-10-31,84,68,51,67,51,28,81,55,37,29.96,29.89,29.81,15,12,9,24,10,,0.00,0,,187
1955-11-1,87,80,73,68,66,62,79,67,43,29.89,29.84,29.78,15,12,10,23,17,,0.00,0,,192
1955-11-2,86,72,55,70,53,28,82,55,22,30.30,29.98,29.83,10,10,7,31,16,,0.00,0,,263
1955-11-3,61,52,42,30,20,15,53,32,17,30.48,30.39,30.33,15,13,10,23,18,,0.00,0,,21
1955-11-4,72,56,39,49,27,19,64,37,13,30.36,30.25,30.12,15,14,10,16,6,,0.00,0,,165
1955-11-5,80,68,55,59,55,50,87,66,45,30.09,29.95,29.84,15,14,10,23,10,,0.00,0,,186
1955-11-6,80,68,55,65,51,20,97,60,23,30.06,29.91,29.84,15,12,4,24,12,,0.00,0,Fog,301
1955-11-7,69,58,46,31,24,19,35,27,21,30.21,30.10,30.05,15,15,15,21,16,,0.00,0,,32
1955-11-8,59,46,33,37,33,22,97,75,24,30.46,30.33,30.22,15,9,1,26,16,,0.70,,Rain-Snow,347
1955-11-9,51,46,41,43,34,25,93,64,36,30.22,30.08,29.92,15,14,10,12,6,,0.00,0,,231
1955-11-10,72,54,37,45,41,36,100,68,33,29.90,29.78,29.67,15,11,0,16,6,,0.00,0,Fog,201
1955-11-11,79,62,46,62,51,43,90,66,38,29.75,29.70,29.66,15,15,10,18,12,,0.00,0,,190
1955-11-12,82,73,64,68,64,62,97,77,54,29.90,29.83,29.76,15,11,2,18,14,,0.00,0,Fog,189
1955-11-13,84,76,68,70,67,63,100,77,48,30.01,29.96,29.90,15,12,10,20,11,,0.00,0,,184
1955-11-14,82,76,69,71,69,64,100,80,54,30.00,29.91,29.81,15,12,9,20,11,,0.00,,,180
1955-11-15,84,78,73,71,69,66,91,75,53,29.80,29.69,29.58,15,15,15,22,17,,0.00,,,188
1955-11-16,75,58,39,70,32,16,90,44,20,30.24,30.00,29.65,15,12,8,29,16,,0.00,0,,6
1955-11-17,60,48,35,26,19,16,50,33,20,30.31,30.22,30.14,15,15,15,17,14,,0.00,0,,59
1955-11-18,57,52,48,52,46,27,93,76,33,30.13,30.05,29.99,15,8,4,14,8,,0.01,,Fog-Rain,91
1955-11-19,68,57,46,52,45,37,93,67,42,30.33,30.23,30.10,10,9,7,20,9,,0.00,0,,17
1955-11-20,71,56,42,39,36,33,82,51,26,30.37,30.28,30.19,15,14,10,12,7,,0.00,0,,139
1955-11-21,75,62,48,65,56,40,93,77,59,30.18,30.04,29.91,15,12,4,16,8,,0.00,0,Fog,190
1955-11-22,82,76,68,68,66,63,90,76,54,29.90,29.82,29.73,15,14,10,18,13,,0.00,,,200
1955-11-23,68,62,55,64,37,24,93,44,29,30.25,30.09,29.88,15,12,10,25,14,,0.00,0,,356
1955-11-24,55,50,46,44,34,24,74,53,32,30.24,30.19,30.15,15,12,8,20,13,,0.00,0,,30
1955-11-25,69,58,46,45,36,24,80,50,22,30.34,30.27,30.18,15,12,10,20,9,,0.00,0,,3
1955-11-26,68,56,43,35,31,24,62,41,25,30.31,30.16,30.01,15,15,10,12,7,,0.00,0,,218
1955-11-27,82,65,45,56,40,21,80,49,26,30.21,29.96,29.85,15,12,3,34,7,,0.00,0,,203
1955-11-28,46,37,28,19,1,-10,38,22,10,30.46,30.38,30.24,15,14,10,29,21,,0.00,0,,4
1955-11-29,48,38,28,15,6,-2,36,27,17,30.55,30.47,30.41,15,14,10,15,9,,0.00,0,,25
1955-11-30,43,39,35,35,23,9,100,57,26,30.47,30.38,30.27,15,11,2,15,11,,0.60,,Rain,59
1955-12-1,48,42,35,45,39,33,100,91,77,30.23,30.07,29.97,15,10,2,14,8,,1.00,,Fog-Rain,265
1955-12-2,64,50,37,57,49,38,100,93,75,29.97,29.88,29.82,10,4,0,17,8,,0.00,0,Fog,176
1955-12-3,77,66,54,65,54,36,100,70,32,30.03,29.88,29.78,15,11,0,18,9,,0.01,0,Fog-Rain,308
1955-12-4,59,52,46,36,33,28,56,47,39,30.20,30.12,30.02,15,15,15,24,15,,0.00,0,,12
1955-12-5,57,50,43,31,29,27,58,47,35,30.24,30.19,30.14,15,15,15,24,18,,0.00,,,12
1955-12-6,62,49,36,34,31,26,73,53,34,30.20,30.03,29.87,10,10,10,16,8,,0.00,0,,233
1955-12-7,78,60,42,44,39,34,79,52,25,29.86,29.80,29.72,15,13,10,14,6,,0.00,0,,253
1955-12-8,60,52,45,38,27,22,53,38,25,30.38,30.18,29.86,15,14,10,28,14,,0.00,0,,340
1955-12-9,57,45,33,31,26,22,72,50,33,30.47,30.34,30.21,15,15,10,13,8,,0.00,0,,42
1955-12-10,63,48,34,48,37,26,86,68,50,30.28,30.18,30.12,15,14,10,12,5,,0.00,0,,97
1955-12-11,51,44,35,47,27,22,86,57,43,30.46,30.39,30.29,15,11,10,23,15,,0.00,0,,7
1955-12-12,53,40,28,31,24,21,75,56,34,30.46,30.36,30.25,15,12,10,12,7,,0.00,0,,106
1955-12-13,64,47,30,47,36,24,86,67,48,30.24,30.14,30.05,10,10,10,24,7,,0.00,0,,181
1955-12-14,63,52,42,55,42,30,100,74,41,30.41,30.21,30.09,15,9,3,15,7,,0.00,0,Fog,344
1955-12-15,46,40,33,31,19,13,62,44,28,30.62,30.52,30.41,15,15,15,30,19,,0.00,0,,6
1955-12-16,51,38,24,20,16,10,71,44,24,30.49,30.25,30.02,15,15,15,18,7,,0.00,0,,207
1955-12-17,68,52,35,52,41,25,89,71,56,30.01,29.93,29.86,15,11,8,17,5,,0.00,0,,195
1955-12-18,75,60,44,47,42,37,96,64,29,30.24,30.05,29.93,10,10,10,16,6,,0.00,0,,344
1955-12-19,57,50,44,42,36,28,71,59,48,30.46,30.37,30.26,15,12,10,17,13,,0.00,0,,14
1955-12-20,63,56,48,52,45,38,92,75,63,30.38,30.28,30.16,10,8,4,15,5,,0.00,0,,181
1955-12-21,62,52,41,52,46,39,97,80,53,30.19,30.15,30.11,10,7,2,13,6,,0.00,0,Fog,297
1955-12-22,66,54,43,51,45,40,93,77,54,30.17,29.97,29.82,10,8,4,20,7,,0.00,0,Fog,220
1955-12-23,78,62,46,54,50,47,100,70,38,29.81,29.75,29.70,15,11,0,21,9,,0.00,0,Fog,184
1955-12-24,81,67,53,60,54,48,83,67,47,29.97,29.89,29.79,15,12,10,15,8,,0.00,0,,179
1955-12-25,90,69,48,55,47,38,96,57,19,30.11,30.02,29.96,15,13,10,13,5,,0.00,0,,284
1955-12-26,73,60,46,41,37,34,68,49,26,30.21,30.13,30.09,15,15,15,20,8,,0.00,0,,360
1955-12-27,66,56,45,52,44,35,90,70,57,30.19,30.12,30.06,15,10,7,10,6,,0.00,0,,38
1955-12-28,73,60,46,60,54,44,100,81,53,30.16,30.10,30.05,10,6,0,16,6,,0.00,0,Fog,174
1955-12-29,72,64,54,60,58,44,93,80,66,30.42,30.27,30.16,15,9,5,23,9,,0.00,,Fog-Rain,102
1955-12-30,53,47,39,41,30,13,74,54,33,30.59,30.52,30.45,15,12,10,23,19,,0.00,0,,180
1955-12-31,57,46,36,28,20,10,44,36,29,30.54,30.41,30.22,15,14,10,12,8,,0.00,0,,285
