
CST,Max TemperatureF,Mean TemperatureF,Min TemperatureF,Max Dew PointF,MeanDew PointF,Min DewpointF,Max Humidity, Mean Humidity, Min Humidity, Max Sea Level PressureIn, Mean Sea Level PressureIn, Min Sea Level PressureIn, Max VisibilityMiles, Mean VisibilityMiles, Min VisibilityMiles, Max Wind SpeedMPH, Mean Wind SpeedMPH, Max Gust SpeedMPH,PrecipitationIn, CloudCover, Events, WindDirDegrees
1967-1-1,61,52,42,44,33,24,97,58,27,30.03,29.95,29.91,15,11,5,16,8,,0.00,0,Fog-Rain,339
1967-1-2,66,52,39,35,27,18,73,46,15,29.95,29.84,29.78,15,15,15,18,7,,0.00,0,,271
1967-1-3,50,44,37,30,21,14,58,45,27,30.31,30.21,30.06,15,15,15,23,16,,0.00,0,,354
1967-1-4,62,47,32,21,17,15,64,37,16,30.29,30.26,30.22,15,15,15,9,4,,0.00,0,,247
1967-1-5,64,48,33,45,30,19,72,53,29,30.30,30.18,30.01,15,14,10,17,5,,0.00,0,,198
1967-1-6,66,58,51,51,43,5,89,67,12,29.96,29.84,29.72,15,14,6,23,14,,0.00,0,,207
1967-1-7,45,40,35,19,17,14,50,39,32,30.29,30.14,29.99,15,11,7,21,16,,0.00,0,,31
1967-1-8,39,34,28,14,12,10,51,39,29,30.52,30.43,30.33,15,13,8,20,15,,0.00,0,,10
1967-1-9,42,38,33,26,18,12,58,46,34,30.48,30.44,30.40,15,11,7,10,6,,0.01,,,6
1967-1-10,57,48,39,31,21,16,73,40,22,30.55,30.49,30.44,15,14,10,20,9,,0.00,,,18
1967-1-11,55,44,34,23,19,16,64,41,23,30.59,30.49,30.38,15,15,15,9,7,,0.00,0,,17
1967-1-12,61,46,32,29,21,16,61,41,18,30.35,30.22,30.08,15,14,10,13,5,,0.00,0,,191
1967-1-13,55,52,48,55,49,35,100,93,59,30.03,29.90,29.80,15,5,0,9,6,,0.06,,Fog-Rain,168
1967-1-14,69,57,45,49,47,45,100,82,49,29.99,29.87,29.82,10,5,0,10,3,,0.00,0,Fog,148
1967-1-15,54,48,41,44,31,24,80,54,37,30.40,30.28,30.03,15,14,10,25,16,,0.00,0,,27
1967-1-16,64,49,34,43,33,25,75,59,37,30.32,30.12,29.94,15,15,15,21,7,,0.00,0,,192
1967-1-17,51,48,41,46,34,21,100,67,38,30.43,30.20,29.97,15,10,4,23,11,,0.00,0,Fog,345
1967-1-18,39,36,34,31,28,25,79,72,62,30.47,30.43,30.38,10,10,10,20,14,,0.00,,,34
1967-1-19,48,38,28,30,27,23,85,66,43,30.55,30.47,30.40,15,11,10,13,9,,0.00,0,,51
1967-1-20,55,44,32,49,37,28,86,74,59,30.38,30.27,30.17,15,11,7,12,3,,0.00,0,,190
1967-1-21,66,59,52,56,54,51,100,90,70,30.14,30.09,30.03,15,6,0,21,9,,0.00,,Fog,187
1967-1-22,71,62,53,62,58,52,100,87,63,30.14,30.08,30.04,10,6,0,16,9,,0.00,0,Fog,201
1967-1-23,73,68,64,63,62,61,93,83,68,30.11,30.05,29.99,10,10,9,17,12,,0.00,,,181
1967-1-24,75,70,64,63,62,61,93,82,64,30.07,30.01,29.98,15,12,10,15,11,,0.00,,,176
1967-1-25,75,70,64,64,62,59,93,79,57,30.03,29.94,29.83,15,12,10,18,12,,0.00,,,180
1967-1-26,66,58,46,62,41,24,87,57,33,30.19,30.00,29.83,15,13,10,29,19,,0.00,0,Rain,307
1967-1-27,55,45,35,26,22,18,67,45,24,30.30,30.24,30.20,15,15,15,13,9,,0.00,0,,14
1967-1-28,68,52,35,28,26,23,67,43,22,30.30,30.25,30.16,15,15,15,10,4,,0.00,0,,238
1967-1-29,72,56,41,48,40,26,89,60,38,30.20,30.09,29.97,15,14,10,18,9,,0.00,0,,186
1967-1-30,77,64,51,58,53,49,96,75,45,30.01,29.95,29.88,15,14,8,14,8,,0.00,0,,200
1967-1-31,75,67,59,58,57,56,90,75,51,30.00,29.95,29.90,15,11,10,16,10,,0.00,,,187
1967-2-1,75,70,64,60,59,57,84,72,52,29.95,29.92,29.86,15,11,10,17,14,,0.00,,,191
1967-2-2,66,56,46,62,39,30,84,57,32,30.28,30.19,29.99,15,12,10,21,14,,0.00,0,,5
1967-2-3,57,46,35,34,31,30,85,60,37,30.32,30.26,30.18,15,12,10,10,7,,0.00,0,,30
1967-2-4,70,60,50,39,36,33,59,44,30,30.20,30.14,30.09,15,11,10,12,6,,0.00,0,,184
1967-2-5,70,58,46,57,48,40,83,71,63,30.06,29.87,29.69,15,11,8,16,6,,0.00,0,,195
1967-2-6,60,45,30,58,28,17,93,66,41,30.20,30.03,29.77,15,11,6,30,20,,0.30,0,Fog-Rain,359
1967-2-7,46,36,25,27,20,16,72,54,40,30.27,30.19,30.12,15,15,15,16,9,,0.00,0,,122
1967-2-8,51,44,36,27,24,23,70,51,36,30.48,30.40,30.32,15,15,15,12,6,,0.00,0,,43
1967-2-9,57,46,34,30,27,23,65,51,32,30.39,30.14,29.90,15,14,10,21,9,,0.00,0,,216
1967-2-10,66,52,39,41,37,33,93,60,28,29.92,29.80,29.69,15,12,4,12,8,,0.00,0,,181
1967-2-11,64,54,42,52,39,29,100,70,26,30.23,29.87,29.69,15,9,0,29,13,,0.00,0,Fog-Rain,270
1967-2-12,57,45,33,35,27,21,85,54,24,30.39,30.33,30.29,15,15,15,21,14,,0.00,0,,355
1967-2-13,66,52,39,32,26,23,65,42,20,30.40,30.32,30.23,15,14,10,14,4,,0.00,0,,210
1967-2-14,71,56,42,49,42,35,85,62,38,30.25,30.13,30.00,15,15,15,23,11,,0.00,0,,189
1967-2-15,75,64,53,53,51,43,96,72,44,30.01,29.98,29.92,15,12,7,21,15,,0.00,0,,200
1967-2-16,54,50,46,33,27,22,50,42,34,30.05,30.01,29.95,15,11,10,20,15,,0.00,,,26
1967-2-17,52,48,44,37,35,31,73,62,50,30.09,30.03,29.98,10,10,8,14,10,,0.00,,,36
1967-2-18,66,50,33,36,33,28,96,59,24,30.13,30.07,29.98,10,9,5,12,6,,0.00,,,161
1967-2-19,63,58,53,59,54,43,100,89,64,30.00,29.96,29.91,10,4,0,10,8,,0.00,,Fog-Rain,170
1967-2-20,59,52,44,58,39,23,100,68,35,30.32,30.14,29.95,15,9,0,23,10,,0.00,0,Fog,2
1967-2-21,54,44,35,29,23,18,64,41,25,30.36,30.24,30.07,15,15,15,16,9,,0.00,0,,68
1967-2-22,62,50,39,33,25,19,51,38,23,30.25,30.09,29.98,15,14,10,29,10,,0.00,0,,344
1967-2-23,68,50,32,23,21,18,69,36,17,30.25,30.16,30.07,15,15,15,23,9,,0.00,0,,251
1967-2-24,54,45,36,19,9,5,32,24,16,30.51,30.42,30.26,15,15,15,23,19,,0.00,0,,35
1967-2-25,53,46,39,22,13,10,32,27,21,30.60,30.52,30.44,15,13,8,13,10,,0.00,,,112
1967-2-26,66,58,50,52,44,35,68,61,52,30.41,30.24,30.10,10,10,10,20,10,,0.00,,,171
1967-2-27,63,59,51,59,52,43,93,79,67,30.23,30.11,30.03,10,7,3,21,11,,0.02,,Fog-Rain,129
1967-2-28,68,56,44,29,26,21,51,33,17,30.39,30.30,30.24,15,14,10,16,10,,0.00,,,2
1967-3-1,73,57,41,30,26,22,65,35,15,30.28,30.21,30.12,15,15,15,15,5,,0.00,0,,243
1967-3-2,77,60,43,52,43,33,68,54,37,30.16,30.03,29.90,15,12,10,21,10,,0.00,0,,200
1967-3-3,84,72,60,59,56,53,81,64,37,29.96,29.90,29.82,15,13,8,21,14,,0.00,0,,204
1967-3-4,78,72,66,61,60,58,81,68,52,29.91,29.85,29.76,15,10,8,18,12,,0.00,,,181
1967-3-5,81,74,68,63,62,61,81,70,50,29.79,29.65,29.52,15,12,4,24,16,,0.00,,Fog,183
1967-3-6,55,48,41,44,34,27,82,60,34,30.09,29.95,29.70,15,12,5,30,21,,0.00,0,Fog-Rain,355
1967-3-7,64,50,36,34,29,25,76,50,24,30.17,30.07,29.97,15,13,10,15,5,,0.00,0,,198
1967-3-8,52,42,32,33,24,13,55,45,35,30.31,30.21,30.12,15,12,10,17,9,,0.00,,,45
1967-3-9,73,58,44,51,41,29,71,56,40,30.16,30.10,30.01,15,12,10,15,6,,0.00,0,,164
1967-3-10,84,72,59,61,59,54,90,69,43,30.13,30.07,30.01,15,12,7,17,11,,0.00,0,,194
1967-3-11,90,78,66,63,59,52,84,62,27,30.13,30.07,30.01,15,12,10,20,14,,0.00,0,,192
1967-3-12,89,76,64,62,59,57,84,64,35,30.08,30.00,29.89,15,12,10,18,11,,0.00,0,,194
1967-3-13,91,76,61,60,58,56,87,62,30,29.95,29.90,29.83,15,13,9,21,15,,0.00,0,,185
1967-3-14,90,79,68,63,59,53,81,60,28,29.95,29.90,29.84,15,14,9,28,16,,0.00,,,191
1967-3-15,72,69,60,64,46,27,90,51,23,30.38,30.19,29.99,15,10,6,23,15,,0.00,0,Fog,15
1967-3-16,72,60,48,36,32,27,50,37,25,30.48,30.38,30.26,15,12,8,18,14,,0.00,0,,46
1967-3-17,77,65,53,50,44,37,86,51,29,30.25,30.19,30.10,10,8,4,14,2,,0.00,0,,148
1967-3-18,73,65,57,51,44,40,65,49,29,30.31,30.22,30.17,10,9,7,14,10,,0.00,,,144
1967-3-19,72,64,57,62,57,50,90,77,64,30.22,30.13,30.04,10,7,1,21,13,,0.03,,Fog-Rain,160
1967-3-20,77,68,60,63,60,55,90,77,62,30.10,30.06,30.02,15,11,10,23,13,,0.07,0,,148
1967-3-21,79,70,62,61,57,53,96,70,40,30.23,30.15,30.08,15,9,0,12,5,,0.00,,Fog,105
1967-3-22,71,63,55,60,57,54,93,77,63,30.24,30.18,30.14,10,9,5,13,6,,0.00,0,Fog,158
1967-3-23,73,64,55,55,53,50,83,69,48,30.26,30.19,30.12,15,9,4,10,5,,0.00,,Fog,166
1967-3-24,73,66,59,61,58,54,90,79,57,30.15,30.07,29.99,10,8,3,14,6,,0.05,,Fog-Rain,166
1967-3-25,79,71,63,63,61,60,90,77,54,29.99,29.89,29.77,15,9,5,13,9,,0.00,,Fog-Rain,195
1967-3-26,80,71,62,58,54,47,80,62,31,29.99,29.90,29.79,15,14,10,15,10,,0.02,0,Rain-Thunderstorm,310
1967-3-27,82,66,51,51,49,43,86,55,24,30.06,29.99,29.91,15,14,10,9,5,,0.00,0,,195
1967-3-28,95,78,61,60,54,49,81,50,22,30.01,29.95,29.89,15,14,10,13,7,,0.00,0,,186
1967-3-29,88,76,63,62,58,50,90,62,30,29.97,29.91,29.83,15,12,5,17,9,,0.00,0,Fog,179
1967-3-30,82,74,66,59,58,55,76,62,38,29.88,29.82,29.75,15,12,10,21,15,,0.00,,,167
1967-3-31,80,74,68,63,61,58,81,65,48,30.03,29.95,29.88,15,14,10,21,16,,0.00,,,168
1967-4-1,79,74,69,65,62,58,87,70,50,30.13,30.08,30.04,15,12,7,17,12,,0.00,,Rain,160
1967-4-2,81,74,66,62,59,54,87,64,39,30.15,30.10,30.05,15,13,10,17,12,,0.00,,,174
1967-4-3,82,72,63,62,57,52,87,62,34,30.20,30.14,30.08,15,12,6,10,7,,0.00,0,Fog,174
1967-4-4,82,73,64,61,57,53,84,62,38,30.18,30.12,30.03,15,13,8,14,9,,0.00,,,191
1967-4-5,87,76,66,60,59,56,81,60,37,30.12,30.02,29.92,15,12,10,18,13,,0.00,,,194
1967-4-6,89,78,68,61,60,57,76,58,37,30.09,30.02,29.95,15,12,8,15,11,,0.00,0,,192
1967-4-7,86,78,70,63,59,54,73,57,34,30.08,30.00,29.91,15,12,9,14,9,,0.00,,,179
1967-4-8,87,74,60,61,58,56,86,62,37,30.03,29.95,29.84,15,12,9,18,9,,0.00,0,,182
1967-4-9,86,78,70,65,62,61,76,62,43,29.96,29.92,29.87,15,12,10,16,11,,0.00,0,,180
1967-4-10,87,79,71,65,63,60,78,61,40,30.02,29.96,29.87,15,15,15,15,11,,0.00,,,0
1967-4-11,82,76,69,68,65,63,87,74,53,30.01,29.90,29.77,15,9,4,16,10,,0.03,,Fog-Rain-Thunderstorm,134
1967-4-12,81,76,70,66,64,63,78,69,56,29.81,29.70,29.60,15,11,8,21,15,,0.00,,,177
1967-4-13,75,65,55,67,52,44,84,63,33,29.83,29.74,29.65,15,12,8,23,11,,0.22,0,Rain-Thunderstorm,140
1967-4-14,84,68,53,65,55,46,83,63,45,30.00,29.94,29.89,15,14,10,8,4,,0.00,0,,229
1967-4-15,88,79,70,67,65,61,87,68,41,30.02,29.95,29.85,15,10,4,13,6,,0.00,0,Fog,176
1967-4-16,82,77,72,69,67,66,84,72,58,29.88,29.84,29.78,10,9,7,17,12,,0.00,,,181
1967-4-17,80,76,66,67,65,59,84,73,64,30.13,29.95,29.88,10,9,7,23,9,,0.04,,Rain-Thunderstorm,213
1967-4-18,82,72,63,65,62,59,87,72,56,30.09,30.02,29.97,15,12,8,17,11,,0.00,,,68
1967-4-19,86,78,69,66,63,60,84,63,43,29.99,29.92,29.82,15,12,8,15,10,,0.00,,,164
1967-4-20,90,80,71,65,64,61,81,62,40,29.88,29.81,29.71,15,12,9,20,13,,0.00,0,,178
1967-4-21,84,78,71,67,65,63,81,65,51,29.79,29.76,29.72,15,11,10,20,14,,0.00,,,187
1967-4-22,84,78,73,69,67,65,81,69,55,29.88,29.83,29.74,10,8,7,17,8,,0.00,,,163
1967-4-23,82,78,73,69,67,66,81,73,58,29.90,29.84,29.78,15,12,9,13,9,,0.00,,,145
1967-4-24,81,72,64,69,64,54,87,73,58,30.03,29.96,29.90,15,10,2,14,5,,0.01,,Fog-Rain,74
1967-4-25,89,81,73,70,67,62,85,66,48,29.94,29.85,29.75,10,9,7,18,11,,0.00,,,181
1967-4-26,81,77,68,70,61,52,82,64,49,30.14,29.98,29.85,10,9,7,21,11,,0.00,,,72
1967-4-27,75,66,57,51,48,45,67,53,37,30.28,30.21,30.14,15,14,8,15,12,,0.00,,,80
1967-4-28,82,73,64,64,58,53,68,61,50,30.14,30.08,29.98,10,8,7,16,9,,0.00,,,133
1967-4-29,86,78,71,68,65,64,81,68,48,30.02,29.92,29.82,10,10,8,17,14,,0.00,,Rain,179
1967-4-30,88,82,70,67,66,64,81,65,48,29.83,29.75,29.65,15,10,9,21,17,,0.00,,,182
1967-5-1,84,75,64,68,58,42,84,64,25,29.86,29.76,29.69,15,10,3,15,8,,0.02,0,Rain-Thunderstorm,62
1967-5-2,75,64,54,45,40,35,57,40,29,30.17,30.07,29.94,15,13,10,15,13,,0.00,0,,58
1967-5-3,68,62,55,57,51,45,90,71,57,30.09,30.00,29.90,15,8,1,14,7,,0.01,0,Fog-Rain,82
1967-5-4,73,66,60,67,62,58,93,85,76,30.05,29.98,29.92,10,4,0,14,8,,0.00,,Fog,55
1967-5-5,86,78,69,70,67,65,90,74,57,30.03,29.97,29.89,10,8,0,21,12,,0.00,,Fog,146
1967-5-6,89,81,73,71,70,68,85,70,53,29.93,29.87,29.83,10,8,5,15,9,,0.00,,,239
1967-5-7,88,77,66,69,62,57,82,62,46,29.99,29.90,29.78,15,12,8,12,5,,0.00,0,,74
1967-5-8,93,82,70,76,70,66,93,70,41,29.85,29.79,29.72,15,10,0,14,6,,0.00,0,Fog,132
1967-5-9,93,84,75,71,68,63,82,64,38,29.90,29.83,29.76,15,12,7,17,11,,0.00,0,,124
1967-5-10,95,84,73,70,69,64,85,64,44,29.85,29.76,29.67,10,8,6,20,14,,0.00,0,,181
1967-5-11,99,86,73,71,69,66,87,64,36,29.77,29.72,29.65,10,8,6,16,12,,0.00,0,,200
1967-5-12,97,86,75,71,68,62,87,61,31,29.81,29.77,29.70,10,8,4,17,12,,0.00,,Fog,179
1967-5-13,93,84,75,72,69,66,87,65,41,29.85,29.79,29.71,15,11,10,16,11,,0.00,,,173
1967-5-14,87,75,63,71,64,54,87,70,49,30.04,29.85,29.77,15,10,7,17,14,,0.42,,,209
1967-5-15,75,64,54,51,45,40,77,52,28,30.26,30.20,30.10,15,14,10,18,14,,0.00,0,,12
1967-5-16,82,68,54,49,44,40,77,48,22,30.31,30.26,30.22,15,15,15,14,4,,0.00,0,,157
1967-5-17,84,70,57,55,48,38,83,49,19,30.35,30.26,30.17,15,13,10,8,4,,0.00,,,164
1967-5-18,88,74,61,62,57,53,87,56,30,30.23,30.13,29.98,15,13,5,12,7,,0.00,,Fog,191
1967-5-19,89,80,72,67,65,63,81,69,42,30.05,30.00,29.94,15,11,8,14,11,,0.00,0,Rain,164
1967-5-20,75,70,64,69,65,61,93,84,68,30.05,29.96,29.89,15,10,8,20,9,,0.90,,Rain-Thunderstorm,107
1967-5-21,71,65,59,63,55,50,90,72,47,30.14,30.07,29.97,15,13,10,20,14,,0.00,0,,5
1967-5-22,79,69,59,53,52,50,78,60,36,30.19,30.13,30.06,15,13,10,20,15,,0.00,0,,20
1967-5-23,82,70,57,53,51,49,83,53,31,30.13,30.07,29.98,15,14,10,8,6,,0.00,0,,44
1967-5-24,84,72,60,54,52,51,75,50,32,30.07,30.02,29.96,15,13,10,10,3,,0.00,0,,163
1967-5-25,84,72,60,61,58,56,90,63,40,30.08,30.03,29.96,15,10,5,14,7,,0.00,0,Fog,174
1967-5-26,84,74,64,64,61,59,90,64,41,30.05,30.00,29.94,10,9,3,17,8,,0.00,0,Fog,166
1967-5-27,87,76,66,67,63,58,90,66,37,30.09,30.03,29.97,15,12,4,12,6,,0.00,0,Fog,148
1967-5-28,84,78,72,69,68,66,87,74,55,30.03,29.94,29.84,15,10,7,21,10,,0.02,,Rain,170
1967-5-29,75,70,66,70,66,63,93,84,66,29.85,29.75,29.66,15,11,7,24,10,,0.31,,Rain-Thunderstorm,151
1967-5-30,84,77,70,72,71,67,93,80,65,29.66,29.61,29.52,10,10,8,21,11,,0.00,,Fog,161
1967-5-31,86,78,69,74,69,60,91,76,65,29.75,29.67,29.58,10,9,7,14,7,,0.00,,,103
1967-6-1,91,83,75,74,71,65,94,72,47,29.99,29.90,29.82,15,10,7,12,7,,0.00,,Fog,109
1967-6-2,84,77,70,65,65,64,84,70,53,30.13,30.08,30.03,15,12,10,14,9,,0.00,0,,63
1967-6-3,84,76,68,66,64,62,87,66,46,30.09,30.06,29.99,15,12,10,9,3,,0.00,0,,87
1967-6-4,88,78,68,66,65,63,87,65,43,30.08,30.03,29.97,10,8,5,9,2,,0.00,0,Fog,156
1967-6-5,88,78,69,69,66,63,90,66,44,30.06,30.00,29.94,15,10,7,10,3,,0.00,0,Fog,151
1967-6-6,87,76,64,64,62,59,93,63,41,30.01,29.95,29.86,10,7,3,10,3,,0.00,0,Fog,156
1967-6-7,87,76,64,65,63,60,90,63,40,29.89,29.86,29.81,10,9,7,14,7,,0.00,0,,180
1967-6-8,89,79,69,69,66,64,90,65,46,29.90,29.86,29.80,15,12,3,16,9,,0.00,0,Fog,170
1967-6-9,91,82,72,69,67,63,91,65,39,29.89,29.84,29.74,15,13,10,17,11,,0.00,0,,168
1967-6-10,93,84,75,70,69,68,82,65,44,29.79,29.72,29.62,15,14,10,17,14,,0.00,0,,177
1967-6-11,90,84,77,71,70,68,82,66,48,29.78,29.67,29.59,15,12,10,18,16,,0.00,,,168
1967-6-12,93,84,75,71,69,67,85,65,44,29.80,29.76,29.75,15,12,10,17,15,,0.00,,,165
1967-6-13,91,82,73,71,68,64,91,63,39,29.91,29.87,29.83,15,13,10,14,11,,0.00,,,163
1967-6-14,93,83,73,72,67,60,93,63,33,29.97,29.91,29.83,15,12,7,14,8,,0.00,,,169
1967-6-15,93,83,73,70,67,63,90,62,37,29.91,29.85,29.76,15,13,8,15,10,,0.00,0,,162
1967-6-16,91,82,72,69,66,63,84,60,38,29.87,29.83,29.75,15,12,10,17,7,,0.00,,,135
1967-6-17,93,83,73,69,66,62,85,58,36,29.94,29.89,29.85,15,11,10,12,5,,0.00,,,135
1967-6-18,95,85,75,69,66,61,79,54,33,30.02,29.97,29.93,15,11,10,12,4,,0.00,0,,120
1967-6-19,93,83,73,67,64,61,76,53,33,30.05,29.99,29.91,15,11,10,9,4,,0.00,0,,147
1967-6-20,93,83,73,65,63,61,68,50,33,29.97,29.90,29.81,15,11,8,14,5,,0.00,0,,159
1967-6-21,95,85,75,71,67,64,85,57,36,29.87,29.83,29.75,15,12,10,15,13,,0.00,0,,190
1967-6-22,96,86,75,70,67,61,84,57,31,29.96,29.90,29.84,15,13,10,12,9,,0.00,0,,187
1967-6-23,97,86,75,71,68,64,87,58,35,29.99,29.93,29.86,15,14,10,20,11,,0.00,0,,182
1967-6-24,97,88,78,72,68,63,79,59,32,30.01,29.96,29.88,15,14,10,20,14,,0.00,0,,178
1967-6-25,96,86,75,72,68,62,85,58,32,30.08,30.01,29.94,15,11,10,15,10,,0.00,,,179
1967-6-26,98,88,77,71,64,56,77,51,25,30.06,30.01,29.91,15,13,10,14,11,,0.00,0,,183
1967-6-27,97,86,75,70,64,55,79,51,24,30.03,29.97,29.87,15,14,10,14,10,,0.00,0,,176
1967-6-28,97,86,75,69,65,59,82,53,28,29.96,29.90,29.80,15,15,15,15,10,,0.00,0,,189
1967-6-29,95,85,75,70,67,61,82,56,33,29.95,29.88,29.81,15,15,15,15,10,,0.00,0,,181
1967-6-30,95,85,75,70,66,60,84,54,31,29.97,29.91,29.84,15,13,10,12,7,,0.00,,,191
1967-7-1,91,83,75,71,69,66,82,63,44,29.99,29.91,29.86,15,12,10,14,10,,0.00,,,169
1967-7-2,91,82,70,72,69,67,100,70,45,30.00,29.96,29.90,15,14,10,13,7,,0.43,,,188
1967-7-3,96,84,73,72,66,60,87,57,31,30.04,29.98,29.90,15,13,10,10,5,,0.00,,,177
1967-7-4,95,84,73,71,65,61,91,53,32,30.00,29.95,29.87,15,15,15,14,8,,0.00,0,,176
1967-7-5,97,86,75,71,67,62,87,55,31,29.99,29.95,29.86,15,13,10,15,11,,0.00,0,,187
1967-7-6,97,87,77,71,66,60,82,53,29,30.02,29.96,29.89,15,12,10,16,10,,0.00,,,183
1967-7-7,99,87,75,70,65,57,84,51,25,30.04,29.98,29.91,15,11,8,14,11,,0.00,0,,185
1967-7-8,98,86,75,70,67,62,84,55,31,30.06,29.99,29.90,15,15,15,14,10,,0.00,0,,179
1967-7-9,99,87,75,71,66,60,87,52,28,30.02,29.98,29.91,15,14,10,15,9,,0.00,0,,194
1967-7-10,100,86,73,69,65,58,85,52,25,30.03,29.98,29.91,15,13,10,16,11,,0.00,0,,180
1967-7-11,98,88,77,71,66,59,82,51,27,30.06,30.01,29.97,15,15,15,12,9,,0.00,0,,178
1967-7-12,97,86,75,70,68,62,82,62,31,30.08,30.04,29.98,15,14,10,15,7,,0.00,0,Rain,193
1967-7-13,93,83,73,72,68,65,85,64,39,30.05,30.00,29.94,15,12,8,15,7,,0.02,0,,326
1967-7-14,93,83,73,70,61,52,85,53,31,30.09,30.04,30.00,15,12,10,16,9,,0.00,0,,35
1967-7-15,89,78,66,53,49,42,59,38,22,30.14,30.08,30.01,15,15,15,12,7,,0.00,0,,69
1967-7-16,90,77,64,54,50,44,65,41,25,30.14,30.08,30.01,15,15,15,12,6,,0.00,0,,163
1967-7-17,88,78,68,59,55,47,73,47,24,30.13,30.08,30.04,15,14,10,9,6,,0.00,,,131
1967-7-18,91,82,73,69,65,59,73,58,42,30.06,30.00,29.92,15,12,8,16,8,,0.00,,,146
1967-7-19,89,84,78,73,70,66,84,66,46,29.97,29.95,29.90,15,13,10,18,10,,0.00,,,149
1967-7-20,81,78,75,73,69,68,82,76,69,30.10,30.06,30.03,15,11,8,9,6,,0.08,,Rain,116
1967-7-21,86,78,70,69,68,67,91,73,53,30.15,30.11,30.06,15,13,9,12,4,,0.00,,,151
1967-7-22,91,82,72,71,68,67,87,71,45,30.12,30.05,29.94,15,12,8,8,5,,0.00,0,,170
1967-7-23,96,86,75,72,70,67,85,64,38,30.04,29.99,29.93,15,14,10,16,10,,0.00,0,,187
1967-7-24,97,86,75,72,67,60,87,57,29,30.06,30.01,29.95,15,11,10,20,12,,0.00,0,,185
1967-7-25,96,86,75,71,66,58,85,56,30,30.04,30.00,29.94,15,11,10,18,10,,0.00,0,,184
1967-7-26,97,86,75,71,67,59,84,57,31,30.04,29.99,29.93,15,11,8,17,10,,0.00,0,,184
1967-7-27,97,86,75,70,68,65,84,59,35,30.01,29.95,29.87,15,13,10,15,11,,0.00,0,,186
1967-7-28,98,86,75,71,67,62,84,56,30,30.02,29.96,29.87,15,13,10,14,12,,0.00,0,,182
1967-7-29,99,86,73,70,64,56,87,54,24,30.03,29.97,29.90,15,13,10,12,9,,0.00,0,,191
1967-7-30,100,88,75,70,65,59,82,51,25,30.00,29.93,29.84,15,13,10,13,9,,0.00,0,,194
1967-7-31,100,88,77,71,65,60,82,50,27,29.99,29.92,29.86,15,14,10,15,12,,0.00,,,188
1967-8-1,98,86,75,71,67,62,84,56,30,29.96,29.91,29.83,15,12,10,15,11,,0.00,0,,184
1967-8-2,96,86,77,71,68,63,82,56,33,29.99,29.93,29.85,15,12,10,16,12,,0.00,0,,187
1967-8-3,98,86,75,71,66,61,85,55,29,30.02,29.97,29.91,15,12,10,15,12,,0.00,0,,183
1967-8-4,100,86,73,70,63,53,87,53,22,30.08,30.03,29.95,15,14,10,13,8,,0.00,0,,189
1967-8-5,97,84,72,69,64,60,87,53,29,30.07,30.00,29.92,15,14,10,10,7,,0.00,0,,178
1967-8-6,98,86,75,69,65,59,82,51,28,30.03,29.98,29.90,15,15,15,14,10,,0.00,0,,193
1967-8-7,97,85,73,68,65,62,81,52,31,30.02,29.97,29.90,15,14,10,16,9,,0.00,0,,180
1967-8-8,98,88,77,71,65,58,82,51,26,30.00,29.94,29.86,15,15,15,14,11,,0.00,0,,187
1967-8-9,99,87,75,71,65,58,84,53,25,29.99,29.95,29.88,15,13,10,12,7,,0.00,0,,190
1967-8-10,99,87,75,71,68,64,82,56,32,30.01,29.96,29.91,15,12,10,12,8,,0.00,0,,290
1967-8-11,91,83,75,69,60,51,73,52,25,30.16,30.09,30.04,15,14,10,20,13,,0.00,0,,43
1967-8-12,87,76,66,54,49,42,63,40,21,30.26,30.17,30.10,15,15,15,18,11,,0.00,0,,48
1967-8-13,88,75,62,51,45,39,58,36,18,30.19,30.11,30.01,15,15,15,8,7,,0.00,0,,52
1967-8-14,90,78,66,59,51,43,65,41,24,30.06,30.00,29.91,15,11,8,12,6,,0.00,0,,195
1967-8-15,91,78,66,63,60,58,76,53,33,30.01,29.97,29.90,15,11,8,16,6,,0.00,,,132
1967-8-16,91,82,73,69,65,60,79,61,37,30.05,30.01,29.93,15,12,9,9,6,,0.00,,,115
1967-8-17,87,79,71,70,67,65,87,72,51,30.12,30.08,30.04,15,11,7,21,8,,0.00,0,Rain-Thunderstorm,164
1967-8-18,82,76,71,70,69,66,93,78,60,30.15,30.08,30.01,15,12,8,10,6,,0.11,,Rain-Thunderstorm,196
1967-8-19,81,76,71,70,68,67,87,77,65,30.04,30.00,29.91,15,12,8,10,8,,0.01,,Rain,180
1967-8-20,89,79,69,68,66,63,90,69,43,29.99,29.94,29.87,15,12,10,9,7,,0.00,,,163
1967-8-21,91,81,71,70,67,63,93,66,40,29.94,29.89,29.81,15,11,2,12,6,,0.00,0,Fog,180
1967-8-22,86,78,71,69,68,67,87,72,53,29.98,29.91,29.88,15,15,15,18,5,,0.00,0,,102
1967-8-23,86,80,73,69,68,66,84,72,51,30.02,29.99,29.96,15,11,10,12,7,,0.00,0,,121
1967-8-24,84,78,71,70,68,66,91,72,55,30.07,30.04,29.99,15,11,10,10,4,,0.00,0,,63
1967-8-25,87,80,72,71,70,67,91,81,51,30.03,29.99,29.92,15,10,7,9,3,,0.18,0,Rain-Thunderstorm,115
1967-8-26,91,80,70,70,68,65,93,71,45,30.01,29.98,29.94,10,9,5,16,5,,0.00,0,Fog,85
1967-8-27,91,80,70,70,66,62,90,62,39,30.05,30.00,29.95,15,11,10,14,7,,0.00,0,,92
1967-8-28,87,78,70,69,67,65,93,71,51,30.12,30.06,30.01,15,11,8,10,5,,0.00,0,,207
1967-8-29,93,82,70,67,65,62,87,60,36,30.16,30.08,30.01,15,11,10,12,5,,0.00,,,238
1967-8-30,95,85,75,67,64,59,73,53,30,30.07,30.01,29.94,15,11,10,15,6,,0.00,,,256
1967-8-31,91,80,70,66,64,62,81,59,38,30.12,30.05,30.01,15,12,7,16,11,,0.61,,Rain-Thunderstorm,326
1967-9-1,81,76,70,68,67,64,87,74,64,30.23,30.17,30.14,10,7,4,14,11,,0.00,,Fog,51
1967-9-2,73,71,69,71,67,62,93,86,73,30.18,30.12,30.05,10,7,1,8,5,,0.08,,Fog-Rain,86
1967-9-3,79,72,66,69,67,63,93,83,66,30.04,29.95,29.85,15,6,1,10,6,,0.05,,Fog-Rain,146
1967-9-4,82,75,68,70,67,65,90,81,58,29.94,29.89,29.84,10,8,4,14,7,,0.29,0,Fog-Rain,96
1967-9-5,73,71,69,69,67,65,93,88,79,30.04,29.99,29.95,15,8,3,17,10,,0.01,,Fog-Rain,44
1967-9-6,79,72,66,65,63,61,90,74,54,30.06,30.01,29.95,15,14,10,16,10,,0.00,0,,7
1967-9-7,82,73,64,71,64,62,91,74,54,29.99,29.97,29.92,15,13,10,13,10,,0.00,0,,349
1967-9-8,84,75,66,63,61,57,87,63,38,30.05,29.99,29.93,15,10,8,12,7,,0.00,0,,7
1967-9-9,89,78,66,63,59,56,84,58,32,30.04,30.00,29.95,10,8,5,15,5,,0.00,0,,358
1967-9-10,87,76,64,62,59,56,81,56,36,30.09,30.04,29.99,10,8,5,9,7,,0.00,0,,39
1967-9-11,89,78,66,62,59,57,76,56,35,30.12,30.05,29.99,10,7,4,8,5,,0.00,0,,28
1967-9-12,88,76,64,65,61,59,90,61,37,30.01,29.96,29.88,10,8,4,12,6,,0.00,0,,180
1967-9-13,88,77,66,69,64,60,93,65,40,29.92,29.90,29.85,10,9,3,14,8,,0.00,0,,179
1967-9-14,89,81,73,72,68,65,91,70,45,29.97,29.92,29.86,15,12,9,16,9,,0.00,0,Rain,162
1967-9-15,82,78,73,73,70,68,91,80,60,29.99,29.96,29.92,15,10,8,12,6,,0.06,,,16
1967-9-16,86,79,72,72,70,66,93,83,51,30.06,30.01,29.97,15,9,3,10,6,,0.16,,Fog,81
1967-9-17,88,80,72,71,69,66,93,75,48,30.08,30.02,29.95,15,10,4,6,4,,0.00,,Fog,104
1967-9-18,88,80,71,70,67,63,93,69,45,29.98,29.93,29.88,15,10,4,9,5,,0.00,,Fog,142
1967-9-19,86,79,72,73,69,64,94,75,49,29.92,29.90,29.84,15,9,5,13,6,,0.04,,Fog-Rain-Thunderstorm,97
1967-9-20,77,74,71,74,72,69,94,90,82,29.90,29.86,29.81,15,8,4,15,10,,0.21,,Fog-Rain-Thunderstorm,64
1967-9-21,75,74,72,73,71,69,94,90,85,30.04,29.93,29.85,10,7,5,14,11,,0.88,,Fog-Rain,82
1967-9-22,84,78,72,71,69,68,91,81,65,30.07,30.02,29.94,15,10,7,14,10,,0.02,,Rain,66
1967-9-23,86,78,69,68,67,65,87,71,53,30.03,29.98,29.96,10,10,10,7,6,,0.00,0,,53
1967-9-24,88,79,70,69,65,61,87,66,40,30.06,30.01,29.97,15,12,8,13,4,,0.00,0,,118
1967-9-25,86,76,66,64,63,60,84,66,41,30.03,29.98,29.93,10,10,10,9,5,,0.00,0,,155
1967-9-26,84,74,64,65,63,61,93,71,46,29.96,29.92,29.86,10,8,3,10,4,,0.00,0,Fog,195
1967-9-27,73,68,62,67,54,42,84,63,32,30.11,30.02,29.90,15,13,8,23,9,,0.00,0,Rain,8
1967-9-28,69,60,50,42,41,39,74,52,33,30.16,30.10,30.01,15,15,15,15,12,,0.00,0,,6
1967-9-29,77,62,48,50,45,42,80,57,33,30.11,30.04,29.98,15,13,10,10,4,,0.00,0,,224
1967-9-30,82,68,53,57,50,43,86,57,28,30.10,30.05,30.01,15,14,10,14,7,,0.00,0,,199
1967-10-1,82,70,57,60,57,54,96,69,38,30.13,30.07,30.02,15,14,10,9,7,,0.00,0,,179
1967-10-2,77,70,64,68,64,59,90,80,69,30.09,30.05,30.01,15,9,2,7,4,,0.00,0,Fog,190
1967-10-3,84,77,70,70,68,66,93,77,53,30.09,30.04,30.01,15,10,3,9,4,,0.00,,Fog-Rain,162
1967-10-4,86,78,71,70,66,60,96,72,46,30.13,30.08,30.04,15,11,2,14,4,,0.00,0,Fog,162
1967-10-5,84,77,70,69,65,62,93,72,46,30.13,30.06,29.99,15,11,6,9,6,,0.00,0,Fog,169
1967-10-6,86,76,66,66,61,54,90,67,33,30.00,29.94,29.86,15,13,7,12,7,,0.00,0,,190
1967-10-7,73,70,64,68,65,60,93,86,81,30.00,29.93,29.88,15,10,5,15,8,,0.08,0,Fog-Rain,215
1967-10-8,79,67,55,57,51,43,93,63,28,30.11,30.04,29.98,15,15,15,14,9,,0.00,0,,343
1967-10-9,82,68,55,55,50,47,78,57,33,30.04,29.97,29.88,15,15,15,7,5,,0.00,0,,125
1967-10-10,84,70,57,56,54,48,93,58,28,30.09,30.02,29.94,15,13,10,9,4,,0.00,0,,223
1967-10-11,80,70,59,59,54,47,72,61,45,30.20,30.13,30.08,15,12,10,9,8,,0.00,0,,50
1967-10-12,81,70,60,62,59,58,93,70,45,30.13,30.06,29.97,15,12,5,12,4,,0.00,0,,190
1967-10-13,81,72,62,64,62,60,97,76,49,30.04,30.00,29.95,15,11,1,13,5,,0.00,0,Fog,172
1967-10-14,81,74,66,68,66,61,93,78,65,30.01,29.95,29.89,15,11,3,15,5,,0.00,,Fog,177
1967-10-15,77,73,64,70,66,57,93,84,66,30.11,29.95,29.91,10,10,7,21,11,,0.82,,Fog-Rain,174
1967-10-16,70,62,53,50,43,36,72,52,31,30.28,30.22,30.15,15,15,15,24,20,,0.00,0,,355
1967-10-17,80,64,48,43,41,39,69,49,23,30.23,30.17,30.10,15,15,15,21,11,,0.00,0,,328
1967-10-18,75,64,54,43,40,36,62,44,27,30.36,30.28,30.23,15,15,15,15,11,,0.00,0,,29
1967-10-19,75,62,50,50,46,42,93,60,32,30.28,30.21,30.14,15,15,15,9,6,,0.00,0,,215
1967-10-20,79,64,48,53,49,46,90,62,36,30.25,30.21,30.17,15,14,10,13,6,,0.00,0,,204
1967-10-21,78,66,53,57,54,52,96,71,43,30.31,30.25,30.20,15,13,7,10,5,,0.00,0,,179
1967-10-22,78,66,54,58,56,54,100,76,45,30.22,30.15,30.07,15,9,0,10,5,,0.00,0,Fog,171
1967-10-23,79,68,57,64,59,55,97,77,47,30.07,30.00,29.91,15,10,0,16,6,,0.00,0,Fog,201
1967-10-24,82,73,64,64,57,42,93,66,33,30.19,30.04,29.93,15,12,8,18,11,,0.00,0,,299
1967-10-25,73,62,50,40,37,32,63,42,22,30.31,30.20,30.07,15,14,10,15,10,,0.00,0,,98
1967-10-26,81,66,50,61,54,42,89,69,50,30.03,29.91,29.80,15,13,10,20,10,,0.00,0,,197
1967-10-27,72,64,55,44,36,32,47,37,23,30.22,30.11,29.98,15,14,10,21,15,,0.00,0,,34
1967-10-28,75,66,57,64,50,38,81,56,43,30.13,29.99,29.81,15,12,10,14,8,,0.00,0,,148
1967-10-29,81,74,68,68,65,62,100,77,54,29.78,29.70,29.59,15,12,10,20,13,,0.00,,Rain,185
1967-10-30,53,50,48,51,41,34,93,72,52,30.01,29.89,29.74,15,12,2,37,25,,0.25,,Rain-Thunderstorm,333
1967-10-31,57,52,46,37,35,31,68,53,39,29.99,29.94,29.89,15,15,15,25,18,,0.00,0,,290
1967-11-1,64,54,44,44,40,37,79,62,41,29.89,29.86,29.83,15,14,10,18,10,,0.00,0,,299
1967-11-2,78,62,45,59,49,42,93,72,43,29.87,29.80,29.69,15,13,10,18,6,,0.00,0,,178
1967-11-3,64,55,42,58,37,29,80,61,36,30.31,30.16,29.86,15,13,10,28,20,,0.00,0,,358
1967-11-4,57,47,37,33,31,30,76,56,35,30.35,30.29,30.20,15,15,15,13,9,,0.00,0,,89
1967-11-5,59,49,39,35,34,31,79,58,35,30.40,30.33,30.29,15,14,10,8,6,,0.00,0,,87
1967-11-6,55,46,37,40,37,35,100,62,47,30.40,30.36,30.33,10,10,10,8,6,,0.00,,,84
1967-11-7,55,50,46,47,46,45,97,84,69,30.45,30.40,30.36,10,9,6,10,7,,0.03,,Fog-Rain,45
1967-11-8,54,51,48,51,49,47,97,90,86,30.42,30.38,30.33,8,6,4,10,4,,0.13,,Fog-Rain,88
1967-11-9,57,52,48,58,53,48,100,97,93,30.33,30.24,30.15,6,3,1,12,7,,0.56,,Fog-Rain,116
1967-11-10,68,62,55,64,60,56,100,95,87,30.13,30.06,29.99,10,5,0,9,5,,0.10,,Fog-Rain,207
1967-11-11,70,66,57,62,60,55,97,88,71,30.24,30.13,30.04,15,8,4,9,5,,0.00,0,Fog,343
1967-11-12,75,63,51,55,52,50,97,73,41,30.39,30.32,30.27,15,12,7,9,8,,0.00,0,,3
1967-11-13,75,62,50,50,49,45,93,66,33,30.32,30.22,30.10,15,12,10,10,7,,0.00,0,,280
1967-11-14,72,62,51,59,52,49,92,75,49,30.12,30.08,30.04,15,12,10,12,4,,0.00,0,,2
1967-11-15,72,60,48,51,49,46,96,71,48,30.20,30.15,30.11,15,12,10,9,6,,0.00,0,,55
1967-11-16,70,61,52,58,55,50,100,88,63,30.22,30.16,30.09,9,6,0,10,5,,0.00,0,Fog,175
1967-11-17,72,64,55,60,58,56,100,86,66,30.13,30.09,30.05,10,7,0,8,6,,0.00,0,Fog,169
1967-11-18,71,64,55,58,50,41,93,69,38,30.28,30.22,30.16,10,10,9,10,8,,0.00,0,,35
1967-11-19,72,60,48,54,46,39,78,63,49,30.27,30.21,30.13,15,11,10,9,6,,0.00,0,,109
1967-11-20,72,64,57,63,60,54,96,84,71,30.14,30.03,29.93,10,8,2,15,5,,0.00,,Fog-Rain,191
1967-11-21,82,71,59,61,53,41,100,68,26,29.94,29.88,29.81,15,10,0,14,6,,0.00,0,Fog,230
1967-11-22,71,65,57,55,49,45,74,61,45,29.86,29.81,29.75,15,14,10,14,7,,0.00,,Rain,308
1967-11-23,84,68,53,60,52,48,93,66,31,29.79,29.73,29.64,15,11,4,12,6,,0.00,0,Fog,278
1967-11-24,79,70,59,57,48,40,90,55,28,29.81,29.76,29.71,15,14,10,23,7,,0.00,0,,313
1967-11-25,84,69,54,46,42,37,64,43,22,29.87,29.82,29.76,15,14,10,17,7,,0.00,0,,262
1967-11-26,82,70,59,50,47,42,69,47,27,30.09,29.96,29.88,15,15,15,14,9,,0.00,0,,332
1967-11-27,62,54,45,46,43,40,90,74,44,30.34,30.26,30.13,15,11,7,17,13,,0.02,,Rain,37
1967-11-28,45,44,41,41,40,37,93,85,80,30.33,30.27,30.19,10,7,3,14,12,,0.00,,Fog,38
1967-11-29,61,51,41,57,46,35,96,88,79,30.16,29.98,29.78,10,6,0,14,10,,0.00,,Fog,110
1967-11-30,69,56,42,53,43,40,96,68,35,30.09,30.05,30.00,15,13,10,13,6,,0.00,0,,312
1967-12-1,75,60,46,68,55,41,84,80,71,30.08,29.98,29.86,15,10,3,15,6,,0.00,0,Fog,179
1967-12-2,71,62,50,68,39,26,90,49,30,30.29,30.09,29.87,15,13,8,23,15,,0.01,0,,348
1967-12-3,59,47,35,23,20,17,52,36,20,30.45,30.35,30.28,15,15,15,20,12,,0.00,0,,15
1967-12-4,64,50,36,44,33,24,67,54,33,30.28,30.20,30.12,15,15,15,12,6,,0.00,0,,203
1967-12-5,61,56,52,57,53,48,97,90,83,30.14,30.09,30.05,10,7,0,9,5,,0.06,,Fog-Rain,197
1967-12-6,73,62,50,59,56,50,100,84,59,30.07,30.03,29.97,15,8,0,10,5,,0.00,0,Fog,242
1967-12-7,62,58,50,58,47,37,100,73,44,30.09,30.01,29.97,10,8,3,17,7,,0.00,0,Fog,352
1967-12-8,64,54,45,59,53,41,100,90,80,29.96,29.84,29.74,10,7,0,10,5,,0.00,,Fog,210
1967-12-9,68,60,51,63,53,35,100,78,52,29.82,29.74,29.69,15,8,0,18,8,,0.00,0,Fog,2
1967-12-10,46,42,39,35,33,31,86,73,60,29.87,29.84,29.80,15,11,10,23,18,,0.01,,Rain,341
1967-12-11,60,48,35,35,31,25,79,58,35,29.80,29.74,29.70,15,14,10,18,11,,0.00,0,,281
1967-12-12,72,56,41,56,40,32,86,60,34,29.80,29.76,29.73,15,15,15,15,8,,0.00,0,,189
1967-12-13,72,60,46,64,55,41,93,86,76,30.11,29.94,29.82,10,10,7,20,10,,0.00,,Rain,95
1967-12-14,44,42,39,42,39,36,97,93,89,30.34,30.23,30.14,10,6,3,21,16,,0.02,,Fog-Rain,4
1967-12-15,39,38,37,35,35,34,93,89,86,30.33,30.29,30.24,15,9,5,17,16,,0.20,,Rain,4
1967-12-16,44,39,37,42,37,34,96,91,89,30.23,30.01,29.78,10,6,0,16,10,,0.01,,Fog-Rain,14
1967-12-17,54,48,43,51,46,42,100,94,86,29.87,29.76,29.67,10,4,0,10,7,,0.00,,Fog-Rain,178
1967-12-18,63,52,42,51,40,33,96,68,38,30.01,29.92,29.80,15,13,10,20,9,,0.00,0,Fog,61
1967-12-19,68,54,41,48,40,36,82,62,39,30.11,30.04,30.01,15,13,8,7,5,,0.00,0,,154
1967-12-20,71,66,60,67,63,59,97,92,81,29.99,29.91,29.84,7,3,0,13,8,,0.00,,Fog,187
1967-12-21,71,63,52,67,51,34,90,70,49,30.27,30.01,29.81,15,12,7,17,10,,0.02,,Rain,25
1967-12-22,48,40,33,31,21,14,70,49,33,30.74,30.60,30.37,15,15,15,22,17,,0.00,0,,15
1967-12-23,55,42,30,24,23,20,79,53,25,30.78,30.70,30.59,15,15,15,8,7,,0.00,0,,252
1967-12-24,55,44,33,29,26,24,75,52,31,30.55,30.39,30.21,15,15,15,14,7,,0.00,0,,197
1967-12-25,60,50,41,38,32,26,70,51,38,30.28,30.16,30.09,15,15,15,20,10,,0.00,0,,356
1967-12-26,48,38,28,30,22,19,69,50,35,30.32,30.21,30.07,15,15,15,12,9,,0.00,0,,56
1967-12-27,48,46,39,41,37,31,83,74,56,30.21,30.06,29.99,15,9,5,15,8,,0.00,,Fog-Rain,47
1967-12-28,48,42,37,31,30,29,73,66,50,30.24,30.21,30.15,15,14,10,14,10,,0.00,0,,79
1967-12-29,52,41,30,35,31,28,89,71,53,30.37,30.28,30.22,15,10,6,8,6,,0.00,0,,75
1967-12-30,46,44,42,42,38,33,97,81,63,30.21,30.09,29.99,10,7,1,9,7,,0.17,,Fog-Rain,82
1967-12-31,44,42,37,40,38,33,92,88,82,30.24,30.13,30.00,10,8,6,17,11,,0.01,,Fog-Rain,36
