
CST,Max TemperatureF,Mean TemperatureF,Min TemperatureF,Max Dew PointF,MeanDew PointF,Min DewpointF,Max Humidity, Mean Humidity, Min Humidity, Max Sea Level PressureIn, Mean Sea Level PressureIn, Min Sea Level PressureIn, Max VisibilityMiles, Mean VisibilityMiles, Min VisibilityMiles, Max Wind SpeedMPH, Mean Wind SpeedMPH, Max Gust SpeedMPH,PrecipitationIn, CloudCover, Events, WindDirDegrees
1989-1-1,71,56,42,51,41,31,77,57,32,30.12,30.06,30.01,20,17,10,9,4,,0.00,5,,172
1989-1-2,68,64,59,64,59,50,100,87,63,30.11,30.06,30.02,15,6,0,9,4,,0.00,7,Fog,161
1989-1-3,78,68,55,67,50,31,100,61,19,30.30,30.14,30.03,20,9,0,17,10,22,0.00,7,Fog,312
1989-1-4,66,57,48,55,41,34,78,54,42,30.33,30.23,30.09,20,17,10,12,8,,0.00,5,,75
1989-1-5,80,70,61,65,61,57,100,80,56,30.06,29.93,29.80,20,10,2,15,8,,0.00,6,Fog,198
1989-1-6,84,68,51,65,48,35,96,60,22,29.93,29.85,29.76,20,14,7,15,7,,0.00,2,,214
1989-1-7,79,71,62,68,51,26,93,59,21,30.06,29.84,29.72,20,11,4,17,12,23,0.00,7,Fog,251
1989-1-8,60,52,44,34,30,24,65,49,26,30.32,30.20,30.02,20,20,15,21,15,26,0.00,7,Rain,20
1989-1-9,45,42,39,41,36,28,96,80,58,30.41,30.33,30.30,20,11,4,16,11,24,0.07,8,Fog-Rain,15
1989-1-10,59,47,35,49,39,35,100,75,45,30.32,30.24,30.16,15,9,0,9,2,,0.00,7,Fog,138
1989-1-11,64,58,53,60,55,50,100,92,86,30.17,30.06,29.97,15,6,0,10,6,,0.02,8,Fog-Rain,177
1989-1-12,62,50,39,62,45,31,100,90,65,30.35,30.12,29.98,15,5,0,26,9,36,0.29,8,Fog-Rain,345
1989-1-13,41,38,36,36,34,28,96,87,60,30.41,30.34,30.28,15,8,2,23,17,32,0.45,8,Fog-Rain-Thunderstorm,358
1989-1-14,57,46,36,38,34,29,97,71,42,30.31,30.22,30.11,20,16,7,14,9,,0.00,4,,270
1989-1-15,73,53,33,39,34,30,96,60,22,30.32,30.18,30.11,20,20,20,23,7,32,0.00,1,,206
1989-1-16,54,46,37,38,35,28,86,69,48,30.46,30.37,30.30,20,15,7,15,11,23,0.00,3,,25
1989-1-17,60,50,41,48,43,37,89,75,53,30.31,30.22,30.14,15,8,7,12,4,,0.00,8,,148
1989-1-18,0,56,51,56,53,48,100,91,80,30.19,30.14,30.09,10,4,0,13,5,,0.00,8,Fog,33
1989-1-19,59,57,55,57,56,56,100,98,93,30.14,30.07,30.01,10,4,0,15,10,,0.49,8,Fog-Rain,28
1989-1-20,57,52,44,57,37,18,100,60,24,30.43,30.29,30.13,20,12,3,25,16,34,0.07,6,Fog-Rain,12
1989-1-21,55,46,36,26,22,18,53,42,29,30.48,30.37,30.27,20,20,20,15,10,,0.00,0,,24
1989-1-22,61,48,34,32,28,24,85,52,24,30.29,30.20,30.11,20,20,20,12,5,,0.00,2,,186
1989-1-23,64,54,44,55,47,31,96,78,52,30.13,30.07,30.01,20,11,5,16,6,,0.00,7,Fog-Rain,183
1989-1-24,0,64,55,65,59,54,100,87,64,30.11,30.03,29.96,10,7,2,18,6,,0.21,7,Fog-Rain,149
1989-1-25,72,68,64,67,65,64,97,91,81,30.03,29.99,29.94,10,8,7,18,12,25,0.03,8,Rain,158
1989-1-26,68,58,48,66,52,41,100,88,68,30.38,30.20,30.03,10,7,1,22,12,29,1.03,8,Fog-Rain,15
1989-1-27,55,50,46,56,45,39,100,86,69,30.35,30.20,30.07,15,4,0,17,11,,0.03,8,Fog-Rain,48
1989-1-28,66,60,53,65,57,52,100,95,87,30.06,30.00,29.94,20,8,0,17,11,,0.18,8,Fog-Rain,355
1989-1-29,53,50,48,52,48,46,100,91,83,30.19,30.10,30.04,10,6,0,20,12,26,0.92,8,Fog-Rain-Thunderstorm,14
1989-1-30,69,58,46,48,46,43,93,72,42,30.26,30.17,30.13,15,11,7,14,9,,0.00,6,,291
1989-1-31,75,60,44,53,49,42,97,68,42,30.13,30.01,29.91,15,13,10,18,6,25,0.00,4,,209
1989-2-1,72,64,57,66,61,54,97,88,70,29.99,29.93,29.87,15,8,2,15,9,22,0.00,6,Fog,196
1989-2-2,77,59,41,68,62,38,96,85,69,30.13,29.96,29.85,15,9,2,28,12,37,0.41,8,Fog-Rain-Thunderstorm,160
1989-2-3,39,32,23,36,22,12,89,72,59,30.53,30.42,30.15,15,14,10,26,20,37,0.00,6,,1
1989-2-4,23,21,19,19,12,8,96,69,57,30.56,30.47,30.40,15,11,4,20,17,28,0.00,7,Fog,9
1989-2-5,24,22,19,22,20,17,96,91,82,30.41,30.32,30.25,10,4,2,17,13,23,0.00,8,Fog,15
1989-2-6,26,22,19,16,13,10,85,68,51,30.49,30.43,30.37,20,13,6,24,18,32,0.00,7,Snow,9
1989-2-7,42,32,23,18,13,9,65,48,32,30.61,30.52,30.45,20,17,15,20,12,23,0.00,3,,17
1989-2-8,48,38,27,21,18,15,69,46,27,30.75,30.63,30.52,20,20,20,17,9,24,0.00,3,,14
1989-2-9,51,42,32,23,20,18,61,45,27,30.85,30.73,30.61,20,20,20,17,11,22,0.00,2,,44
1989-2-10,57,45,33,32,26,22,72,46,29,30.61,30.49,30.34,20,17,10,15,5,21,0.00,3,,160
1989-2-11,55,52,50,54,45,34,100,77,54,30.31,30.21,30.14,15,8,0,10,6,,0.00,8,Fog,151
1989-2-12,73,64,54,66,60,54,100,91,71,30.13,30.02,29.88,10,5,0,21,7,34,0.12,8,Fog-Rain,120
1989-2-13,75,70,66,67,65,64,97,83,71,29.95,29.84,29.77,10,10,4,21,13,36,0.00,8,Fog-Rain,165
1989-2-14,66,59,51,67,57,51,100,97,93,30.11,30.02,29.93,10,5,1,15,9,,0.01,8,Fog-Rain,40
1989-2-15,57,52,48,52,49,44,100,91,83,30.42,30.23,30.08,10,6,0,18,11,23,0.00,8,Fog-Rain,5
1989-2-16,48,46,45,46,45,44,97,94,89,30.51,30.44,30.41,10,6,1,18,13,25,0.01,8,Fog-Rain,14
1989-2-17,48,46,45,48,46,43,100,97,93,30.41,30.36,30.32,10,4,0,15,10,,0.25,8,Fog-Rain,14
1989-2-18,46,44,43,42,40,39,93,86,76,30.39,30.33,30.26,15,11,7,17,12,23,0.00,8,Rain,8
1989-2-19,53,48,43,49,44,40,100,88,71,30.25,30.08,29.91,10,5,1,14,7,,0.01,8,Fog,132
1989-2-20,75,62,50,57,52,47,100,79,46,29.88,29.78,29.66,20,8,0,23,7,30,0.02,6,Fog,190
1989-2-21,61,54,46,46,37,30,77,58,36,30.29,30.08,29.84,20,20,20,25,15,38,0.00,4,Rain,349
1989-2-22,61,52,42,34,30,25,67,47,25,30.54,30.43,30.30,20,20,20,15,9,,0.00,0,,358
1989-2-23,54,44,33,30,20,11,65,41,19,30.61,30.52,30.42,20,20,20,16,9,,0.00,0,,62
1989-2-24,59,48,36,49,31,22,83,54,36,30.46,30.39,30.33,20,14,10,16,7,,0.00,6,,128
1989-2-25,73,62,52,54,51,48,86,70,46,30.37,30.24,30.09,15,14,10,21,9,31,0.00,5,,163
1989-2-26,82,67,52,58,54,51,97,69,34,30.09,29.91,29.75,20,17,10,18,10,28,0.00,2,,185
1989-2-27,72,59,46,59,53,43,97,79,46,29.78,29.68,29.61,20,12,7,17,11,28,0.00,5,,333
1989-2-28,48,47,46,46,45,44,97,93,86,30.07,29.94,29.80,15,8,2,17,14,25,0.01,8,Fog,20
1989-3-1,54,50,46,50,48,46,100,92,83,30.14,30.06,29.98,10,5,1,14,9,,0.27,8,Fog-Rain-Thunderstorm,26
1989-3-2,63,56,50,56,52,49,100,90,75,29.99,29.88,29.71,10,6,1,13,6,,0.00,8,Fog,106
1989-3-3,71,64,57,65,61,56,100,93,75,29.70,29.60,29.50,8,3,0,17,11,,0.00,7,Fog,168
1989-3-4,69,48,28,66,38,18,100,81,59,30.14,29.80,29.53,20,9,2,30,17,41,0.13,8,Fog-Rain,352
1989-3-5,39,33,27,18,16,11,64,51,42,30.30,30.24,30.15,20,20,20,29,22,39,0.00,4,Snow,333
1989-3-6,48,38,28,19,16,9,66,43,29,30.32,30.25,30.17,20,15,15,18,13,28,0.00,1,,348
1989-3-7,57,42,27,30,22,16,72,50,26,30.34,30.26,30.18,15,15,15,14,9,18,0.00,0,,16
1989-3-8,63,48,33,33,31,28,85,57,32,30.41,30.34,30.30,15,15,10,10,7,,0.00,0,,90
1989-3-9,71,54,36,36,32,25,89,48,19,30.48,30.40,30.34,15,14,10,12,3,,0.00,0,,139
1989-3-10,78,60,42,35,31,26,76,37,15,30.38,30.31,30.24,20,16,6,15,5,23,0.00,0,,209
1989-3-11,82,64,46,45,39,31,80,43,16,30.24,30.16,30.07,20,17,10,18,8,26,0.00,0,,195
1989-3-12,84,66,48,56,48,44,90,56,24,30.10,30.02,29.92,20,19,15,17,8,26,0.00,0,,181
1989-3-13,89,72,54,62,56,51,100,70,28,29.95,29.85,29.70,20,12,0,18,10,24,0.00,3,Fog,180
1989-3-14,89,76,64,65,61,56,93,68,32,29.76,29.68,29.61,20,12,7,16,12,22,0.00,5,,177
1989-3-15,69,63,57,66,48,35,90,58,35,30.10,29.93,29.72,10,8,4,23,12,30,0.00,7,,28
1989-3-16,73,65,57,65,51,39,87,62,46,30.15,30.06,30.00,15,10,4,16,9,22,0.00,8,,93
1989-3-17,84,74,64,65,62,57,97,73,40,30.03,29.99,29.93,15,11,8,17,11,26,0.00,7,,176
1989-3-18,77,68,57,65,61,48,97,77,62,30.21,30.08,29.97,15,8,7,20,9,,0.00,8,,147
1989-3-19,75,66,57,65,58,49,90,79,64,30.19,30.06,29.86,15,9,3,18,9,25,0.00,8,Fog,96
1989-3-20,84,70,53,67,60,44,97,76,48,30.06,29.86,29.73,15,12,7,28,12,39,0.31,6,Rain-Thunderstorm,187
1989-3-21,52,44,37,43,36,31,93,78,66,30.27,30.19,30.05,15,9,0,25,20,37,0.45,8,Fog-Rain-Thunderstorm,345
1989-3-22,64,52,41,40,36,29,76,57,40,30.25,30.16,30.06,20,15,10,20,13,24,0.00,4,,5
1989-3-23,72,57,42,43,39,34,82,53,29,30.14,30.07,29.99,20,19,10,12,6,,0.00,0,,194
1989-3-24,77,62,48,57,51,44,86,69,46,30.09,30.02,29.95,20,18,15,14,7,26,0.00,6,,169
1989-3-25,75,68,60,66,62,57,97,87,69,30.03,29.99,29.91,20,8,0,16,6,23,0.00,8,Fog-Rain,154
1989-3-26,75,70,64,68,64,56,100,85,55,29.96,29.90,29.81,20,9,0,17,9,30,0.07,7,Fog-Rain-Thunderstorm,139
1989-3-27,75,72,69,69,68,67,100,88,76,29.87,29.82,29.76,10,7,2,17,12,29,0.01,8,Fog-Rain,142
1989-3-28,80,70,60,70,64,56,96,81,56,29.86,29.79,29.74,20,14,3,29,13,39,0.88,6,Rain-Thunderstorm,40
1989-3-29,82,70,57,61,53,47,96,60,30,29.83,29.79,29.76,20,20,20,16,8,21,0.00,2,,271
1989-3-30,86,73,60,58,49,41,78,44,22,30.04,29.84,29.74,20,20,20,24,11,34,0.00,0,,283
1989-3-31,69,60,51,49,44,41,77,57,39,30.29,30.17,30.05,20,19,15,20,12,31,0.00,0,,31
1989-4-1,77,64,50,59,48,42,84,58,36,30.17,30.05,29.93,20,18,10,23,8,33,0.00,0,,151
1989-4-2,84,74,64,68,64,60,93,77,46,29.94,29.87,29.79,15,10,7,15,12,24,0.00,5,Rain,175
1989-4-3,89,78,66,70,67,65,96,76,50,29.85,29.78,29.66,10,8,5,18,11,24,0.00,5,Fog,173
1989-4-4,78,71,63,70,55,41,100,61,32,30.12,29.90,29.74,20,12,4,28,11,34,0.00,4,Fog,9
1989-4-5,75,64,53,41,35,31,50,35,22,30.38,30.26,30.14,20,20,15,17,11,28,0.00,0,,30
1989-4-6,86,70,54,55,44,39,66,43,23,30.26,30.10,29.99,20,20,20,24,9,34,0.00,3,,197
1989-4-7,88,72,55,63,57,51,93,63,28,30.06,29.95,29.78,20,18,10,16,6,22,0.00,1,,158
1989-4-8,91,80,66,67,61,40,93,67,36,29.89,29.71,29.62,15,11,6,29,14,37,0.00,4,Fog,176
1989-4-9,64,60,55,46,41,36,64,52,37,30.12,29.95,29.87,15,13,10,18,15,30,0.00,7,,27
1989-4-10,55,52,48,41,33,27,59,46,37,30.40,30.31,30.15,20,13,10,25,16,34,0.00,7,,21
1989-4-11,62,52,41,33,29,24,62,42,31,30.41,30.29,30.12,20,20,20,12,10,,0.00,5,,100
1989-4-12,57,54,52,53,45,34,100,76,42,30.15,30.11,30.07,20,10,4,12,9,,0.14,8,Fog-Rain,79
1989-4-13,55,53,51,54,50,45,97,89,77,30.17,30.13,30.05,10,7,2,16,9,,0.13,8,Fog-Rain-Thunderstorm,32
1989-4-14,64,58,51,55,53,51,100,88,68,30.14,30.06,29.99,15,8,2,16,10,,0.63,8,Fog-Rain-Thunderstorm,359
1989-4-15,75,62,48,55,53,49,100,74,48,30.09,30.03,29.97,20,12,3,12,4,,0.00,2,Fog,49
1989-4-16,81,68,54,62,56,54,100,71,39,30.03,29.98,29.90,20,10,0,16,6,23,0.00,1,Fog,172
1989-4-17,82,73,64,68,64,62,97,78,53,30.03,29.97,29.90,15,11,3,14,11,21,0.00,5,Fog-Rain,166
1989-4-18,84,76,68,68,66,65,96,77,51,30.02,29.97,29.91,15,11,7,13,9,23,0.00,6,,167
1989-4-19,82,72,63,70,67,63,100,85,58,30.11,30.03,29.96,15,11,0,14,7,,1.25,5,Fog-Rain-Thunderstorm,56
1989-4-20,82,72,61,65,62,58,100,76,49,30.14,30.05,29.95,15,8,0,10,6,,0.00,2,Fog,76
1989-4-21,84,74,64,68,65,62,100,77,49,30.03,29.95,29.89,15,8,1,13,7,,0.00,4,Fog,162
1989-4-22,86,75,64,66,62,56,100,70,41,29.98,29.93,29.85,15,8,2,17,9,23,0.00,2,Fog,172
1989-4-23,84,74,64,64,62,59,97,71,41,29.94,29.89,29.81,15,10,7,18,11,25,0.00,4,,175
1989-4-24,84,74,64,65,62,58,100,73,46,29.95,29.90,29.84,15,9,2,16,9,23,0.00,6,Fog,168
1989-4-25,86,76,66,70,67,62,97,77,57,29.95,29.92,29.87,15,9,5,15,9,22,0.00,7,,166
1989-4-26,86,79,72,72,68,57,96,74,48,29.95,29.89,29.83,15,8,4,16,10,21,0.00,7,Fog,164
1989-4-27,84,76,69,70,68,65,97,79,55,29.91,29.83,29.74,15,9,5,14,10,,0.00,6,Fog,170
1989-4-28,84,76,68,72,66,53,100,75,40,29.81,29.75,29.70,20,11,1,17,8,,0.00,7,Fog-Rain-Thunderstorm,187
1989-4-29,86,73,60,69,62,55,96,72,55,29.93,29.82,29.75,20,11,7,34,6,51,0.28,5,Rain-Thunderstorm,175
1989-4-30,82,72,62,64,62,60,97,74,47,29.99,29.92,29.85,15,12,10,14,9,20,0.00,5,,44
1989-5-1,82,73,64,65,60,58,90,67,44,30.13,30.06,29.94,15,14,10,14,8,,0.05,5,,31
1989-5-2,84,72,61,64,61,57,87,68,51,30.16,30.04,29.88,15,14,10,15,7,25,0.00,3,,127
1989-5-3,80,74,69,72,69,64,97,87,76,30.01,29.92,29.84,15,10,3,14,10,21,0.03,7,Fog-Rain,119
1989-5-4,89,80,72,74,72,70,97,80,59,29.89,29.78,29.67,10,9,4,16,11,24,0.01,6,Fog-Rain,167
1989-5-5,82,73,64,74,64,60,100,81,46,30.07,29.96,29.70,20,13,7,18,12,29,1.43,5,Rain-Thunderstorm,11
1989-5-6,86,74,62,62,60,57,90,63,40,30.18,30.11,30.06,15,14,10,10,5,,0.00,1,,126
1989-5-7,84,75,66,72,69,62,100,83,65,30.18,30.07,29.95,15,8,0,16,7,,0.00,6,Fog,147
1989-5-8,89,79,69,71,69,67,100,76,51,29.99,29.88,29.72,15,11,4,20,11,26,0.00,2,Fog,172
1989-5-9,90,81,72,74,71,70,97,79,52,29.88,29.79,29.73,15,9,7,15,12,24,0.00,6,,158
1989-5-10,77,68,60,73,61,57,93,82,70,30.11,30.02,29.90,20,8,4,20,11,33,1.08,7,Fog-Rain-Thunderstorm,21
1989-5-11,75,68,62,63,61,58,93,79,66,30.12,30.03,29.96,8,7,7,13,8,,0.00,7,,76
1989-5-12,80,72,64,71,66,64,100,87,64,29.97,29.87,29.75,10,7,4,14,8,,0.05,7,Fog-Rain-Thunderstorm,139
1989-5-13,84,74,63,72,69,62,100,91,67,29.83,29.77,29.65,10,7,0,25,9,41,1.43,7,Rain-Thunderstorm,118
1989-5-14,84,73,62,74,68,62,100,89,69,29.88,29.81,29.75,10,7,3,14,5,,0.00,6,Fog,78
1989-5-15,84,74,64,74,71,64,100,85,65,29.92,29.85,29.77,10,8,1,32,9,48,1.07,7,Rain-Thunderstorm,114
1989-5-16,82,78,73,76,74,73,100,88,74,29.81,29.73,29.65,10,9,5,17,11,25,0.00,8,Fog-Rain,144
1989-5-17,88,78,69,75,73,68,100,86,51,29.73,29.67,29.62,20,11,1,16,10,34,1.75,5,Fog-Rain-Thunderstorm,144
1989-5-18,95,83,71,75,64,51,100,65,25,29.83,29.79,29.73,20,13,5,12,5,,0.00,2,Fog,201
1989-5-19,91,82,72,77,74,72,100,82,59,29.92,29.85,29.78,15,7,1,15,10,21,0.00,4,Fog,168
1989-5-20,93,84,73,77,74,63,94,76,54,30.04,29.90,29.83,15,8,5,29,10,46,0.04,6,Rain-Thunderstorm,167
1989-5-21,91,78,66,74,70,63,93,75,54,29.99,29.91,29.84,15,12,10,16,9,24,0.00,5,,159
1989-5-22,91,82,73,76,73,71,97,78,57,29.91,29.82,29.76,15,10,7,18,12,25,0.00,5,,175
1989-5-23,91,82,73,75,74,72,100,78,53,29.92,29.86,29.79,10,9,3,14,8,20,0.00,3,Fog,144
1989-5-24,93,83,73,76,73,71,100,76,52,29.85,29.77,29.67,10,10,5,21,12,28,0.00,3,Fog,174
1989-5-25,93,83,73,76,73,70,97,74,47,29.75,29.72,29.66,15,11,8,21,14,31,0.00,3,,176
1989-5-26,93,84,75,74,73,71,91,73,52,30.01,29.85,29.76,15,12,10,17,12,29,0.00,3,,165
1989-5-27,91,83,75,75,74,71,100,77,52,30.17,30.09,30.02,15,10,4,13,7,18,0.00,4,Fog,148
1989-5-28,93,82,72,74,69,60,100,70,33,30.18,30.10,30.00,15,11,5,18,9,25,0.00,4,Fog,160
1989-5-29,91,80,69,71,68,63,100,70,44,30.09,30.01,29.91,15,12,4,17,8,25,0.00,6,Fog,161
1989-5-30,91,82,73,73,69,65,97,73,42,30.00,29.95,29.88,15,9,4,16,10,25,0.00,7,Fog,160
1989-5-31,93,82,72,74,70,65,100,72,39,30.04,29.99,29.95,15,10,2,16,9,26,0.00,6,Fog,154
1989-6-1,93,83,73,74,70,64,97,70,38,30.09,30.04,29.98,15,11,5,13,8,,0.00,4,Fog,152
1989-6-2,93,83,73,74,71,66,100,70,41,30.09,30.03,29.88,15,10,5,13,8,,0.00,5,Fog,158
1989-6-3,93,84,75,74,72,69,94,71,47,29.99,29.88,29.74,15,14,7,17,11,25,0.00,6,,162
1989-6-4,91,83,75,73,71,68,90,69,48,29.88,29.81,29.75,15,12,7,15,11,23,0.00,7,,161
1989-6-5,93,84,75,74,72,69,96,69,48,29.96,29.90,29.85,15,10,7,14,7,,0.00,5,,81
1989-6-6,93,82,71,73,69,66,87,66,44,29.94,29.85,29.68,15,13,10,13,9,17,0.00,5,,99
1989-6-7,99,88,77,76,73,64,93,69,39,29.75,29.63,29.48,15,10,10,28,13,44,0.00,6,Rain,178
1989-6-8,91,80,70,66,64,62,84,59,37,29.85,29.78,29.72,20,17,15,16,8,23,0.00,1,,3
1989-6-9,90,79,68,71,67,64,90,70,48,30.02,29.89,29.85,20,11,7,14,8,21,0.00,5,,75
1989-6-10,93,84,75,78,73,65,94,76,54,30.00,29.94,29.83,10,8,5,25,9,34,0.00,6,Fog,121
1989-6-11,93,80,68,77,71,67,96,76,51,30.04,29.93,29.85,15,12,3,17,11,26,1.12,5,Rain-Thunderstorm,160
1989-6-12,91,84,77,76,74,72,90,74,53,29.93,29.86,29.77,15,10,8,15,11,24,0.00,6,Rain,162
1989-6-13,93,84,70,76,72,66,94,72,47,29.95,29.83,29.71,15,10,1,29,13,36,0.00,5,Rain-Thunderstorm,148
1989-6-14,80,73,66,70,68,66,100,89,69,30.00,29.92,29.85,20,10,4,17,8,,0.86,7,Rain-Thunderstorm,44
1989-6-15,84,75,66,67,58,50,93,60,34,30.09,30.04,30.00,20,18,15,18,10,28,0.00,1,,359
1989-6-16,84,72,61,64,57,52,87,60,39,30.09,30.03,29.95,20,20,20,9,6,,0.00,0,,122
1989-6-17,87,75,63,66,63,60,97,66,44,30.04,29.99,29.94,20,20,20,16,8,,0.00,0,,164
1989-6-18,91,82,73,75,72,66,100,75,50,30.10,30.03,29.99,20,11,3,13,8,,0.00,5,Fog,159
1989-6-19,93,84,75,76,74,71,100,75,49,30.06,30.00,29.94,15,13,7,12,6,,0.00,2,,158
1989-6-20,95,84,72,73,71,67,100,67,40,29.98,29.92,29.83,15,13,7,9,3,,0.00,0,,167
1989-6-21,91,82,73,73,70,65,97,71,41,29.92,29.88,29.81,20,15,4,17,8,,0.00,3,Fog,163
1989-6-22,90,82,73,74,72,70,100,75,53,29.95,29.90,29.83,15,12,7,16,9,23,0.00,5,,156
1989-6-23,88,80,72,73,72,69,100,78,57,29.96,29.92,29.88,15,14,10,15,8,20,0.00,7,,95
1989-6-24,82,78,73,75,72,70,97,87,69,29.95,29.92,29.88,15,13,4,15,11,23,0.05,8,Fog-Rain,57
1989-6-25,84,78,73,73,72,70,96,82,65,29.94,29.89,29.84,15,15,15,16,10,23,0.00,7,Rain,45
1989-6-26,84,78,73,76,73,72,97,86,69,29.87,29.78,29.73,15,10,5,18,12,28,0.07,7,Fog-Rain,25
1989-6-27,91,83,75,72,70,68,87,70,45,29.84,29.77,29.72,15,12,7,18,12,26,0.00,5,Rain,353
1989-6-28,91,82,73,72,70,69,87,68,50,29.93,29.85,29.81,15,13,10,17,10,24,0.00,3,,357
1989-6-29,90,82,75,73,70,68,87,70,52,29.92,29.88,29.85,15,11,10,23,14,32,0.00,4,,6
1989-6-30,90,82,75,75,71,69,91,75,50,29.93,29.89,29.86,10,10,6,13,11,20,0.00,7,Rain,344
1989-7-1,97,86,75,75,73,71,94,71,43,29.93,29.87,29.79,20,14,8,12,7,,0.00,3,,183
1989-7-2,97,86,75,78,74,71,97,72,43,29.90,29.82,29.73,15,12,7,17,11,23,0.00,2,,167
1989-7-3,95,83,71,78,73,68,96,73,44,29.94,29.89,29.84,15,14,8,16,10,25,0.02,6,Rain-Thunderstorm,125
1989-7-4,97,87,77,77,73,66,96,68,36,30.01,29.95,29.90,15,10,10,14,6,20,0.00,2,,29
1989-7-5,98,86,75,72,68,63,85,58,34,30.02,29.97,29.91,10,7,5,14,6,,0.00,1,,23
1989-7-6,99,88,77,73,68,61,82,56,30,30.06,30.01,29.98,8,7,5,14,6,,0.00,1,,28
1989-7-7,96,84,73,76,73,66,96,73,37,30.13,30.07,29.99,10,8,5,17,7,25,0.06,3,Rain-Thunderstorm,126
1989-7-8,97,85,73,76,72,67,100,71,40,30.09,30.04,29.96,15,10,5,14,6,,0.00,2,Fog,145
1989-7-9,96,86,75,75,72,66,96,68,38,30.05,29.99,29.90,20,15,10,17,9,25,0.00,3,,155
1989-7-10,95,85,75,76,72,67,100,70,40,30.06,30.02,29.96,20,12,5,15,8,23,0.00,4,Fog,139
1989-7-11,93,84,75,75,72,67,94,69,41,30.11,30.05,30.01,15,14,10,15,8,24,0.00,4,,155
1989-7-12,98,86,75,75,71,66,96,65,35,30.12,30.06,29.98,15,14,10,14,10,20,0.00,3,,175
1989-7-13,97,86,75,75,69,62,91,60,33,30.01,29.96,29.87,15,14,10,13,8,,0.00,6,,179
1989-7-14,102,88,75,74,71,68,87,61,33,29.92,29.88,29.82,15,9,7,10,7,,0.00,6,Rain,165
1989-7-15,100,89,78,73,69,59,84,58,25,29.98,29.92,29.87,15,12,8,16,10,,0.00,5,,174
1989-7-16,102,88,75,75,70,61,96,61,28,30.01,29.95,29.88,15,12,7,14,9,,0.00,1,,174
1989-7-17,100,88,77,75,73,67,94,65,33,29.99,29.92,29.80,15,11,7,16,9,21,0.00,4,,176
1989-7-18,102,90,77,76,70,61,94,62,27,29.97,29.89,29.80,15,11,10,16,12,24,0.00,3,,174
1989-7-19,100,88,77,75,70,61,94,60,33,29.99,29.93,29.86,10,9,7,16,11,25,0.00,6,,207
1989-7-20,97,85,73,62,58,51,62,42,21,30.01,29.93,29.84,20,17,15,15,9,25,0.00,1,,8
1989-7-21,96,84,72,59,55,50,61,40,22,29.98,29.94,29.88,15,15,15,10,5,21,0.00,1,,357
1989-7-22,96,83,70,65,59,55,73,46,25,30.04,29.99,29.94,15,15,15,15,6,,0.00,2,,149
1989-7-23,96,84,72,69,65,60,84,59,32,30.06,30.03,30.01,15,11,6,15,6,22,0.00,3,,101
1989-7-24,91,82,72,72,68,63,90,72,39,30.10,30.06,29.99,10,9,7,17,6,25,0.00,7,,70
1989-7-25,90,79,68,72,67,62,93,75,40,30.14,30.10,30.06,15,12,7,12,6,,0.01,4,Rain,104
1989-7-26,90,80,71,72,70,68,97,77,50,30.18,30.12,30.06,15,10,7,16,7,,0.00,6,,51
1989-7-27,90,82,73,73,72,69,97,80,54,30.18,30.13,30.06,15,11,7,12,6,,0.00,6,Rain,126
1989-7-28,96,84,72,73,70,66,97,67,38,30.12,30.05,29.94,15,12,10,12,5,,0.00,2,,158
1989-7-29,98,86,73,73,69,65,93,61,35,30.04,29.98,29.89,15,14,8,15,7,23,0.00,1,,161
1989-7-30,99,87,75,74,70,65,94,64,33,30.02,29.96,29.87,15,10,5,13,8,,0.00,2,Fog,162
1989-7-31,100,88,75,74,70,63,96,63,31,29.99,29.93,29.85,15,11,7,15,5,18,0.00,2,,137
1989-8-1,87,82,77,76,72,69,94,76,55,29.90,29.84,29.76,15,9,4,20,9,28,0.18,8,Fog-Rain,343
1989-8-2,96,84,73,76,73,69,100,77,43,29.96,29.90,29.81,15,11,2,18,11,25,0.41,7,Fog-Rain,175
1989-8-3,96,86,77,76,72,67,96,69,40,30.01,29.97,29.90,15,11,5,16,11,24,0.00,4,Fog,170
1989-8-4,98,86,75,76,72,64,97,67,33,29.99,29.94,29.84,15,12,5,16,10,23,0.00,4,Fog,163
1989-8-5,98,86,75,75,72,66,94,65,36,29.98,29.92,29.83,20,15,7,17,10,26,0.00,3,,177
1989-8-6,99,87,75,75,71,65,97,65,34,29.96,29.90,29.78,20,14,7,15,9,22,0.00,2,,168
1989-8-7,86,80,75,74,72,70,94,74,61,29.98,29.92,29.87,20,14,10,16,9,21,0.00,6,Rain,86
1989-8-8,89,80,71,71,64,60,93,65,38,30.05,30.00,29.97,20,12,7,17,12,26,0.00,6,Rain,24
1989-8-9,88,77,66,64,59,53,84,56,32,30.12,30.06,30.00,15,10,5,13,8,,0.00,2,,50
1989-8-10,89,78,66,63,61,57,81,58,39,30.13,30.07,30.01,10,8,5,15,5,,0.00,3,,115
1989-8-11,91,80,69,65,61,55,84,56,29,30.10,30.04,29.97,10,8,6,13,5,,0.00,3,,100
1989-8-12,93,81,69,65,61,56,81,55,30,30.07,30.01,29.94,10,7,5,13,5,,0.00,3,,73
1989-8-13,91,78,66,67,62,60,84,56,35,30.01,29.96,29.90,10,9,3,13,5,,0.00,5,,119
1989-8-14,90,80,70,72,68,62,97,68,39,30.02,29.96,29.90,15,10,5,13,6,,0.00,6,Fog,127
1989-8-15,93,84,75,73,70,64,90,71,37,29.98,29.93,29.85,15,11,7,16,6,25,0.30,5,Rain,143
1989-8-16,96,84,72,74,70,65,97,70,37,29.96,29.90,29.83,15,13,10,12,6,,0.00,5,,148
1989-8-17,96,84,73,75,71,64,97,68,36,30.02,29.95,29.90,15,11,7,12,7,21,0.00,4,,154
1989-8-18,93,83,73,76,73,70,97,74,46,30.11,30.03,29.98,15,14,10,13,6,18,0.00,4,Rain,149
1989-8-19,97,85,73,74,70,66,97,66,36,30.05,29.97,29.84,15,13,10,16,8,25,0.00,3,,183
1989-8-20,99,87,75,75,71,67,97,65,35,29.97,29.90,29.79,15,14,10,16,10,20,0.00,4,,175
1989-8-21,98,86,73,75,71,65,97,66,35,29.98,29.90,29.80,20,15,10,15,9,,0.00,4,,165
1989-8-22,100,88,75,75,70,63,97,62,30,29.99,29.91,29.82,15,12,7,15,9,,0.00,3,,173
1989-8-23,100,88,75,74,70,65,91,61,31,29.96,29.90,29.81,20,16,10,15,8,,0.00,1,,175
1989-8-24,98,86,73,76,74,68,100,77,37,29.99,29.90,29.79,20,12,0,23,9,40,1.83,4,Rain-Thunderstorm,179
1989-8-25,99,87,75,77,73,68,100,72,36,29.96,29.90,29.81,20,14,5,14,7,,0.00,3,Fog-Rain-Thunderstorm,164
1989-8-26,99,87,75,77,72,68,94,66,37,29.99,29.94,29.85,20,15,7,13,7,,0.00,3,,156
1989-8-27,98,88,77,78,74,69,96,69,42,30.03,29.97,29.88,20,14,10,15,6,,0.00,4,,154
1989-8-28,98,86,75,77,72,65,97,66,35,30.05,29.97,29.87,20,14,8,12,7,,0.00,3,,172
1989-8-29,97,87,77,76,73,68,96,68,40,30.01,29.95,29.88,20,16,10,13,8,,0.00,2,,164
1989-8-30,99,88,77,76,72,67,96,66,35,29.98,29.92,29.82,20,15,10,16,6,26,0.00,3,,180
1989-8-31,98,88,79,77,73,68,94,66,37,29.97,29.90,29.80,20,16,10,15,9,18,0.00,3,,177
1989-9-1,99,88,77,77,73,67,96,65,36,29.99,29.91,29.83,20,14,10,14,10,21,0.00,2,,173
1989-9-2,100,89,78,78,73,66,96,63,34,30.03,29.96,29.90,15,15,10,12,8,,0.00,3,,158
1989-9-3,102,88,75,74,69,60,91,56,25,30.02,29.95,29.86,15,15,15,13,7,,0.00,1,,176
1989-9-4,99,89,79,73,70,68,76,56,36,29.97,29.93,29.86,15,11,8,13,6,,0.00,2,,139
1989-9-5,100,90,79,75,69,61,88,56,28,30.01,29.95,29.88,10,9,7,13,6,,0.00,1,,118
1989-9-6,96,86,77,77,72,66,88,66,46,29.98,29.93,29.86,15,12,7,17,7,25,0.00,6,,122
1989-9-7,96,86,75,76,73,68,100,73,41,29.99,29.93,29.84,20,14,7,15,7,23,0.02,4,Rain,159
1989-9-8,97,86,75,76,72,67,97,70,37,29.97,29.89,29.77,20,15,7,16,8,21,0.00,4,,173
1989-9-9,99,87,75,76,70,63,97,64,32,29.89,29.84,29.76,20,12,7,15,10,22,0.00,4,,172
1989-9-10,98,88,79,77,73,68,90,69,37,29.95,29.88,29.81,15,12,7,17,8,23,0.00,6,,140
1989-9-11,96,86,77,76,74,70,96,74,46,29.98,29.92,29.87,15,13,10,17,6,28,0.00,7,Rain,104
1989-9-12,97,85,73,73,71,69,97,71,40,30.02,29.96,29.86,15,12,10,16,8,,0.00,4,,93
1989-9-13,89,76,64,77,71,59,97,85,59,30.09,29.97,29.92,15,11,2,25,10,38,0.25,6,Rain-Thunderstorm,54
1989-9-14,77,69,61,59,56,54,90,70,47,30.17,30.10,30.02,15,13,10,20,15,23,0.00,6,,355
1989-9-15,86,73,60,56,54,50,86,58,29,30.14,30.07,29.99,15,15,10,15,8,23,0.00,1,,11
1989-9-16,89,73,57,59,55,49,93,59,27,30.10,30.04,29.98,20,17,10,8,4,16,0.00,0,,85
1989-9-17,91,76,60,62,55,49,90,52,25,30.09,30.02,29.97,20,18,10,10,3,,0.00,0,,119
1989-9-18,93,78,62,62,57,53,90,54,29,30.04,29.97,29.89,20,16,10,12,5,,0.00,0,,77
1989-9-19,91,77,63,61,56,49,87,54,24,30.01,29.95,29.89,20,13,10,10,6,,0.00,0,,64
1989-9-20,91,78,64,64,61,56,90,57,34,30.00,29.95,29.88,10,10,8,13,5,18,0.00,2,,81
1989-9-21,91,78,66,65,60,56,90,57,31,29.97,29.92,29.85,10,9,8,14,6,18,0.00,0,,61
1989-9-22,89,79,69,62,55,43,68,48,25,30.01,29.94,29.91,20,11,7,18,8,29,0.00,2,,345
1989-9-23,77,72,64,53,47,40,55,44,36,30.16,30.08,30.01,20,15,10,23,13,37,0.00,2,,355
1989-9-24,77,66,55,44,41,39,57,43,28,30.18,30.11,30.02,20,18,15,17,12,18,0.00,0,,12
1989-9-25,81,67,53,41,38,33,64,38,19,30.11,30.05,29.99,20,20,20,15,9,21,0.00,0,,5
1989-9-26,84,70,57,46,41,38,56,37,20,30.17,30.11,30.07,20,20,20,15,11,22,0.00,0,,14
1989-9-27,84,72,60,50,46,41,60,41,26,30.22,30.16,30.09,20,20,20,14,10,21,0.00,0,,18
1989-9-28,86,74,61,50,46,43,60,41,23,30.20,30.13,30.05,20,20,20,16,8,21,0.00,0,,21
1989-9-29,87,74,61,62,54,46,78,54,31,30.12,30.07,29.99,20,17,15,13,7,18,0.00,0,,1
1989-9-30,89,76,64,63,60,57,93,65,36,30.10,30.00,29.91,15,10,3,12,7,,0.00,2,Fog,20
1989-10-1,97,78,60,60,57,51,96,54,23,29.92,29.86,29.77,15,14,10,12,3,,0.00,0,,192
1989-10-2,97,80,63,61,56,51,87,50,21,30.01,29.93,29.86,15,14,10,13,7,23,0.00,0,,161
1989-10-3,89,76,64,69,64,62,100,67,40,30.09,30.03,29.99,15,13,7,10,6,,0.00,2,,162
1989-10-4,86,80,73,74,69,58,93,73,40,30.09,30.02,29.95,15,13,10,13,4,,0.02,7,,105
1989-10-5,89,79,69,73,70,68,100,80,50,30.00,29.93,29.85,10,6,0,13,7,,0.00,4,Fog,149
1989-10-6,93,84,75,74,71,67,94,75,42,30.05,29.95,29.87,15,10,3,16,8,22,0.00,6,Fog-Rain-Thunderstorm,168
1989-10-7,77,70,63,69,64,60,100,85,60,30.15,30.07,30.01,15,12,4,16,11,25,0.80,7,Fog-Rain-Thunderstorm,4
1989-10-8,81,70,59,60,52,44,93,61,28,30.19,30.12,30.05,20,17,10,15,8,,0.00,1,,24
1989-10-9,82,68,55,51,47,40,84,49,22,30.17,30.09,30.03,20,19,15,9,4,,0.00,1,,142
1989-10-10,90,74,57,54,50,45,81,49,21,30.13,30.07,30.01,20,16,15,8,4,,0.00,0,,228
1989-10-11,93,76,59,58,51,43,87,46,19,30.09,30.03,29.96,20,17,15,13,6,18,0.00,0,,212
1989-10-12,91,75,59,58,53,48,93,52,23,30.10,30.04,30.00,20,16,10,12,6,,0.00,0,,164
1989-10-13,88,76,63,69,62,52,90,66,43,30.14,30.07,30.01,20,13,7,9,4,,0.00,1,,163
1989-10-14,91,78,66,67,63,55,93,62,30,30.05,29.98,29.89,15,14,10,8,4,,0.00,1,,180
1989-10-15,90,76,63,69,63,56,97,65,31,29.91,29.81,29.71,15,12,7,9,4,,0.00,1,,151
1989-10-16,91,78,64,69,64,58,97,64,35,29.93,29.80,29.73,15,13,8,16,4,24,0.00,1,,204
1989-10-17,73,64,55,54,46,43,69,53,41,30.26,30.13,29.96,15,15,15,17,15,30,0.00,4,,9
1989-10-18,64,58,52,46,39,27,80,53,27,30.47,30.36,30.27,20,16,10,20,15,31,0.00,5,Rain,5
1989-10-19,63,52,42,28,26,24,53,38,23,30.58,30.49,30.39,20,17,15,20,12,29,0.00,0,,350
1989-10-20,79,60,42,31,28,26,58,34,15,30.42,30.30,30.15,20,17,15,12,6,,0.00,1,,210
1989-10-21,79,67,55,53,41,28,63,40,27,30.17,30.11,30.04,20,18,15,21,11,31,0.00,3,,202
1989-10-22,84,70,57,60,56,53,87,62,38,30.15,30.09,30.04,20,18,15,21,10,23,0.00,3,,187
1989-10-23,86,74,61,67,63,60,100,73,46,30.19,30.13,30.08,20,14,7,15,8,23,0.00,2,,178
1989-10-24,84,73,62,67,62,60,100,74,44,30.24,30.16,30.10,15,12,5,12,7,18,0.00,4,Fog,160
1989-10-25,82,73,64,67,63,59,100,78,46,30.25,30.17,30.09,15,8,0,12,6,,41111.11,5,Fog,141
1989-10-26,84,76,68,68,65,60,96,77,44,30.17,30.09,30.01,15,11,5,14,8,21,0.13,6,Fog-Rain,149
1989-10-27,82,73,64,66,63,56,100,74,42,30.17,30.10,30.02,15,10,3,13,8,,0.00,6,Fog,141
1989-10-28,81,74,66,68,65,60,97,78,49,30.16,30.05,29.96,15,11,5,17,8,24,0.18,7,Fog-Rain,167
1989-10-29,79,72,64,68,66,62,100,85,64,30.05,29.99,29.91,15,12,7,13,8,,0.06,7,Rain,149
1989-10-30,71,63,54,69,57,38,100,83,46,30.20,30.03,29.90,15,8,1,20,10,32,1.01,7,Fog-Rain-Thunderstorm,14
1989-10-31,64,54,45,47,40,35,76,58,35,30.26,30.18,30.11,20,15,15,13,6,,0.00,5,,28
1989-11-1,75,63,51,49,46,41,89,59,29,30.19,30.09,30.02,15,15,15,18,5,28,0.00,3,,56
1989-11-2,64,55,46,43,36,33,68,53,35,30.36,30.29,30.21,20,17,15,20,14,30,0.00,0,,352
1989-11-3,66,54,41,38,31,24,65,45,20,30.32,30.21,30.09,20,17,15,13,7,,0.00,2,,93
1989-11-4,78,62,46,65,52,39,93,71,52,30.08,29.98,29.89,15,11,7,17,5,25,0.00,2,,177
1989-11-5,81,75,69,69,68,66,93,81,62,29.98,29.91,29.87,10,9,7,15,10,20,0.00,7,Rain,189
1989-11-6,86,77,68,71,69,65,100,82,49,30.00,29.91,29.83,15,9,2,16,7,23,0.00,5,Fog,190
1989-11-7,84,78,71,73,71,69,100,85,61,29.86,29.77,29.67,15,10,5,14,8,,0.00,7,Fog,208
1989-11-8,88,77,64,73,53,32,100,55,14,29.96,29.76,29.70,20,12,4,18,8,28,0.00,3,Fog,260
1989-11-9,78,65,52,36,33,30,49,33,18,30.10,30.02,29.97,20,20,20,14,9,,0.00,0,,277
1989-11-10,82,64,46,48,39,34,86,42,18,30.11,30.04,30.01,20,20,15,10,5,,0.00,0,,209
1989-11-11,81,66,52,64,51,40,100,64,36,30.16,30.09,30.02,20,11,0,10,4,,0.00,3,Fog,197
1989-11-12,82,70,57,65,61,55,100,78,49,30.17,30.09,29.99,15,9,0,14,4,,0.00,4,Fog,154
1989-11-13,77,70,64,66,64,61,97,86,58,30.06,29.97,29.90,20,13,5,16,8,23,0.13,6,Rain-Thunderstorm,182
1989-11-14,87,78,69,71,69,67,97,81,53,29.92,29.83,29.72,15,11,6,14,9,,0.00,4,Fog,194
1989-11-15,73,64,54,72,47,25,97,56,21,30.26,29.96,29.74,20,13,5,23,12,34,0.00,5,Fog,322
1989-11-16,60,52,44,27,24,20,49,36,23,30.40,30.28,30.17,20,20,20,16,10,20,0.00,2,,43
1989-11-17,57,50,42,49,36,25,96,61,44,30.15,30.10,30.04,20,15,5,13,6,23,0.00,8,Fog-Rain,102
1989-11-18,55,52,48,53,51,48,100,98,93,30.31,30.22,30.14,10,4,0,12,8,,0.02,8,Fog-Rain,30
1989-11-19,60,56,52,59,54,48,97,91,80,30.35,30.28,30.25,7,6,1,10,7,,0.06,8,Fog-Rain,21
1989-11-20,78,69,60,66,62,59,100,86,58,30.24,30.15,30.05,15,7,0,7,4,,0.06,7,Fog-Rain,258
1989-11-21,78,68,57,65,62,57,100,87,60,30.03,29.91,29.77,15,7,0,15,4,,0.00,5,Fog,187
1989-11-22,73,62,51,66,55,32,100,81,48,30.27,29.89,29.73,15,8,0,32,10,46,0.86,6,Fog-Rain-Thunderstorm,303
1989-11-23,55,47,39,36,29,24,79,51,37,30.41,30.30,30.21,20,19,15,14,10,21,0.00,0,,31
1989-11-24,66,51,36,54,43,33,93,74,52,30.19,30.06,29.94,20,15,7,15,6,,0.00,4,,184
1989-11-25,73,64,55,65,61,54,100,90,73,29.93,29.89,29.83,10,9,5,15,6,21,0.00,7,Fog,191
1989-11-26,82,70,59,65,60,54,100,77,38,29.98,29.90,29.83,20,9,0,10,6,,0.00,3,Fog,223
1989-11-27,82,72,63,64,56,32,100,67,30,30.03,29.88,29.82,20,9,0,14,9,20,0.00,5,Fog,234
1989-11-28,62,54,46,32,28,25,48,39,32,30.44,30.24,30.05,20,16,15,22,16,31,0.00,4,,18
1989-11-29,55,50,45,25,18,13,46,31,23,30.56,30.49,30.43,20,16,10,17,13,25,0.00,8,Rain,24
1989-11-30,48,45,42,40,35,22,89,72,36,30.54,30.45,30.38,20,12,7,8,6,,0.13,8,Rain,354
1989-12-1,48,45,42,42,38,34,96,76,58,30.39,30.35,30.31,15,13,10,6,1,,0.00,8,Rain,97
1989-12-2,55,50,45,46,42,32,93,73,43,30.48,30.39,30.34,15,12,7,15,6,,0.03,8,Rain,353
1989-12-3,57,50,41,31,21,13,67,34,18,30.60,30.49,30.39,20,18,15,17,13,23,0.00,4,,17
1989-12-4,68,50,32,33,29,23,92,50,18,30.38,30.19,30.06,20,18,15,14,5,17,0.00,1,,214
1989-12-5,70,54,39,51,43,31,81,62,47,30.06,29.94,29.84,20,20,20,14,6,21,0.00,0,,200
1989-12-6,80,66,52,61,57,51,100,77,43,29.84,29.79,29.70,20,10,0,10,7,,0.00,3,Fog,195
1989-12-7,62,52,42,50,42,36,86,65,51,30.19,29.97,29.80,15,12,7,25,13,34,0.03,7,Rain,353
1989-12-8,53,45,37,36,31,28,79,63,45,30.35,30.28,30.19,20,16,10,23,17,34,0.00,5,,344
1989-12-9,62,46,30,33,32,29,96,62,34,30.30,30.13,30.01,20,18,10,16,7,,0.00,0,,205
1989-12-10,73,56,39,49,37,32,77,55,26,30.00,29.88,29.77,20,18,10,17,9,26,0.00,1,,197
1989-12-11,54,44,33,50,28,14,86,58,42,30.25,30.05,29.80,20,12,7,21,15,34,0.00,4,,357
1989-12-12,46,36,27,18,9,4,66,37,19,30.33,30.26,30.19,20,18,7,21,15,33,0.00,3,Snow,347
1989-12-13,60,40,21,22,20,16,82,49,20,30.29,30.23,30.18,20,20,15,12,5,,0.00,0,,195
1989-12-14,64,46,28,44,33,21,78,58,35,30.22,30.09,29.97,20,20,20,18,5,25,0.00,0,,189
1989-12-15,52,38,23,41,21,-5,100,56,26,30.35,30.10,29.91,20,18,10,24,10,38,0.00,0,,16
1989-12-16,32,24,16,1,-1,-6,45,34,26,30.43,30.34,30.24,20,17,15,16,13,23,0.00,5,,14
1989-12-17,36,32,28,20,8,1,59,39,26,30.26,30.19,30.12,15,11,7,14,8,,0.00,8,Rain,30
1989-12-18,39,36,32,37,29,19,97,78,56,30.15,30.07,30.00,15,8,3,9,5,,0.00,8,Fog-Rain,84
1989-12-19,45,39,32,37,29,22,97,73,45,30.31,30.20,30.06,20,12,3,17,12,22,0.02,6,Fog-Rain,21
1989-12-20,50,39,28,32,27,23,88,68,43,30.32,30.24,30.14,20,12,6,9,7,,0.00,1,,45
1989-12-21,41,32,23,32,23,4,92,68,44,30.61,30.38,30.17,10,8,7,23,12,34,0.00,4,,29
1989-12-22,23,18,12,7,-3,-10,70,42,31,30.96,30.81,30.63,20,13,7,23,19,36,0.00,5,Rain,2
1989-12-23,28,16,5,-2,-8,-13,52,36,19,31.02,30.89,30.70,20,20,20,16,11,23,0.00,0,,10
1989-12-24,46,30,14,9,2,-4,52,35,20,30.70,30.51,30.38,20,20,20,15,6,,0.00,0,,192
1989-12-25,66,47,28,34,24,11,61,44,25,30.40,30.32,30.24,20,20,20,12,6,,0.00,0,,273
1989-12-26,73,58,44,31,28,25,60,38,17,30.29,30.20,30.09,20,20,20,15,8,,0.00,0,,250
1989-12-27,71,55,39,41,33,27,70,48,25,30.19,30.13,30.09,20,20,20,8,5,,0.00,4,,184
1989-12-28,64,53,42,60,49,37,100,83,69,30.13,30.01,29.93,20,9,0,13,2,,0.03,7,Fog-Rain,166
1989-12-29,69,63,57,61,58,57,100,89,68,29.95,29.90,29.84,10,6,0,9,7,,0.00,8,Fog,177
1989-12-30,64,54,45,63,45,37,97,85,68,29.99,29.93,29.86,10,5,2,16,8,21,0.03,8,Fog-Rain,8
1989-12-31,57,50,42,37,32,27,76,57,31,30.32,30.16,30.01,15,13,10,18,14,25,0.00,6,,353
